278.1041234677708 22.650543817376633 40
271.1297802003409 15.544224442371302 40
273.8208848867984 9.188232953658076 40
280.5857159217161 2.831257794347551 40
273.00160928589327 -3.5737868308667955 40
270.9607808806544 -10.128066179977687 40
275.7189410970264 -16.712753972176316 40
269.0590740260719 21.913858268975233 95
273.2470141177387 15.740370889541321 95
263.7692085279215 9.066987236886792 95
259.0603473755523 2.7553661568256222 95
258.30378119117773 -3.3109284710161844 95
258.7021711776518 -9.457920118554581 95
262.1610342430946 -15.603933785778727 95
274.85898360417275 -22.763548319211658 95
270.36363716059157 -28.863709070318443 95
