274.35460463230766 20.237611446268783 40
271.6363852919266 13.56741723895862 40
275.980395992627 7.226801004096048 40
277.29851516989044 0.9074605082610683 40
271.840056859648 -5.709070549866558 40
271.9843608562859 -12.023724447843511 40
274.2401454197751 21.733675256169064 95
273.5552826856852 15.159417526899384 95
264.29270389270533 8.363449891210044 95
261.7156474335802 2.2125807153502186 95
261.57163503824347 -3.852238754279056 95
262.55578076875963 -10.10071704915178 95
268.21478612493803 -16.55155971362695 95
272.4422038463236 -23.16195562465018 95
276.83606433140136 -29.93653262320499 95
