272.96007830792934 21.107967100815152 40
268.5448431292871 14.294154527869072 40
272.752233084915 8.184434750928009 40
270.51007152291515 -4.647978557108759 40
268.85289879130187 -10.930436245365312 40
273.90674707602506 -17.65274854606027 40
273.77589056609156 25.38236089774641 95
275.35261697296795 19.254530665222546 95
267.84699028134685 12.20677771666606 95
263.3873060342021 5.747131462353611 95
262.04984409182237 -0.2858521498587781 95
261.52121097092703 -6.419985381592904 95
264.71979362817405 -12.715403511368972 95
271.20626785733583 -19.4105712150622 95
272.7135255200436 -25.733997424195547 95
