272.6282757253488 20.857945728743182 40
269.1018378115629 14.176618476889354 40
272.90659137876435 8.040087501025972 40
274.3209197281968 1.4962033538940136 40
269.9549322290063 -4.933007726794104 40
267.9665771217065 -11.187204551474228 40
275.98283169471677 -18.08887046682723 40
272.29223690955325 23.448405463735444 95
276.963762042176 17.243100517161476 95
267.52710335420045 10.2919675432317 95
262.47047354306204 3.9370697327784017 95
261.71503431397025 -2.2839525033126655 95
261.96430671699716 -8.432793504115262 95
265.0183808991623 -14.686334143908041 95
277.59757908309837 -21.771233019811508 95
273.8616816864336 -28.10461356927963 95
