271.7966507695734 18.856912007074648 40
269.042392256975 12.334779837678115 40
274.60632581222274 6.141778969596829 40
273.69983716058687 -0.2985603259516334 40
268.56360387692314 -6.8127213827592765 40
269.76043428624746 -13.031259290459037 40
273.6720892207064 25.146932349169656 95
275.30892774610874 18.79885111616859 95
267.0641662659563 11.806215382993447 95
262.89202997883206 5.521147852472042 95
260.8992141789259 -0.6403442972066375 95
261.55846152467706 -6.920527786522068 95
265.14807958525995 -13.170858637487001 95
273.83337992985406 -19.823787130419653 95
272.2408602534234 -26.213813314281253 95
