274.1830640593612 21.50344177149883 40
268.86248287321064 14.899359994728508 40
272.8134386972257 8.633085554716976 40
275.8663727800604 2.1817410874714755 40
271.1149030760695 -4.362548573192035 40
269.9446064511991 -10.532423648298051 40
275.3325116406278 -17.29230056017868 40
272.14596790326055 24.258457885807303 95
275.48881604545136 17.981041651568994 95
267.2921645953935 11.159048835321126 95
262.0575470416817 4.717206641307746 95
261.2714927326021 -1.3537763027319663 95
261.3698443698819 -7.414855296210163 95
264.99012437975296 -13.815081657488443 95
275.7976089355531 -20.722198976742373 95
272.18302274484586 -26.80768788013477 95
