274.4689214122354 21.375246871186114 40
269.40280268858055 14.634544869511094 40
273.02031536768254 8.416049936351985 40
276.79193053337207 2.1135731851369632 40
272.1373415294276 -4.527468420173631 40
270.4134504432357 -10.698431865638563 40
276.44100196951774 -17.588986044940096 40
273.8793598449117 21.855405531386772 95
275.8641210492459 15.513758981208152 95
264.2881030280121 8.507597948591528 95
261.33941691596465 2.3519494092369757 95
260.2967732849034 -3.8334635080578616 95
262.23376238697284 -10.01671050658202 95
266.3772243288357 -16.29232898836492 95
272.9530220419782 -23.055441508488606 95
272.4535223052812 -29.53778399686818 95
