278.5153066249504 22.836954166653843 40
270.4388119146935 15.800601576176112 40
272.23664368624054 9.432382225658147 40
280.15833098841694 3.056174534383266 40
273.2784962406423 -3.4283366890165006 40
271.04661834845905 -9.835207515084651 40
274.53017452184304 -16.49041849094197 40
274.20635754410836 21.20434171089985 95
274.3536028829985 14.753409271011364 95
264.70585479326655 7.9429883020236005 95
261.4693996406282 1.7113376550146775 95
259.789050290745 -4.322033552940433 95
261.0622218038146 -10.54238928592132 95
267.30481892064444 -17.080874737597043 95
272.1235257908849 -23.658174298486845 95
274.81527720565146 -30.47644031675863 95
