280.3740658476418 24.298432563896284 40
272.4179190573868 17.0346669014406 40
271.5712504246751 10.521718860452463 40
278.91629982750123 4.3359186495412 40
275.36515966003304 -2.32797560221685 40
270.7644643454056 -8.56824648020749 40
273.2765638711671 -15.218726581679329 40
272.0312179926564 24.696941863960483 95
275.0447686673593 18.6301061113142 95
267.7980543836811 11.619146625934771 95
262.17445363540946 5.148445005488279 95
261.02335966275587 -0.9253839028196025 95
260.9779259469243 -7.1188337135857385 95
264.24198935504444 -13.270331069290188 95
269.542678178833 -19.882662426900005 95
271.5081784326732 -26.51695767186866 95
