279.57840812159395 23.922243042729864 40
271.25899525204215 16.739418145579656 40
272.2542827067918 10.325117326707755 40
279.06745440307543 4.262146523455089 40
274.66387733458043 -2.471864182062973 40
270.75975081890317 -8.715924304710951 40
273.07271590202197 -15.282075444571953 40
274.7385826161033 21.773176665213022 95
276.5130956373096 15.550255337841595 95
264.69020969642065 8.448284788337933 95
261.21505335243813 2.2795892355624368 95
259.59472536509656 -3.9647430711316707 95
261.73412675319753 -9.997625605169738 95
265.6491357483747 -16.320513966833023 95
272.97752802962833 -23.35743598585865 95
272.4373714196082 -29.68637994054611 95
