279.7299437778086 23.013347845631575 40
270.49302647607055 15.72975294833935 40
272.85607192316525 9.602845393969119 40
280.0816273528962 3.208117727482562 40
273.2803254609838 -3.279285888535611 40
271.1242418186284 -9.763989874734243 40
274.9633769909963 -16.365934550377553 40
273.30761066993534 19.111529894047074 95
269.1071293173432 12.558381686297128 95
263.8524191052562 6.1892291365108765 95
261.14999028920425 -0.07121761392996631 95
260.87486079533903 -6.261749357206266 95
262.21128365863444 -12.308237976702973 95
268.14009332239914 -18.82366470842204 95
271.51883270038843 -25.62126292785902 95
