276.1282286225347 21.959083719071444 40
269.58228807166654 15.012992974254256 40
273.48573068321764 8.729016993142022 40
273.11927561252344 -4.096802276224154 40
271.1744053515591 -10.43228197607499 40
275.6116810686843 -17.23437722964966 40
271.7876876351214 23.479626273722648 95
275.18280660484675 17.282898312479805 95
267.26591282144835 10.573905083646455 95
261.69338079352127 4.068178198784475 95
260.64240134943435 -1.9902559635355068 95
261.14652378514677 -8.19260275698641 95
264.54809664956053 -14.58790797526479 95
274.61262600867093 -21.461783165008107 95
271.6710225960474 -27.65521843374062 95
