273.31281236827465 19.036996095611055 40
271.13678858782947 12.504899011134478 40
275.8776006327478 6.320757005148007 40
276.6499074155712 -0.22633372677476588 40
270.7434325733995 -6.646378214717221 40
271.65822129039026 -13.122935279172845 40
271.93713101175365 23.492536625412423 95
275.8315284265646 17.323641385842844 95
267.3965452020762 10.433005990318554 95
261.8205466561935 3.9273207982022753 95
260.69068406126416 -2.203915531537141 95
261.01708019341174 -8.331047191444345 95
265.02635163288704 -14.54178686273811 95
273.9895260222653 -21.413086071241437 95
271.89486578961737 -27.6780049361574 95
