272.3655930979768 17.851784123367793 40
271.26370502812574 11.324854719332375 40
278.103571849993 5.0819114785472 40
274.59549699191257 -1.5725876015451001 40
271.10954008077243 -7.913147426407164 40
272.65082872636754 -14.289024453229814 40
272.4859225204504 22.641834139024475 95
276.51063868762384 16.458028210035856 95
266.0327315393713 9.435345764771732 95
261.5070191616435 3.0666845602095716 95
261.5836481942172 -2.9248927166687912 95
261.89036622035405 -9.14541311088987 95
264.77768203401297 -15.397393340923937 95
276.4718088036437 -22.365812344770696 95
273.94105607919084 -28.792365207075413 95
