279.7429851609435 24.62809124240396 40
271.7659645043684 17.44036014566116 40
272.17212648429154 11.139729126814993 40
278.1839388263281 4.7798330587747095 40
273.34364724356294 -1.8636017779048797 40
270.0739762440798 -8.251506269294989 40
272.8308030853767 -14.671520466140754 40
272.6721103044365 22.208126600981412 95
277.1904766890396 15.96753371385206 95
264.87348570135674 8.960312350201551 95
262.03592941149503 2.715547358082133 95
261.7784957547675 -3.355467235894578 95
262.24980114454956 -9.587618298837995 95
265.1557343010833 -15.782179578666993 95
276.6964117685035 -22.991698815763407 95
272.41100906388033 -29.2325634489778 95
