276.2291658586059 22.573666717190456 40
269.61950221636744 15.678955628428676 40
272.71392546009884 9.374459192062877 40
279.2833830465418 3.046629954328081 40
272.7766285621891 -3.5708416718619844 40
269.89469389011805 -9.86710874367308 40
274.5256672495381 -16.565284368095412 40
275.27709830473543 20.305658667598347 95
274.8286475319828 13.80199698381171 95
265.2590711822641 6.946053233495498 95
262.37359508727013 0.8586186471391214 95
262.6950440267872 -5.373671348747157 95
263.79868290868956 -11.517699233817353 95
268.1205224290129 -18.014191000241492 95
272.23039882223185 -24.71502492591491 95
275.8652257286045 -31.43087230265951 95
