272.4406067920589 18.602994269062503 40
270.8854341457554 11.975143743003642 40
275.38927422578166 5.783609720340837 40
275.02417163495244 -0.6750122282098319 40
269.7844370905469 -6.990931893300363 40
272.0682271329465 -13.440230084914168 40
271.6011861640716 23.314280479339907 95
276.26041397722906 17.27494339006701 95
268.3986307205142 10.398799322665337 95
262.647563563024 3.7964429940753646 95
261.5150419293574 -2.2822071962122514 95
261.38960440352037 -8.41429348021186 95
266.5120453464059 -14.842011665380602 95
275.79718037726985 -21.705708833108364 95
273.7449854405055 -28.017201344485027 95
