271.98181233329217 18.348126877090923 40
271.1698821529216 11.765442540363546 40
275.54388322486875 5.561332336760488 40
274.59799866003345 -1.0483949180833763 40
270.3744307976419 -7.375147174881063 40
271.9747444106764 -13.80739033080658 40
275.13439598414 21.20062844451692 95
275.68872728531124 14.59901615881312 95
264.9100609107482 7.8045021150412905 95
261.5952918901189 1.5694779143028232 95
261.68388262871156 -4.639094455031119 95
261.9527465083456 -10.793017267400895 95
268.1639282922505 -17.356070634471198 95
272.57072666131273 -23.996657940720148 95
275.2542004205795 -30.6011053857121 95
