272.62034920179616 18.167163402433356 40
271.5976861382817 11.709798646067025 40
276.0982377711468 5.346550258558337 40
273.62239528721096 -1.1939105030399242 40
270.17044543287057 -7.517049926953513 40
271.6925345362812 -13.941634669279082 40
275.23410198209 18.793741807114067 95
268.3878734400044 11.864733050186649 95
263.86529397590607 5.613578182288773 95
261.02421380243055 -0.6406510930518884 95
261.51221396160093 -6.776573536961233 95
264.25630782548353 -12.982079935176259 95
269.245386676613 -19.491645732496544 95
272.17334216630866 -26.13240209053634 95
