272.1962897328209 18.138904478666912 40
271.394670670871 11.775195601325821 40
276.3202360299578 5.501616612269398 40
274.32270484462146 -1.1221549495012826 40
270.5243750239831 -7.379237283306447 40
271.5389216397773 -14.00799895441476 40
274.93200524944075 21.863954114512183 95
276.92888962084464 15.725161950392012 95
264.88545719695793 8.59913894285724 95
261.9650247947363 2.2861341371842023 95
260.8727489619986 -3.770788910835022 95
262.1892220535361 -9.871801454725157 95
265.05469572092676 -16.21143967348167 95
273.34529596559975 -23.163652528880004 95
272.52808539294 -29.545867681596356 95
