279.75637609161447 24.475511457111082 40
271.5009912845029 17.27467022933551 40
271.209888823084 10.80401913967341 40
277.3878633095602 4.539153396477856 40
273.2186501486098 -1.8627495729558738 40
270.06943557525744 -8.39880753808878 40
272.7478708465003 -14.81625623093771 40
273.64628034587565 19.285198413976588 95
269.574711225808 12.727556423847735 95
264.10235035381663 6.195091814485694 95
261.0749611679732 -0.14239431620594606 95
261.3264320748359 -6.201282047785877 95
262.9071384701534 -12.412757205212717 95
267.94058432439135 -18.809659005513957 95
272.0375301152643 -25.44568399133105 95
