279.76023829609176 23.553589291527516 40
270.12472525352973 16.447596532778828 40
272.2681083045919 9.953878653018698 40
278.9230210831991 3.879537320515459 40
272.78611298447663 -2.7525556888729836 40
269.84564150312735 -9.128513666839403 40
272.7021981468218 -15.634373217099343 40
272.4657403561073 23.76279302182993 95
275.52263904872365 17.45511376722411 95
268.2401506567635 10.612449087596437 95
261.7637770272955 4.35488649729784 95
260.5189453013691 -1.776165550349976 95
262.2548012259338 -7.9410237970896045 95
265.0420565795082 -14.252679365816679 95
274.86597437249486 -21.104543521691888 95
271.9671658668252 -27.46057520094535 95
