273.0463302145923 20.96482903206789 40
269.6971222370024 14.281732460713195 40
274.13542419528073 7.926645020025752 40
276.22089146786175 1.5065661949420455 40
271.6546484689667 -4.964067405074297 40
269.83994525035376 -11.265414874121369 40
278.5123400710795 -18.1021111512265 40
275.0695608335935 22.025875755892198 95
276.4339641489447 15.6214304690684 95
264.36306419933516 8.510010995186535 95
261.26505144859135 2.2800255623388703 95
260.79671907052693 -3.840826349713178 95
261.9089992250189 -10.004305320664368 95
266.77647824820446 -16.31674840417945 95
272.5232423096383 -23.093990582880245 95
272.52808539294 -29.545867681596356 95
