274.0055529724701 20.21186384900841 40
270.3416760212458 13.42884324965369 40
273.60620984581 7.16463075186576 40
276.8735174455947 0.9060697014965289 40
271.24173252163433 -5.622502882363006 40
270.3609463975477 -11.95195749751233 40
281.72945153693865 -19.082891858828 40
272.6649840419253 23.78016983573968 95
275.667565953177 17.53977498290094 95
268.1843627370914 10.756745943832394 95
261.43999840990267 4.27818377703499 95
259.7418770443885 -2.054217480638836 95
261.6007396654099 -8.064033203703747 95
264.63483240378457 -14.375538376730955 95
275.2415818339371 -21.435420559254382 95
271.83530282793623 -27.522150378271913 95
