272.2588925923459 19.411282914570123 40
270.3772922068605 12.691551673691999 40
275.4474567613587 6.536374277796743 40
275.5249897546736 0.07513778696919629 40
271.15041156322104 -6.360419333333516 40
270.6450202855714 -12.852061882151208 40
275.03752025430697 19.45862475514895 95
269.30347456902035 12.641146508644002 95
262.7510310255116 6.235087812583986 95
260.9 -0.0 95
261.07650243436643 -6.19535121185714 95
262.3759270046168 -12.531103441755624 95
267.85547239563977 -18.9505021756329 95
271.2380587729547 -25.66939759868135 95
