281.9513298750684 24.047831641966997 40
271.74672129431303 16.546358082398086 40
273.38129175148606 10.293198982282394 40
280.7978397407757 3.905614153195016 40
273.6868101121681 -2.687000302576973 40
271.3472771120203 -9.105229480494065 40
274.0293000493572 -15.635483345882975 40
272.5226053549869 22.195949980346377 95
275.5550869647592 16.099523994330063 95
264.0940166846766 9.078152419615567 95
262.1601720474203 2.788335895654174 95
260.9276437804371 -3.415729964343871 95
262.3299427843345 -9.447281025131076 95
264.87691081361424 -15.838074940997775 95
272.5668310940582 -22.5737145224958 95
275.4348197627211 -29.405102657146852 95
