274.6241357576506 19.278850052933684 40
272.160700196202 12.552122080072666 40
277.7967953817713 6.592124135533991 40
276.5749074406709 -0.22627236749750815 40
271.6199773141806 -6.593779177683075 40
272.64276909742284 -12.946928550408037 40
272.25199850752324 20.53046355198939 95
271.072138944182 13.835682607884092 95
262.72132420852614 7.381492472291858 95
260.57281988476166 1.065909144137415 95
260.35390103885334 -4.899613643030001 95
263.36454445149167 -11.138973285643205 95
267.6612131092794 -17.76337515420149 95
270.2219912899597 -24.16123803303407 95
276.628277304177 -31.135780393678242 95
