279.1506064106361 23.042329321796778 40
271.03779045714015 15.835597371472875 40
274.8574622009268 9.598234080604595 40
282.280590801384 3.3102955791892064 40
274.3802462733039 -3.2924846242753696 40
271.4793069972585 -9.628518696470454 40
276.58998535042946 -16.387056747604557 40
270.577187962012 24.11862049475547 95
274.79030234000237 17.935449949473806 95
266.76762151937226 11.137149944979035 95
261.48391404899724 4.635549440641972 95
260.24573230934175 -1.4904075866805742 95
260.8389141269336 -7.613368313837988 95
264.01268325074045 -13.836318431728188 95
274.93868973095147 -20.808472169470026 95
272.36002051014276 -27.050124356731196 95
