280.21507497801736 23.51492621855555 40
271.8394751736103 16.25439516980297 40
273.3950727797204 9.920423618543998 40
281.82782351051964 3.535589812660966 40
273.68289186069285 -3.060180185596347 40
271.48964856156056 -9.332375041773922 40
276.2582865901112 -16.065015259750055 40
269.7705541608791 23.00892452358865 95
273.5999188173021 16.958774960641875 95
265.6840059264756 10.075942628880474 95
261.1216838311823 3.8456121967869725 95
260.56444829874687 -2.344975004062154 95
261.3396302893049 -8.412684782482492 95
264.61498480071634 -14.736364677784232 95
275.79125080805807 -21.78092003857531 95
273.8272280914209 -27.9501637878732 95
