281.36003405360015 23.920114179429845 40
271.82158265004153 16.550916307764634 40
273.72822312518974 10.381015833064541 40
281.3967038808405 3.9906979337659507 40
273.33608498646146 -2.758105196313095 40
271.5446696162952 -9.185989493630826 40
275.70158013891967 -15.730899812243404 40
271.87534962092656 22.441797354466974 95
276.02044121607395 16.27777720955363 95
264.08139277170835 9.438246222402833 95
261.0062091235028 3.131999996541829 95
262.5319486889953 -3.0787038764268844 95
261.76792546812976 -9.069664884198646 95
264.89826039706134 -15.476890469687323 95
276.5094040069754 -22.520659863939322 95
272.2006427622964 -28.609440396356785 95
