273.04401807638004 17.82147069423405 40
273.11519417862587 11.327542044569409 40
279.62548875975926 5.262286657503642 40
275.44630245218735 -1.427222974213458 40
271.3865730866681 -7.847161797400075 40
274.7229850109833 -14.397621562434097 40
272.51901005434814 21.29816092995086 95
275.8059935724659 15.20869930351996 95
263.6497663778527 8.127195943478025 95
261.0173904171728 1.9931193665147358 95
260.74349556378075 -4.053411671746664 95
261.2762020056535 -10.194208674583862 95
265.55632098623994 -16.605601743179513 95
273.5874433053908 -23.559941969783267 95
275.088445608428 -30.051168325689975 95
