274.42940141655856 20.243128788538368 40
271.3043585340243 13.699180283564846 40
276.4782400007168 7.3152874930533995 40
277.1487530049799 0.8313890693630963 40
272.1149962330809 -5.714844710957981 40
272.2590925339185 -12.035869624053687 40
274.3017144503498 19.93288926871315 95
273.09564761289926 13.416328852974402 95
263.64018772544784 6.6878278305167 95
261.34937803335094 0.5701767976944742 95
261.08939726749156 -5.625756348968481 95
263.13339077484966 -11.84815003830817 95
268.30024784969123 -18.320279168021884 95
272.2032769525338 -25.011967461640715 95
276.0866087766774 -31.913791363513656 95
