279.46686339507215 23.759164318638927 40
271.0729690927569 16.505334054094618 40
274.28346056506587 10.252262455281485 40
280.520696517013 4.054790452033027 40
272.9375668640697 -2.605205235963773 40
270.27778808452547 -8.92176513568531 40
275.00271681790844 -15.691024274063519 40
273.8164738028961 21.700099058481538 95
275.939002732484 15.517970099281294 95
263.9655787060311 8.425156282827798 95
261.14005620820836 2.27893474539873 95
261.49558321275924 -3.9224463309128277 95
261.7368434500879 -9.926248323720573 95
264.4014881072495 -16.243863046455612 95
274.6220785790607 -23.196421209234423 95
272.3708961128559 -29.603979051469548 95
