275.8864667176022 22.469923944628018 40
269.8319114191186 15.469815929898033 40
274.7928115973513 9.295869750731928 40
272.4246729339097 -3.7148454681639707 40
270.6414848061398 -9.968316153093422 40
275.6440785010185 -16.708216162246835 40
271.10879512761665 23.495464018656335 95
273.3068023660678 17.239903724648375 95
266.52503640703327 10.326209044445955 95
261.62056915254163 3.924321126024902 95
259.74130718504495 -2.125051012123742 95
260.6945050309723 -8.249586150610584 95
264.62695240277253 -14.519872142025283 95
274.1141460195464 -21.422825489994953 95
272.026764461518 -27.61648133991388 95
