278.8819094423607 23.55623507233104 40
270.5239858174149 16.471907068069694 40
272.96215742623406 10.12833220307265 40
280.5739153064968 3.825970410593444 40
272.58612316557304 -2.750537686169207 40
270.52025560688514 -9.15133495100682 40
273.8752718529265 -15.701627064912708 40
274.49207488799436 21.075835064919985 95
273.52979315641625 14.709108770015684 95
263.6627115303005 7.695789335055492 95
261.4698566128982 1.640032874812108 95
260.8614956951712 -4.4821940696689175 95
261.9585942232075 -10.650142609416914 95
267.4498429713421 -17.16337655021446 95
272.02284580370207 -23.94842345239735 95
275.26253534215255 -30.526040310040703 95
