279.5597397910411 24.99614996285205 40
271.80701324263885 17.96406279536831 40
272.00994525843095 11.430318477864223 40
278.6020896637679 5.167023803102859 40
272.72094352637373 -1.487476750901398 40
269.6893998640517 -7.72448062769422 40
272.858313212251 -14.150672632957406 40
273.60025256660623 23.410719670468822 95
276.46941180991405 17.13663716953149 95
264.43215917558416 10.100684072799579 95
261.4966431703999 3.8511343280308608 95
259.7401095159185 -2.266717595703477 95
261.67126562798364 -8.209064785298942 95
264.701839758419 -14.523981152158816 95
276.56979131091305 -21.766514632297344 95
273.6780034439597 -27.9349320909859 95
