272.4262365711837 19.87128902868234 40
270.0207239551838 13.339082978915945 40
275.28644115990215 6.983261309426825 40
275.6741696771767 0.6766075666171233 40
270.8387160673409 -5.761933615921972 40
270.82559695923214 -12.194508258866076 40
274.4335788439849 21.824316779279307 95
274.16680289584843 15.418306971551635 95
264.360733623603 8.582104519896234 95
261.01443007648624 2.3490246586797636 95
260.79671907052693 -3.840826349713178 95
262.2364842698838 -9.945196969944503 95
266.70161813832283 -16.312169763714245 95
271.43967555424894 -22.853064017852738 95
274.69852603615084 -29.705383242203368 95
