272.73683021130535 20.4174299628917 40
270.5977564591548 13.811469844731533 40
274.0189560791255 7.624128429289821 40
276.57268601987124 1.1313588085620956 40
271.7240578318067 -5.26184572340995 40
270.97326622348885 -11.68287709317449 40
282.8879377308602 -18.618933545747957 40
271.74237092764884 23.99841333547103 95
275.3640814551926 17.97290027619548 95
267.04541256298603 11.075795865967478 95
261.2339533243543 4.631118172655507 95
261.14571755075735 -1.4955617339514438 95
260.96177399216515 -7.688181830712741 95
264.4159042119807 -13.78514507579229 95
275.1630480778168 -20.825452516693474 95
273.6711109147144 -27.25570904794256 95
