280.5367237753657 24.158378223385565 40
271.25899525204215 16.739418145579656 40
272.53189360476665 10.26121791992355 40
279.7173786071672 4.272072697731538 40
273.2145964292082 -2.3843076615414707 40
270.75975081890317 -8.715924304710951 40
273.4221691033591 -15.301632031063695 40
273.8561264104129 23.056509980566336 95
276.4380329199633 16.832006872066625 95
264.8454149755273 9.754834260033984 95
261.5025945187922 3.4232564817950566 95
261.0602342606284 -2.7766369560690447 95
261.12802883036136 -8.762316141863364 95
264.5197670027404 -15.092891201354012 95
275.8420881379821 -22.087734982965465 95
273.7142605547231 -28.31579407294011 95
