275.0067692102591 21.86989971479713 40
270.60570231342007 15.06998674387842 40
273.83555254064703 8.74018247856045 40
277.06509891167923 2.342347126584908 40
272.5693374774808 -4.088553177736615 40
270.3471688065343 -10.47429321201483 40
276.69398082672717 -17.150556820661905 40
274.6300924844092 21.237109078329 95
274.7030979185182 14.772203422948994 95
264.70585479326655 7.9429883020236005 95
262.0439098597976 1.786562450702256 95
260.6627369108542 -4.407673552204452 95
262.66380161890055 -10.535318889661138 95
267.7881449705652 -16.96511238464292 95
272.4850900594051 -23.53987458160939 95
276.0577648074423 -30.385623484122807 95
