279.27478307962315 23.35932438726428 40
270.27168023348065 16.086682808185657 40
273.2478651649777 9.840467863985731 40
281.0278864560282 3.525554432667964 40
273.1320832254323 -3.1285160916174832 40
270.77974684670414 -9.603707494233932 40
275.4009440101414 -16.165879602512717 40
274.6990659238174 21.317804895960215 95
274.8447792440022 14.93016484556332 95
265.2306185948958 7.95873480956038 95
261.51939856971137 1.711664901911576 95
260.8650753806047 -4.26877578134945 95
262.0114481389543 -10.580721578798972 95
267.5090634582283 -17.02067765106898 95
272.59674078173487 -23.699315183684853 95
275.9749206286183 -30.45267942280006 95
