272.6599965854542 18.692679369745406 40
271.706343425137 12.085676130920923 40
277.7371551255345 5.908693829837703 40
275.373976025757 -0.7509678860102377 40
271.1301117027729 -7.173782338618909 40
272.61387446198967 -13.54171151747639 40
272.04234752374407 23.72586729227134 95
273.7714002356966 17.41912850822414 95
267.11313817677416 10.640819440041394 95
262.0649147460962 4.288409859301455 95
259.94346569367997 -1.84313405877452 95
261.92995011436284 -7.931187369328519 95
265.0420565795082 -14.252679365816679 95
275.9876728259965 -21.190668892007817 95
273.90730112726175 -27.656471018182334 95
