275.4027856108402 21.296861336581284 40
270.35937390563 14.538618963153187 40
275.0466558584925 8.40343537251302 40
277.29355544408276 1.890531454220263 40
272.48604670744356 -4.607599673243551 40
271.3538336479608 -10.95799204027885 40
280.8619349607428 -17.793372786166422 40
274.72666632668853 21.923020070791956 95
275.7185758550032 15.43014674229785 95
264.9580621399845 8.673828856052749 95
261.3900466889744 2.2811163792746685 95
261.44768890317584 -3.779099388504901 95
263.21078386848586 -9.98214683007745 95
265.8576279770075 -16.18777768685619 95
273.85612641041286 -23.05650998056694 95
273.0748813691046 -29.605148036269775 95
