279.79209444115844 23.172103664317305 40
271.43277454048916 15.93295029967696 40
273.45570068666274 9.623948616151164 40
280.57979994274444 3.3668774984389573 40
272.85623880597825 -3.1997765007813803 40
270.4601425620428 -9.444676295113911 40
274.9766743184176 -16.14097521164374 40
271.76838745574435 23.70197417314506 95
275.7376198162182 17.61973376889373 95
266.78548752162226 10.700637731011273 95
261.04120715686827 4.200451295395299 95
260.64394239632225 -1.7770177552990138 95
260.95104826878173 -8.044005993529911 95
264.9211120579163 -14.173721670646511 95
275.6769670427996 -21.31806375080026 95
273.44972164421324 -27.45961321108329 95
