275.15164862857915 20.975527573220194 40
271.13178356549054 14.135272922585765 40
275.26211448318475 7.884095080991074 40
277.4212759404541 1.4374562846992487 40
272.12681649481533 -5.12116875303871 40
270.9858490457959 -11.387284220968802 40
281.0968586763146 -18.424061504131377 40
273.59053778709074 25.214680909550673 95
275.22896654962375 18.868799565051887 95
267.7819622850717 11.984288662929899 95
263.3404127432174 5.602411644272787 95
260.8995246266634 -0.49804576202343015 95
260.9873901377101 -6.762973762088619 95
263.6141148006875 -12.806408663241658 95
269.77433216947026 -19.455984362563836 95
272.2622152680441 -25.991078033379257 95
