272.68523129537346 18.320879711102744 40
272.4750675177607 11.673183207324445 40
278.31831818839925 5.6173290611252416 40
275.9479888209622 -1.053549081008946 40
271.7468879502864 -7.486747580523949 40
273.2654650339641 -14.02234804771767 40
275.64816409859253 20.03073273935322 95
273.92695267249616 13.307407694966795 95
264.6166948968669 6.640390188721194 95
262.09975634700515 0.35738332437590553 95
262.0360582981515 -5.789140831569243 95
263.45481695010676 -11.934615653037893 95
267.8112999446904 -18.50702898725391 95
272.4273330612381 -25.0325553258401 95
