273.41487681285156 19.718538546586053 40
271.3871066079611 13.035657519249275 40
276.3629969937244 6.935156281345316 40
277.1497423562475 0.37790457212056633 40
272.0586126073425 -6.010568289932609 40
271.68620457280986 -12.530238218857438 40
273.5615806281063 23.858365498334397 95
276.01206008205054 17.637270601272924 95
268.6530638762846 10.922311792149973 95
262.19105830397314 4.218953714198567 95
261.84341793379537 -1.856605706061097 95
261.72787076059325 -7.996509683992988 95
265.16687623505095 -14.259391562937367 95
275.9876728259965 -21.190668892007817 95
274.3029694860174 -27.469738916724502 95
