274.9790506705393 21.264093969152693 40
270.43426569895564 14.542646281425778 40
274.97623205372463 8.251169949538646 40
277.7935438238954 1.8939402740107014 40
272.48349312249553 -4.756217064321281 40
271.3508352290172 -11.031991910564617 40
277.72869887658396 -17.823013783301597 40
275.13226409967734 22.181926796051865 95
277.7026431655266 15.769098860753676 95
265.53275427778345 8.692642328675413 95
261.91306906346017 2.4999757517108065 95
261.0477306832264 -3.7733181866509278 95
262.64425782738414 -9.745483841378626 95
265.98239690322157 -16.195374729135104 95
273.50736030746134 -23.027146645742214 95
273.0003182814458 -29.597064351541682 95
