281.01227291536594 23.581825012918213 40
272.17993388698414 16.423739351223933 40
272.2708126796485 9.879628675398585 40
280.07600315347935 3.6663957195346164 40
273.28532535074066 -2.8321278113477524 40
270.5901798197774 -9.30145607421405 40
274.84003821183074 -15.90733779484882 40
275.063733031414 20.13908565012343 95
275.03588818454074 13.662021649112068 95
265.3877791437567 6.804579791920979 95
261.7988220700117 0.7853424440066583 95
261.7922724851005 -5.498051208099704 95
262.9400113594855 -11.695743938444158 95
267.831328641702 -18.21488122444467 95
273.8849349754371 -25.01585534217449 95
