276.46569919404067 22.441207502053164 40
269.9858765492209 15.40477487498118 40
274.1756650320327 9.050432544501515 40
272.2986618264284 -3.787399178381335 40
270.9135671911113 -10.05231872690133 40
275.98427176364623 -16.87992118138799 40
274.4783212232659 22.204544657742503 95
276.8366966804964 16.022901454818307 95
264.6211775448411 9.024024588934774 95
261.71094686213905 2.712179478321422 95
260.87764806405846 -3.4150754845637485 95
261.9223970006064 -9.647173132930229 95
264.9930061378825 -15.990069512299513 95
273.2956619432173 -22.8592139632731 95
273.00660133478704 -29.07057150502289 95
