272.6545327291846 17.646710946519 40
272.92149907923726 11.17040018718615 40
278.6838650350195 4.788422928590974 40
274.89505252520524 -1.6492717073429914 40
270.50544885967884 -8.043181101012069 40
272.91365855622996 -14.526698642620634 40
272.20568849296853 22.693295310927525 95
276.4426128584359 16.75661946816618 95
264.5259097680417 9.598596844845424 95
261.25353887825395 3.348738357747353 95
260.76099787171387 -2.702334906710271 95
261.6978768392659 -8.924335147247636 95
265.95909594799264 -15.320550986385848 95
273.3191656429305 -21.96073068575611 95
272.84558713278017 -28.451558958490743 95
