280.8252199494819 24.877730308955492 40
272.1603701477692 17.540198004278135 40
272.2251129822175 11.067536393385117 40
279.55471252519726 5.03216702369204 40
274.32006287368836 -1.6458219756919568 40
271.30509545215085 -8.066957710271659 40
273.2342227171027 -14.618486966191806 40
274.84215101341823 20.424299897852045 95
274.8959823704716 13.955693339041892 95
265.1302878813765 7.087388301654116 95
261.6488227449143 0.784892476982809 95
261.5467338593094 -5.278826339970781 95
262.94949192034494 -11.480622754556284 95
268.2799758134612 -17.87792500623791 95
271.96324826568195 -24.61599516125759 95
276.12986779049555 -31.537307098156685 95
