275.21803566540626 21.735649736669306 40
270.53899523381176 14.918262562362475 40
273.4881009838007 8.654435006078645 40
272.84318029465857 -4.16708431597322 40
270.4663193844577 -10.626650630586422 40
276.1107063829495 -17.265581968432144 40
273.0858535772065 20.443558301052583 95
271.4216839331493 13.853523591259577 95
264.27669892643155 7.2088160989353 95
261.2228144465005 1.0685680367565558 95
261.0218407581009 -5.268232365092674 95
262.5061321788984 -11.317820835953597 95
268.28968680475225 -17.73159832637584 95
270.6071643011491 -24.344457868083268 95
276.8014385192249 -31.38461818610732 95
