275.898681124285 22.3194478847504 40
269.9858765492209 15.40477487498118 40
273.42110989289483 9.174818250925252 40
272.77257108889864 -3.8683926315391455 40
270.63600767841865 -10.115926694421557 40
275.3604375146325 -16.84176584417898 40
275.09631730435177 19.68898691104777 95
268.6188109630401 12.82926427362472 95
262.99751760002965 6.384462484978631 95
260.52491281200685 0.21314149343440084 95
260.6316016849333 -5.9714489988854496 95
262.55248567158964 -11.965487565064342 95
268.3599913768736 -18.544946163424488 95
272.0582567736693 -25.22311531655496 95
