274.85442274692144 21.254456508144038 40
269.82194734217546 14.28834253775743 40
274.203814349862 8.153147918836693 40
276.44407890104856 1.8093481010731565 40
272.4058706276466 -4.903483210316315 40
270.7203076816487 -11.154259668550171 40
276.3814701899746 -17.736556476051767 40
274.7086386590746 22.147772937204444 95
276.62937211967744 15.708154114122824 95
264.4833164609332 8.658287291713075 95
261.58808386752384 2.49687374877212 95
260.7507582467987 -3.5556572837576383 95
262.1169567582358 -9.797498650224266 95
265.46276544394664 -16.091074011767322 95
272.8160816220011 -22.894021783374672 95
272.66843877013247 -29.410627308143454 95
