279.20004406541807 23.353073006964422 40
270.81630263325246 16.193215494601947 40
272.0762882955444 9.723983099523615 40
280.15295530267815 3.5145782358069795 40
272.65877720091584 -2.974363848175437 40
270.38518825001637 -9.442058832860535 40
272.9595132808234 -15.947875548047415 40
274.83107420985147 21.55426346825875 95
275.6104312309227 15.122526961617421 95
265.0263316103544 8.097286777585108 95
261.9684147916977 1.8574919986424168 95
261.44115538194825 -4.206886919326494 95
262.0143238402899 -10.509268647994396 95
268.3915713941749 -16.929856159032312 95
272.4914994319898 -23.4655649262045 95
275.9169369436992 -30.293968584632402 95
