274.83801892489953 19.44451023905153 40
271.20138481264473 12.730234707332555 40
277.07378215410347 6.499364801303517 40
276.725 -0.0 40
271.5003153112056 -6.368627082497784 40
272.10039492804583 -12.772434380395275 40
274.2729113139978 22.26321504958129 95
274.02073145767747 15.784940810767097 95
264.35121471870855 8.870472182654021 95
261.26169967015807 2.6362682830326265 95
261.2526159368987 -3.419984082902629 95
262.4496676215579 -9.5949252385718 95
267.5265385136577 -15.923290831370613 95
272.47973778579507 -22.716142304193333 95
275.6585484069327 -29.428987668330034 95
