271.9565411247365 18.71896737188014 40
270.6757487868091 12.18776102080307 40
275.9593135247319 6.021453641665497 40
275.17463163685636 -0.45025383996026014 40
271.01281597258094 -6.874851170169107 40
271.3690797063934 -13.405692048719706 40
275.6357695694941 21.844279201492988 95
278.13978732141055 15.56564594870753 95
266.20739287432997 8.71472770958039 95
262.36437540970434 2.3611736225310183 95
263.29644799864474 -3.877640557990344 95
263.00819761932456 -10.046292103772164 95
267.745183785465 -16.449287513067958 95
273.34529596559975 -23.163652528880004 95
276.30594850098623 -29.955441041158906 95
