278.4839086559036 23.21669915664899 40
270.4214152363801 16.09559509782995 40
271.67654351935255 9.709696255667662 40
279.7279887424796 3.5092469401865065 40
272.30713733979815 -3.119066976567235 40
269.31084311097084 -9.404541873906098 40
272.68062657497103 -16.00619850811564 40
272.70701282848063 24.158554989214515 95
274.52076228432094 17.842675663570194 95
269.3714521165251 11.098683914528028 95
262.8362042195022 4.51612405544208 95
263.44435733941486 -1.7242639074944635 95
261.93635114295466 -7.716893799629181 95
267.1506900914711 -14.146886889021584 95
278.06818630655914 -21.19786284465251 95
274.6934663983487 -27.58450911398092 95
