0.7124656309211385 1.0 95
0.7780211752460549 0.8671227481075663 95
0.6127431697729949 0.752581796215331 95
0.5417124693879274 0.6627593313360222 95
0.43119732928255544 0.5891519539469792 95
0.28853604876289835 0.5245417932925944 95
0.28344476742844327 0.4739081059422456 95
0.22906494197020622 0.42906200720618937 95
0.22142400467544343 0.3914462451307455 95
0.18792885789637306 0.3573849010255919 95
0.19738258022530258 0.32925584334155755 95
0.14310880448907345 0.30135251408909547 95
0.13592899267390832 0.27784817005882945 95
0.1072689416156402 0.2559066402594148 95
0.21070403515410974 0.23645597365986334 95
0.13926624228626167 0.21729375598848083 95
0.1866901483652133 0.20131883665117575 95
0.1254058675773928 0.18592307868230282 95
0.19651510938513747 0.17184472912526158 95
0.15262954440856927 0.15852734170276775 95
0.1833720031694593 0.14620974635572803 95
0.16207201049186543 0.13472499725895704 95
0.07018537880536506 0.1228038546395542 95
0.09522681728433978 0.1124919799923906 95
0.0 0.10214605786168432 95
0.09993134831355521 0.09314794336495132 95
0.037093428519525004 0.08427187321708207 95
1.0 0.08380046934407626 95
0.18421548420918651 0.06855059414795771 95
0.21142402779483022 0.061331117250001024 95
0.3395384962536585 0.05499562817515869 95
0.3907162043300544 0.04808638633959162 95
0.3958704098633882 0.040958533530090546 95
0.45328793610955465 0.03499817749481185 95
0.5380526025099914 0.02869081572920336 95
0.5621075497253085 0.022723021763510685 95
0.615544733619742 0.01657768431175524 95
0.6486298333917645 0.011100053562239262 95
0.708878480562233 0.005339560725706018 95
0.8080050849649368 0.0 95
0.7124656309211385 1.0 40
0.7780211752460549 0.8671227481075663 40
0.6127431697729949 0.752581796215331 40
0.5417124693879274 0.6627593313360222 40
0.43119732928255544 0.5891519539469792 40
0.28853604876289835 0.5245417932925944 40
0.28344476742844327 0.4739081059422456 40
0.22906494197020622 0.42906200720618937 40
0.22142400467544343 0.3914462451307455 40
0.18792885789637306 0.3573849010255919 40
0.19738258022530258 0.32925584334155755 40
0.14310880448907345 0.30135251408909547 40
0.13592899267390832 0.27784817005882945 40
0.1072689416156402 0.2559066402594148 40
0.21070403515410974 0.23645597365986334 40
0.13926624228626167 0.21729375598848083 40
0.1866901483652133 0.20131883665117575 40
0.1254058675773928 0.18592307868230282 40
0.19651510938513747 0.17184472912526158 40
0.15262954440856927 0.15852734170276775 40
0.1833720031694593 0.14620974635572803 40
0.16207201049186543 0.13472499725895704 40
0.07018537880536506 0.1228038546395542 40
0.09522681728433978 0.1124919799923906 40
0.0 0.10214605786168432 40
0.09993134831355521 0.09314794336495132 40
0.037093428519525004 0.08427187321708207 40
1.0 0.08380046934407626 40
0.18421548420918651 0.06855059414795771 40
0.21142402779483022 0.061331117250001024 40
0.3395384962536585 0.05499562817515869 40
0.3907162043300544 0.04808638633959162 40
0.3958704098633882 0.040958533530090546 40
0.45328793610955465 0.03499817749481185 40
0.5380526025099914 0.02869081572920336 40
0.5621075497253085 0.022723021763510685 40
0.615544733619742 0.01657768431175524 40
0.6486298333917645 0.011100053562239262 40
0.708878480562233 0.005339560725706018 40
0.8080050849649368 0.0 40
0.16207201049186543 0.13472499725895704 40
0.7124656309211385 1.0 95
0.28853604876289835 0.5245417932925944 40
1.0 0.08380046934407626 95
0.615544733619742 0.01657768431175524 95
0.6486298333917645 0.011100053562239262 95
0.7780211752460549 0.8671227481075663 40
0.1254058675773928 0.18592307868230282 40
0.1072689416156402 0.2559066402594148 95
0.09522681728433978 0.1124919799923906 95
0.16207201049186543 0.13472499725895704 95
0.19651510938513747 0.17184472912526158 95
0.15262954440856927 0.15852734170276775 40
0.1833720031694593 0.14620974635572803 40
0.615544733619742 0.01657768431175524 95
0.21070403515410974 0.23645597365986334 40
0.07018537880536506 0.1228038546395542 95
0.1254058675773928 0.18592307868230282 95
0.7124656309211385 1.0 40
0.7124656309211385 1.0 40
