0.639156193338543 1.0 95
0.7488337367318485 0.8688485721880267 95
0.5320620523067857 0.7534022386461153 95
0.5043001901618274 0.6670437587592241 95
0.495207042283035 0.5955532882660133 95
0.2757556375506638 0.5290687671506275 95
0.24768182713604522 0.4789040418155219 95
0.1630840217891528 0.43351996864855397 95
0.19933171029428676 0.39679769210805466 95
0.20928826553100266 0.36270200964689925 95
0.13030799908314217 0.33152709704318456 95
0.20356269526857373 0.3066067064774753 95
0.13601155190815514 0.2819587966216542 95
0.0773159060005384 0.2589957895678132 95
0.13172448824777708 0.2388680311097339 95
0.12870907875330834 0.22074610574381176 95
0.13423699274780682 0.2043351448250683 95
0.15670677887872328 0.189013176054662 95
0.14701552529070902 0.17464780706987748 95
0.09244163007043972 0.16065893292935834 95
0.12465275299887389 0.14765129292307802 95
0.07559319399713674 0.13621679489049743 95
0.08493952353971007 0.1246983321103871 95
0.05257296293929246 0.11421019357851027 95
0.0005818584213190137 0.10341048053824821 95
0.0 0.09430254646471607 95
0.16358755778676262 0.0865991866264496 95
1.0 0.08546897208291997 95
0.13682079151149146 0.06975771233360108 95
0.19626353833844695 0.06186010270481924 95
0.2583464879326129 0.05530410283310669 95
0.34753628892449523 0.048316886551777856 95
0.40284141800381884 0.04139888916398599 95
0.3870236542034027 0.03462699482469256 95
0.4540988303257775 0.028880010805943386 95
0.5613474781982499 0.022550845691662214 95
0.5540487650672291 0.016738388669996378 95
0.6512593911203131 0.010648224641755322 95
0.5931063346304146 0.004262748573259978 95
0.8252496947513196 0.0 95
0.639156193338543 1.0 40
0.7488337367318485 0.8688485721880267 40
0.5320620523067857 0.7534022386461153 40
0.5043001901618274 0.6670437587592241 40
0.495207042283035 0.5955532882660133 40
0.2757556375506638 0.5290687671506275 40
0.24768182713604522 0.4789040418155219 40
0.1630840217891528 0.43351996864855397 40
0.19933171029428676 0.39679769210805466 40
0.20928826553100266 0.36270200964689925 40
0.13030799908314217 0.33152709704318456 40
0.20356269526857373 0.3066067064774753 40
0.13601155190815514 0.2819587966216542 40
0.0773159060005384 0.2589957895678132 40
0.13172448824777708 0.2388680311097339 40
0.12870907875330834 0.22074610574381176 40
0.13423699274780682 0.2043351448250683 40
0.15670677887872328 0.189013176054662 40
0.14701552529070902 0.17464780706987748 40
0.09244163007043972 0.16065893292935834 40
0.12465275299887389 0.14765129292307802 40
0.07559319399713674 0.13621679489049743 40
0.08493952353971007 0.1246983321103871 40
0.05257296293929246 0.11421019357851027 40
0.0005818584213190137 0.10341048053824821 40
0.0 0.09430254646471607 40
0.16358755778676262 0.0865991866264496 40
1.0 0.08546897208291997 40
0.13682079151149146 0.06975771233360108 40
0.19626353833844695 0.06186010270481924 40
0.2583464879326129 0.05530410283310669 40
0.34753628892449523 0.048316886551777856 40
0.40284141800381884 0.04139888916398599 40
0.3870236542034027 0.03462699482469256 40
0.4540988303257775 0.028880010805943386 40
0.5613474781982499 0.022550845691662214 40
0.5540487650672291 0.016738388669996378 40
0.6512593911203131 0.010648224641755322 40
0.5931063346304146 0.004262748573259978 40
0.8252496947513196 0.0 40
0.13682079151149146 0.06975771233360108 95
0.0005818584213190137 0.10341048053824821 95
0.5043001901618274 0.6670437587592241 40
0.2757556375506638 0.5290687671506275 95
0.19933171029428676 0.39679769210805466 95
0.4540988303257775 0.028880010805943386 95
0.07559319399713674 0.13621679489049743 95
0.12465275299887389 0.14765129292307802 40
0.07559319399713674 0.13621679489049743 95
0.5540487650672291 0.016738388669996378 40
0.07559319399713674 0.13621679489049743 95
0.5043001901618274 0.6670437587592241 40
0.5613474781982499 0.022550845691662214 95
0.639156193338543 1.0 40
0.1630840217891528 0.43351996864855397 95
0.3870236542034027 0.03462699482469256 95
0.0 0.09430254646471607 40
0.16358755778676262 0.0865991866264496 40
0.3870236542034027 0.03462699482469256 40
0.16358755778676262 0.0865991866264496 40
