0.9919651622035305 1.0 95
0.939514518564538 0.8708075883577667 95
0.7967439398061941 0.7635752081886291 95
0.7447248373125885 0.6791846332264272 95
0.40851366476382756 0.60163109213797 95
0.41668964150846555 0.5436970637830386 95
0.29687610878701937 0.490093333051932 95
0.3858971311402658 0.44948689508174383 95
0.2968373336599149 0.40877820315584906 95
0.17317335698565703 0.3729137419158995 95
0.27936998165626487 0.3438663987136577 95
0.2325573686755454 0.3166231433646875 95
0.19124638308960373 0.291699343487865 95
0.2169024155888327 0.2691257439077446 95
0.17677814808353495 0.2478721786638221 95
0.2501858390876052 0.22988260042002262 95
0.21479587819861293 0.2116164722236594 95
0.12541448299113198 0.19500430462426865 95
0.13368202439400179 0.1796746781620442 95
0.1582101277727784 0.16597535829389737 95
0.1477278716488765 0.15292652767559003 95
0.011765543679072621 0.13857457597230685 95
0.13045338636473422 0.12813131081590384 95
0.02588864021891113 0.11666947551375878 95
0.0 0.10557891143986196 95
0.010819975095324048 0.0954284669816469 95
0.9187435047541548 0.09298746538411591 95
0.1381850657559808 0.07811793515467391 95
0.16389590408211457 0.06968274496263376 95
0.30028350172713125 0.06166300053394262 95
0.4630064069735548 0.05424678074794172 95
0.5028058033083311 0.04647951922391459 95
0.556434434440486 0.03938330365990842 95
0.6015792710693226 0.032123779556967734 95
0.6563612318998411 0.025767631084001274 95
0.7460750008408138 0.019016504756434894 95
0.8622748744093194 0.012462877116584717 95
0.8881753790112372 0.00636946464125056 95
1.0 0.0 95
0.9919651622035305 1.0 40
0.939514518564538 0.8708075883577667 40
0.7967439398061941 0.7635752081886291 40
0.7447248373125885 0.6791846332264272 40
0.40851366476382756 0.60163109213797 40
0.41668964150846555 0.5436970637830386 40
0.29687610878701937 0.490093333051932 40
0.3858971311402658 0.44948689508174383 40
0.2968373336599149 0.40877820315584906 40
0.17317335698565703 0.3729137419158995 40
0.27936998165626487 0.3438663987136577 40
0.2325573686755454 0.3166231433646875 40
0.19124638308960373 0.291699343487865 40
0.2169024155888327 0.2691257439077446 40
0.17677814808353495 0.2478721786638221 40
0.2501858390876052 0.22988260042002262 40
0.21479587819861293 0.2116164722236594 40
0.12541448299113198 0.19500430462426865 40
0.13368202439400179 0.1796746781620442 40
0.1582101277727784 0.16597535829389737 40
0.1477278716488765 0.15292652767559003 40
0.011765543679072621 0.13857457597230685 40
0.13045338636473422 0.12813131081590384 40
0.02588864021891113 0.11666947551375878 40
0.0 0.10557891143986196 40
0.010819975095324048 0.0954284669816469 40
0.9187435047541548 0.09298746538411591 40
0.1381850657559808 0.07811793515467391 40
0.16389590408211457 0.06968274496263376 40
0.30028350172713125 0.06166300053394262 40
0.4630064069735548 0.05424678074794172 40
0.5028058033083311 0.04647951922391459 40
0.556434434440486 0.03938330365990842 40
0.6015792710693226 0.032123779556967734 40
0.6563612318998411 0.025767631084001274 40
0.7460750008408138 0.019016504756434894 40
0.8622748744093194 0.012462877116584717 40
0.8881753790112372 0.00636946464125056 40
1.0 0.0 40
0.7967439398061941 0.7635752081886291 40
0.6563612318998411 0.025767631084001274 95
0.19124638308960373 0.291699343487865 95
0.16389590408211457 0.06968274496263376 40
0.17677814808353495 0.2478721786638221 95
0.0 0.10557891143986196 95
0.6015792710693226 0.032123779556967734 95
0.02588864021891113 0.11666947551375878 95
0.9187435047541548 0.09298746538411591 40
0.2968373336599149 0.40877820315584906 95
0.27936998165626487 0.3438663987136577 40
0.13045338636473422 0.12813131081590384 95
0.02588864021891113 0.11666947551375878 40
0.4630064069735548 0.05424678074794172 40
0.010819975095324048 0.0954284669816469 40
1.0 0.0 95
0.17677814808353495 0.2478721786638221 95
0.4630064069735548 0.05424678074794172 95
0.2501858390876052 0.22988260042002262 95
0.13045338636473422 0.12813131081590384 95
0.7447248373125885 0.6791846332264272 95
0.16389590408211457 0.06968274496263376 95
