0.16900516529005982 0.0 95
0.19073905799989319 0.22861906654677552 95
0.0 0.4174573123008457 95
0.27819887587403347 0.5953873770562964 95
0.4462197730540026 0.7453333605164555 95
0.7400259399247491 0.8811174585796375 95
1.0 1.0 95
0.0 0.4174573123008457 95
1.0 1.0 95
0.16900516529005982 0.0 95
0.27819887587403347 0.5953873770562964 95
0.19073905799989319 0.22861906654677552 95
0.27819887587403347 0.5953873770562964 95
0.4462197730540026 0.7453333605164555 95
0.0 0.4174573123008457 95
0.7400259399247491 0.8811174585796375 95
0.0 0.4174573123008457 95
0.4462197730540026 0.7453333605164555 95
0.7400259399247491 0.8811174585796375 95
0.16900516529005982 0.0 95
0.0 0.4174573123008457 95
0.4462197730540026 0.7453333605164555 95
0.4462197730540026 0.7453333605164555 95
0.16900516529005982 0.0 95
0.4462197730540026 0.7453333605164555 95
0.27819887587403347 0.5953873770562964 95
0.16900516529005982 0.0 95
0.19073905799989319 0.22861906654677552 95
1.0 1.0 95
0.4462197730540026 0.7453333605164555 95
0.0 0.4174573123008457 95
0.4462197730540026 0.7453333605164555 95
