1.0 1.0 95
0.8512432112450684 0.852297031200328 95
0.816728382228519 0.7423848468938407 95
0.6569952370900175 0.6509817150562712 95
0.6713445386019289 0.5796679100319029 95
0.26732738679135987 0.5114304297436133 95
0.31201017517810886 0.4628570959422256 95
0.14124062786265526 0.41605646013950853 95
0.23622414126848565 0.3817254547406297 95
0.1585588597340725 0.34719390574589315 95
0.17869337672277766 0.31815556919286514 95
0.15389655393695886 0.29270168174613015 95
0.1562935130028463 0.2688484636967945 95
0.025983553230137974 0.24674330311307682 95
0.11781965817892882 0.22863451035498059 95
0.13821688328555456 0.210460462121472 95
0.07923174496080976 0.1936434517516085 95
0.11570861903102556 0.17940950519910542 95
0.13420651705226963 0.16509104954080772 95
0.12139376151043871 0.1524826846692472 95
0.15393505589880727 0.14053951799198378 95
0.19827129097173019 0.1294312835191283 95
0.01767004103479652 0.1175539546274241 95
0.03309406552386737 0.10818354209893458 95
0.028580213183683565 0.09841180454875381 95
0.011156122831374581 0.08906541302838 95
0.0 0.08079549267142762 95
0.9126691091981147 0.07889648464670633 95
0.1674488279037806 0.06568110395347772 95
0.17398928920699788 0.05851372561278491 95
0.2842458606293494 0.05217697660914137 95
0.3972662105648968 0.04590011193027068 95
0.4207732204739989 0.03960545150502809 95
0.5108382858329814 0.03309397808100874 95
0.5043979636307845 0.027274469720882648 95
0.611470405174313 0.021620329913798694 95
0.622944574653564 0.015391837314678603 95
0.7811147331907415 0.010540077433929389 95
0.8490868580411743 0.0051907442727993 95
0.8747388832405568 0.0 95
1.0 1.0 40
0.8512432112450684 0.852297031200328 40
0.816728382228519 0.7423848468938407 40
0.6569952370900175 0.6509817150562712 40
0.6713445386019289 0.5796679100319029 40
0.26732738679135987 0.5114304297436133 40
0.31201017517810886 0.4628570959422256 40
0.14124062786265526 0.41605646013950853 40
0.23622414126848565 0.3817254547406297 40
0.1585588597340725 0.34719390574589315 40
0.17869337672277766 0.31815556919286514 40
0.15389655393695886 0.29270168174613015 40
0.1562935130028463 0.2688484636967945 40
0.025983553230137974 0.24674330311307682 40
0.11781965817892882 0.22863451035498059 40
0.13821688328555456 0.210460462121472 40
0.07923174496080976 0.1936434517516085 40
0.11570861903102556 0.17940950519910542 40
0.13420651705226963 0.16509104954080772 40
0.12139376151043871 0.1524826846692472 40
0.15393505589880727 0.14053951799198378 40
0.19827129097173019 0.1294312835191283 40
0.01767004103479652 0.1175539546274241 40
0.03309406552386737 0.10818354209893458 40
0.028580213183683565 0.09841180454875381 40
0.011156122831374581 0.08906541302838 40
0.0 0.08079549267142762 40
0.9126691091981147 0.07889648464670633 40
0.1674488279037806 0.06568110395347772 40
0.17398928920699788 0.05851372561278491 40
0.2842458606293494 0.05217697660914137 40
0.3972662105648968 0.04590011193027068 40
0.4207732204739989 0.03960545150502809 40
0.5108382858329814 0.03309397808100874 40
0.5043979636307845 0.027274469720882648 40
0.611470405174313 0.021620329913798694 40
0.622944574653564 0.015391837314678603 40
0.7811147331907415 0.010540077433929389 40
0.8490868580411743 0.0051907442727993 40
0.8747388832405568 0.0 40
0.17398928920699788 0.05851372561278491 95
0.12139376151043871 0.1524826846692472 95
0.1585588597340725 0.34719390574589315 95
0.3972662105648968 0.04590011193027068 95
0.7811147331907415 0.010540077433929389 95
0.9126691091981147 0.07889648464670633 95
0.19827129097173019 0.1294312835191283 40
0.0 0.08079549267142762 40
0.3972662105648968 0.04590011193027068 95
0.19827129097173019 0.1294312835191283 95
0.025983553230137974 0.24674330311307682 40
0.025983553230137974 0.24674330311307682 40
0.26732738679135987 0.5114304297436133 95
0.15389655393695886 0.29270168174613015 40
0.816728382228519 0.7423848468938407 95
0.028580213183683565 0.09841180454875381 40
0.011156122831374581 0.08906541302838 40
0.5108382858329814 0.03309397808100874 95
0.7811147331907415 0.010540077433929389 40
0.03309406552386737 0.10818354209893458 40
