0.6892272689517631 1.0 95
0.6870419980101139 0.8645828846898069 95
0.5100719021434268 0.7481774106021482 95
0.4705359850582935 0.6612284271712996 95
0.3985778854046978 0.5870939955303427 95
0.17910865319528355 0.5221716742919386 95
0.24220361913306887 0.4742146385523315 95
0.13916555058433924 0.42924494090387405 95
0.14311696230013188 0.39153996856239404 95
0.09233810920431532 0.3575535356707913 95
0.04898336025280247 0.3268637071103615 95
0.13147828939253914 0.30172420221393065 95
0.10777441634873049 0.2777537754191254 95
0.03777876431003105 0.25594584502004325 95
0.12429504574807791 0.23604922739506992 95
0.04365563925269403 0.21782789789109097 95
0.12172883206163068 0.20189572991853938 95
0.06447594658510823 0.1860726428114725 95
0.14960140515580359 0.17264716779401887 95
0.10306505279582942 0.15901022943025542 95
0.08806515704574185 0.14673418900760432 95
0.13187245007648707 0.13478504700638425 95
0.00828505362274753 0.12320387953126616 95
0.05198190630872194 0.11273152860250468 95
0.010903767268109326 0.10259105746912735 95
0.026313711619039695 0.09366845330087967 95
0.0 0.08471359004174711 95
1.0 0.08425992050859528 95
0.10352851585703923 0.06873317628423567 95
0.17867897986131448 0.06169105869138872 95
0.27201198480115535 0.054931970020160675 95
0.32390397019266826 0.04820025506832118 95
0.3493994434077739 0.04144371486278142 95
0.42399550474797326 0.0352700382433714 95
0.4967045250270099 0.028885007538296717 95
0.5233393305118318 0.02286016497191516 95
0.574251204170275 0.016978759696685136 95
0.6165361698294789 0.01160659307995513 95
0.6256641432938865 0.005470138633025586 95
0.724861379063191 0.0 95
0.6892272689517631 1.0 40
0.6870419980101139 0.8645828846898069 40
0.5100719021434268 0.7481774106021482 40
0.4705359850582935 0.6612284271712996 40
0.3985778854046978 0.5870939955303427 40
0.17910865319528355 0.5221716742919386 40
0.24220361913306887 0.4742146385523315 40
0.13916555058433924 0.42924494090387405 40
0.14311696230013188 0.39153996856239404 40
0.09233810920431532 0.3575535356707913 40
0.04898336025280247 0.3268637071103615 40
0.13147828939253914 0.30172420221393065 40
0.10777441634873049 0.2777537754191254 40
0.03777876431003105 0.25594584502004325 40
0.12429504574807791 0.23604922739506992 40
0.04365563925269403 0.21782789789109097 40
0.12172883206163068 0.20189572991853938 40
0.06447594658510823 0.1860726428114725 40
0.14960140515580359 0.17264716779401887 40
0.10306505279582942 0.15901022943025542 40
0.08806515704574185 0.14673418900760432 40
0.13187245007648707 0.13478504700638425 40
0.00828505362274753 0.12320387953126616 40
0.05198190630872194 0.11273152860250468 40
0.010903767268109326 0.10259105746912735 40
0.026313711619039695 0.09366845330087967 40
0.0 0.08471359004174711 40
1.0 0.08425992050859528 40
0.10352851585703923 0.06873317628423567 40
0.17867897986131448 0.06169105869138872 40
0.27201198480115535 0.054931970020160675 40
0.32390397019266826 0.04820025506832118 40
0.3493994434077739 0.04144371486278142 40
0.42399550474797326 0.0352700382433714 40
0.4967045250270099 0.028885007538296717 40
0.5233393305118318 0.02286016497191516 40
0.574251204170275 0.016978759696685136 40
0.6165361698294789 0.01160659307995513 40
0.6256641432938865 0.005470138633025586 40
0.724861379063191 0.0 40
0.12429504574807791 0.23604922739506992 40
0.04898336025280247 0.3268637071103615 95
0.03777876431003105 0.25594584502004325 40
0.06447594658510823 0.1860726428114725 40
0.3493994434077739 0.04144371486278142 95
0.6892272689517631 1.0 40
0.10306505279582942 0.15901022943025542 40
0.724861379063191 0.0 95
0.14960140515580359 0.17264716779401887 95
0.13916555058433924 0.42924494090387405 40
0.12172883206163068 0.20189572991853938 40
0.12172883206163068 0.20189572991853938 40
0.0 0.08471359004174711 95
0.17867897986131448 0.06169105869138872 95
0.14311696230013188 0.39153996856239404 40
0.574251204170275 0.016978759696685136 95
0.04365563925269403 0.21782789789109097 40
0.574251204170275 0.016978759696685136 95
0.06447594658510823 0.1860726428114725 95
0.04898336025280247 0.3268637071103615 40
