1.0 1.0 95
0.6589092349797656 0.8391815004424488 95
0.6818212606964995 0.733420146044258 95
0.48148388809648945 0.6362508143588985 95
0.48153559864204126 0.5652730686189867 95
0.3713396982651211 0.5026607312056569 95
0.247771479125727 0.45039962132262207 95
0.20031799580687706 0.4067261847345476 95
0.24577313151455296 0.37123505448214555 95
0.12396712305860468 0.3364484118849116 95
0.17654344229433136 0.30926005791393857 95
0.08624048678863369 0.28281115740067814 95
0.15565016897592931 0.261649804482176 95
0.13266591304765865 0.24053373205218567 95
0.07873371256016101 0.2205950075590641 95
0.11173070375051655 0.20364336958569548 95
0.12458380956246277 0.18827140397429895 95
0.1307146495128356 0.17364417330612592 95
0.12762188021843301 0.16054481672197396 95
0.09083423485374649 0.14801180193057947 95
0.14058278200643953 0.13635519747867295 95
0.07815181698075946 0.12493168233022213 95
0.1433679120394129 0.11531740156362795 95
0.057429935633441696 0.10500212426914489 95
0.07158741999991737 0.09569489596433914 95
0.030774888029528644 0.08642665523190955 95
0.0 0.07837171449577517 95
0.39756780043834905 0.07392830536684127 95
0.12111854279880385 0.06373603956013274 95
0.13133502223863233 0.0567687133033369 95
0.17440289257148756 0.050561253242251136 95
0.2693212318663829 0.044273610749845614 95
0.326608909006979 0.038136016267511806 95
0.3226977644909184 0.03171060617494749 95
0.3430290363763928 0.02593035272789833 95
0.3870852211827032 0.020529663175457916 95
0.537081805786964 0.015553680012071724 95
0.520598569470554 0.010003362016924831 95
0.5501060291059896 0.004721505630467221 95
0.5961288341189297 0.0 95
1.0 1.0 40
0.6589092349797656 0.8391815004424488 40
0.6818212606964995 0.733420146044258 40
0.48148388809648945 0.6362508143588985 40
0.48153559864204126 0.5652730686189867 40
0.3713396982651211 0.5026607312056569 40
0.247771479125727 0.45039962132262207 40
0.20031799580687706 0.4067261847345476 40
0.24577313151455296 0.37123505448214555 40
0.12396712305860468 0.3364484118849116 40
0.17654344229433136 0.30926005791393857 40
0.08624048678863369 0.28281115740067814 40
0.15565016897592931 0.261649804482176 40
0.13266591304765865 0.24053373205218567 40
0.07873371256016101 0.2205950075590641 40
0.11173070375051655 0.20364336958569548 40
0.12458380956246277 0.18827140397429895 40
0.1307146495128356 0.17364417330612592 40
0.12762188021843301 0.16054481672197396 40
0.09083423485374649 0.14801180193057947 40
0.14058278200643953 0.13635519747867295 40
0.07815181698075946 0.12493168233022213 40
0.1433679120394129 0.11531740156362795 40
0.057429935633441696 0.10500212426914489 40
0.07158741999991737 0.09569489596433914 40
0.030774888029528644 0.08642665523190955 40
0.0 0.07837171449577517 40
0.39756780043834905 0.07392830536684127 40
0.12111854279880385 0.06373603956013274 40
0.13133502223863233 0.0567687133033369 40
0.17440289257148756 0.050561253242251136 40
0.2693212318663829 0.044273610749845614 40
0.326608909006979 0.038136016267511806 40
0.3226977644909184 0.03171060617494749 40
0.3430290363763928 0.02593035272789833 40
0.3870852211827032 0.020529663175457916 40
0.537081805786964 0.015553680012071724 40
0.520598569470554 0.010003362016924831 40
0.5501060291059896 0.004721505630467221 40
0.5961288341189297 0.0 40
0.11173070375051655 0.20364336958569548 95
0.13133502223863233 0.0567687133033369 40
0.247771479125727 0.45039962132262207 40
0.09083423485374649 0.14801180193057947 40
0.48153559864204126 0.5652730686189867 40
0.5961288341189297 0.0 95
0.15565016897592931 0.261649804482176 40
0.13133502223863233 0.0567687133033369 95
0.14058278200643953 0.13635519747867295 95
0.12111854279880385 0.06373603956013274 40
0.6589092349797656 0.8391815004424488 40
0.326608909006979 0.038136016267511806 95
0.17440289257148756 0.050561253242251136 40
0.07815181698075946 0.12493168233022213 40

0.24577313151455296 0.37123505448214555 40
0.5501060291059896 0.004721505630467221 95
0.12762188021843301 0.16054481672197396 95
0.20031799580687706 0.4067261847345476 95
0.247771479125727 0.45039962132262207 95
