0.8480572548434 1.0 95
1.0 0.8729656194517832 95
0.6746157216918264 0.7565297275323578 95
0.6917379356786029 0.6714964347791647 95
0.3785856036290683 0.5934995144914077 95
0.2987176175441658 0.5324253934612768 95
0.26638226454810726 0.4817283480195337 95
0.3327142905844159 0.4392216303267646 95
0.15846188427170646 0.39803845021219 95
0.1535193599119702 0.3645145012386636 95
0.0951748924681645 0.3331243903655547 95
0.1654860103616696 0.3080621988722216 95
0.09759514274359005 0.2820741615529639 95
0.02259078728737449 0.25961726140789354 95
0.09709756937089618 0.2393915290513795 95
0.07533374577829938 0.22072837579725943 95
0.13281351066341865 0.20456648221792192 95
0.08311120368174749 0.1884100748550951 95
0.10830719592862754 0.17364219877698645 95
0.18150233104839952 0.16016272818725666 95
0.10336787617584989 0.1465790922925 95
0.08831123451169652 0.13477326249904853 95
0.025756390799935965 0.12285021622890956 95
0.04715561669659319 0.1120143989896135 95
0.0 0.1015688866370204 95
0.013894249862950942 0.09176053893089169 95
0.4208806280444132 0.08529151107938811 95
0.07014119525140834 0.07466411245947163 95
0.12015323749214818 0.06639529578995311 95
0.29276686338340385 0.05889902767745478 95
0.28369893411092323 0.05159755647570248 95
0.42129215850957175 0.044568871927729584 95
0.45586560874171383 0.03738936551998102 95
0.5556516504030832 0.031153835246937413 95
0.599720452906251 0.0241982283646803 95
0.6467261276024686 0.01806173786636562 95
0.7552639613851255 0.012111746054008733 95
0.8452791131437072 0.005853964323040685 95
0.8934440305928385 0.0 95
0.8480572548434 1.0 40
1.0 0.8729656194517832 40
0.6746157216918264 0.7565297275323578 40
0.6917379356786029 0.6714964347791647 40
0.3785856036290683 0.5934995144914077 40
0.2987176175441658 0.5324253934612768 40
0.26638226454810726 0.4817283480195337 40
0.3327142905844159 0.4392216303267646 40
0.15846188427170646 0.39803845021219 40
0.1535193599119702 0.3645145012386636 40
0.0951748924681645 0.3331243903655547 40
0.1654860103616696 0.3080621988722216 40
0.09759514274359005 0.2820741615529639 40
0.02259078728737449 0.25961726140789354 40
0.09709756937089618 0.2393915290513795 40
0.07533374577829938 0.22072837579725943 40
0.13281351066341865 0.20456648221792192 40
0.08311120368174749 0.1884100748550951 40
0.10830719592862754 0.17364219877698645 40
0.18150233104839952 0.16016272818725666 40
0.10336787617584989 0.1465790922925 40
0.08831123451169652 0.13477326249904853 40
0.025756390799935965 0.12285021622890956 40
0.04715561669659319 0.1120143989896135 40
0.0 0.1015688866370204 40
0.013894249862950942 0.09176053893089169 40
0.4208806280444132 0.08529151107938811 40
0.07014119525140834 0.07466411245947163 40
0.12015323749214818 0.06639529578995311 40
0.29276686338340385 0.05889902767745478 40
0.28369893411092323 0.05159755647570248 40
0.42129215850957175 0.044568871927729584 40
0.45586560874171383 0.03738936551998102 40
0.5556516504030832 0.031153835246937413 40
0.599720452906251 0.0241982283646803 40
0.6467261276024686 0.01806173786636562 40
0.7552639613851255 0.012111746054008733 40
0.8452791131437072 0.005853964323040685 40
0.8934440305928385 0.0 40
0.09759514274359005 0.2820741615529639 40
0.10830719592862754 0.17364219877698645 95
0.10830719592862754 0.17364219877698645 40
0.08311120368174749 0.1884100748550951 40
0.013894249862950942 0.09176053893089169 40
0.18150233104839952 0.16016272818725666 40
0.07533374577829938 0.22072837579725943 95
0.42129215850957175 0.044568871927729584 95
0.15846188427170646 0.39803845021219 95
0.28369893411092323 0.05159755647570248 40
0.18150233104839952 0.16016272818725666 95
0.10336787617584989 0.1465790922925 95
0.599720452906251 0.0241982283646803 95
0.0 0.1015688866370204 40
0.7552639613851255 0.012111746054008733 95
0.09709756937089618 0.2393915290513795 95
0.02259078728737449 0.25961726140789354 40
0.10830719592862754 0.17364219877698645 40
0.0 0.1015688866370204 95
0.13281351066341865 0.20456648221792192 40
0.3327142905844159 0.4392216303267646 95
0.13281351066341865 0.20456648221792192 95
