0.9919112866598788 1.0 95
0.9359355908636416 0.85816312084679 95
0.8216187265548887 0.74596940784564 95
0.7640398715787269 0.6565813164720087 95
0.7265027704213906 0.5838440970829742 95
0.39120970560234647 0.5180441963085012 95
0.3623715044620024 0.46703703427793747 95
0.21297804685778615 0.42147346047793005 95
0.26258448450373456 0.3855292386349264 95
0.16047573797483405 0.3507844715055628 95
0.1338795287187288 0.32079505747286774 95
0.16370493751886578 0.2950779304752989 95
0.2385357272593702 0.27299996697705436 95
0.11759075691265387 0.25012353747878574 95
0.22752704816081587 0.2317269384685473 95
0.1967458019449407 0.2133560001557226 95
0.17653455103255236 0.1965799770130818 95
0.13085897203857738 0.18215651923979825 95
0.10918171803015589 0.16785299438723147 95
0.1562427274326934 0.15484611765668332 95
0.18960011755279194 0.14270992339755392 95
0.13502685187879687 0.1313867936617027 95
0.02880527335773462 0.11949727103300052 95
0.03628124412488281 0.11002370777067746 95
0.03822247056784795 0.10013789824873348 95
0.02000633479637405 0.09063913264088094 95
0.0 0.08237385836979659 95
1.0 0.08011395047686165 95
0.188520395146022 0.06705197847592681 95
0.22724900363996767 0.06009795637410532 95
0.29555454990489904 0.053384439750649666 95
0.4378201283033247 0.046549274430193036 95
0.47178171778287165 0.040274917987078634 95
0.5345982375797734 0.03395449412201986 95
0.5580959124692153 0.02787529433537681 95
0.6698576199511933 0.022046063184635322 95
0.7099669280708714 0.01636170886944052 95
0.8634120263620711 0.010894639500313911 95
0.9236396307690253 0.005606355379634078 95
0.9680307933688392 0.0 95
0.9919112866598788 1.0 40
0.9359355908636416 0.85816312084679 40
0.8216187265548887 0.74596940784564 40
0.7640398715787269 0.6565813164720087 40
0.7265027704213906 0.5838440970829742 40
0.39120970560234647 0.5180441963085012 40
0.3623715044620024 0.46703703427793747 40
0.21297804685778615 0.42147346047793005 40
0.26258448450373456 0.3855292386349264 40
0.16047573797483405 0.3507844715055628 40
0.1338795287187288 0.32079505747286774 40
0.16370493751886578 0.2950779304752989 40
0.2385357272593702 0.27299996697705436 40
0.11759075691265387 0.25012353747878574 40
0.22752704816081587 0.2317269384685473 40
0.1967458019449407 0.2133560001557226 40
0.17653455103255236 0.1965799770130818 40
0.13085897203857738 0.18215651923979825 40
0.10918171803015589 0.16785299438723147 40
0.1562427274326934 0.15484611765668332 40
0.18960011755279194 0.14270992339755392 40
0.13502685187879687 0.1313867936617027 40
0.02880527335773462 0.11949727103300052 40
0.03628124412488281 0.11002370777067746 40
0.03822247056784795 0.10013789824873348 40
0.02000633479637405 0.09063913264088094 40
0.0 0.08237385836979659 40
1.0 0.08011395047686165 40
0.188520395146022 0.06705197847592681 40
0.22724900363996767 0.06009795637410532 40
0.29555454990489904 0.053384439750649666 40
0.4378201283033247 0.046549274430193036 40
0.47178171778287165 0.040274917987078634 40
0.5345982375797734 0.03395449412201986 40
0.5580959124692153 0.02787529433537681 40
0.6698576199511933 0.022046063184635322 40
0.7099669280708714 0.01636170886944052 40
0.8634120263620711 0.010894639500313911 40
0.9236396307690253 0.005606355379634078 40
0.9680307933688392 0.0 40
0.4378201283033247 0.046549274430193036 95
0.03822247056784795 0.10013789824873348 40
0.7640398715787269 0.6565813164720087 40
0.7265027704213906 0.5838440970829742 95
0.6698576199511933 0.022046063184635322 95
0.02880527335773462 0.11949727103300052 95
0.7640398715787269 0.6565813164720087 95
0.4378201283033247 0.046549274430193036 40
0.13502685187879687 0.1313867936617027 40
0.22724900363996767 0.06009795637410532 95
0.18960011755279194 0.14270992339755392 40
0.22752704816081587 0.2317269384685473 95
0.16047573797483405 0.3507844715055628 95
0.03628124412488281 0.11002370777067746 95
0.21297804685778615 0.42147346047793005 95
0.16047573797483405 0.3507844715055628 40
0.1338795287187288 0.32079505747286774 95
0.47178171778287165 0.040274917987078634 95
0.03628124412488281 0.11002370777067746 40
0.1338795287187288 0.32079505747286774 95
