1.0 1.0 95
0.6890561615983264 0.8432243023998057 95
0.6411420334484591 0.7336761944798271 95
0.4161765354890106 0.6386065736186399 95
0.4880791605474773 0.5693371394122885 95
0.31322795450569785 0.5055405083808752 95
0.2529829632009781 0.45417657033612224 95
0.16263453169917688 0.41024065751116523 95
0.27035994646885075 0.3751405562799666 95
0.14297305783217162 0.34024725984179216 95
0.13694153798571745 0.31184860624769206 95
0.10084359294323168 0.28643319492793123 95
0.13287691740279628 0.2635243133396488 95
0.10049253688973943 0.24262157204863352 95
0.09969218271973039 0.2236706041185324 95
0.1286416800839444 0.20603583512065005 95
0.17012059482780756 0.19055875736880254 95
0.14126275296233137 0.17577737528155774 95
0.1304172377942832 0.16184230886310755 95
0.12776530335300504 0.14953103130509895 95
0.1273410901330764 0.13763822486050525 95
0.06791068786588125 0.12607534662488823 95
0.053869303332782496 0.11591674500622123 95
0.07065518491124598 0.10608488674080528 95
0.048058874927880205 0.09681546934601258 95
0.0 0.08739661310350588 95
0.020505130068771468 0.07878640073150503 95
0.5550073112534993 0.07591790505239868 95
0.1293591785809244 0.0643944745771343 95
0.18601062121501166 0.0573491622495566 95
0.18617738038926415 0.05087101263772033 95
0.29857613317841475 0.0446332304915213 95
0.37075696517331286 0.03854275177810722 95
0.36615706218869365 0.03258648901197937 95
0.3902201646483974 0.026159775328684055 95
0.4341567562884297 0.020917334380739866 95
0.5585640242627641 0.01564293148435547 95
0.5613371683967961 0.010241861279018591 95
0.6133405653804066 0.00490302117716838 95
0.6689077740009495 0.0 95
1.0 1.0 40
0.6890561615983264 0.8432243023998057 40
0.6411420334484591 0.7336761944798271 40
0.4161765354890106 0.6386065736186399 40
0.4880791605474773 0.5693371394122885 40
0.31322795450569785 0.5055405083808752 40
0.2529829632009781 0.45417657033612224 40
0.16263453169917688 0.41024065751116523 40
0.27035994646885075 0.3751405562799666 40
0.14297305783217162 0.34024725984179216 40
0.13694153798571745 0.31184860624769206 40
0.10084359294323168 0.28643319492793123 40
0.13287691740279628 0.2635243133396488 40
0.10049253688973943 0.24262157204863352 40
0.09969218271973039 0.2236706041185324 40
0.1286416800839444 0.20603583512065005 40
0.17012059482780756 0.19055875736880254 40
0.14126275296233137 0.17577737528155774 40
0.1304172377942832 0.16184230886310755 40
0.12776530335300504 0.14953103130509895 40
0.1273410901330764 0.13763822486050525 40
0.06791068786588125 0.12607534662488823 40
0.053869303332782496 0.11591674500622123 40
0.07065518491124598 0.10608488674080528 40
0.048058874927880205 0.09681546934601258 40
0.0 0.08739661310350588 40
0.020505130068771468 0.07878640073150503 40
0.5550073112534993 0.07591790505239868 40
0.1293591785809244 0.0643944745771343 40
0.18601062121501166 0.0573491622495566 40
0.18617738038926415 0.05087101263772033 40
0.29857613317841475 0.0446332304915213 40
0.37075696517331286 0.03854275177810722 40
0.36615706218869365 0.03258648901197937 40
0.3902201646483974 0.026159775328684055 40
0.4341567562884297 0.020917334380739866 40
0.5585640242627641 0.01564293148435547 40
0.5613371683967961 0.010241861279018591 40
0.6133405653804066 0.00490302117716838 40
0.6689077740009495 0.0 40
0.053869303332782496 0.11591674500622123 95
0.06791068786588125 0.12607534662488823 40
0.3902201646483974 0.026159775328684055 95
0.053869303332782496 0.11591674500622123 95
0.31322795450569785 0.5055405083808752 40
0.10084359294323168 0.28643319492793123 95
0.1273410901330764 0.13763822486050525 40
0.6133405653804066 0.00490302117716838 95
0.1293591785809244 0.0643944745771343 95
0.29857613317841475 0.0446332304915213 95
0.31322795450569785 0.5055405083808752 40
0.5550073112534993 0.07591790505239868 95
0.10084359294323168 0.28643319492793123 95
0.18601062121501166 0.0573491622495566 40
0.14126275296233137 0.17577737528155774 95
0.053869303332782496 0.11591674500622123 95
0.053869303332782496 0.11591674500622123 95
0.06791068786588125 0.12607534662488823 95
0.17012059482780756 0.19055875736880254 40
1.0 1.0 40
