1.0 1.0 95
0.662040166710906 0.8369741074855508 95
0.6954712136595824 0.730352321159249 95
0.5805729322403692 0.6362879930553244 95
0.5285846235463278 0.5657433626034897 95
0.3585685470786947 0.5008333505502962 95
0.2887162725188894 0.4488987579727676 95
0.2060356789047879 0.40504244773643544 95
0.2188836150027613 0.36958465424859077 95
0.07636887848152508 0.33468580379671375 95
0.15953529219006418 0.30751447725977915 95
0.07044897793154263 0.2813757677613919 95
0.15605570889010098 0.2602407025775556 95
0.106551032076647 0.23904259284267274 95
0.08827791791342307 0.22025498220604073 95
0.07001261517925168 0.20251230048792426 95
0.09638892650319858 0.18704330701611918 95
0.10354056020524693 0.1725037576705517 95
0.10057607447514787 0.15948290168631934 95
0.09072504363301556 0.1469794764905874 95
0.10916094585031734 0.13562017154245753 95
0.058458290672019964 0.1240816561033128 95
0.1297689199365478 0.11452413631130992 95
0.001813316423643492 0.10392929409420855 95
0.04144804625272878 0.09502150285707099 95
0.007220445497305775 0.08580381931385622 95
0.0 0.07756852649612565 95
0.3932217271006399 0.07334738578743893 95
0.08215845558151885 0.06347529069889611 95
0.10330958991655755 0.05637459672035298 95
0.18204339328165198 0.049964558310448166 95
0.3052116242145363 0.04422150477850213 95
0.33360072703866656 0.037669200456252494 95
0.3001144039728324 0.03173172569948569 95
0.3561657538438686 0.02617447758970699 95
0.39714018701147324 0.020291403718266914 95
0.5402241068994962 0.015748262773486676 95
0.5280402557736857 0.00993835410289039 95
0.5896149889073087 0.004701958961869206 95
0.6258497089161249 0.0 95
1.0 1.0 40
0.662040166710906 0.8369741074855508 40
0.6954712136595824 0.730352321159249 40
0.5805729322403692 0.6362879930553244 40
0.5285846235463278 0.5657433626034897 40
0.3585685470786947 0.5008333505502962 40
0.2887162725188894 0.4488987579727676 40
0.2060356789047879 0.40504244773643544 40
0.2188836150027613 0.36958465424859077 40
0.07636887848152508 0.33468580379671375 40
0.15953529219006418 0.30751447725977915 40
0.07044897793154263 0.2813757677613919 40
0.15605570889010098 0.2602407025775556 40
0.106551032076647 0.23904259284267274 40
0.08827791791342307 0.22025498220604073 40
0.07001261517925168 0.20251230048792426 40
0.09638892650319858 0.18704330701611918 40
0.10354056020524693 0.1725037576705517 40
0.10057607447514787 0.15948290168631934 40
0.09072504363301556 0.1469794764905874 40
0.10916094585031734 0.13562017154245753 40
0.058458290672019964 0.1240816561033128 40
0.1297689199365478 0.11452413631130992 40
0.001813316423643492 0.10392929409420855 40
0.04144804625272878 0.09502150285707099 40
0.007220445497305775 0.08580381931385622 40
0.0 0.07756852649612565 40
0.3932217271006399 0.07334738578743893 40
0.08215845558151885 0.06347529069889611 40
0.10330958991655755 0.05637459672035298 40
0.18204339328165198 0.049964558310448166 40
0.3052116242145363 0.04422150477850213 40
0.33360072703866656 0.037669200456252494 40
0.3001144039728324 0.03173172569948569 40
0.3561657538438686 0.02617447758970699 40
0.39714018701147324 0.020291403718266914 40
0.5402241068994962 0.015748262773486676 40
0.5280402557736857 0.00993835410289039 40
0.5896149889073087 0.004701958961869206 40
0.6258497089161249 0.0 40
0.3932217271006399 0.07334738578743893 95
0.3052116242145363 0.04422150477850213 95
0.1297689199365478 0.11452413631130992 95
0.2887162725188894 0.4488987579727676 40
0.1297689199365478 0.11452413631130992 95
0.3001144039728324 0.03173172569948569 95
0.33360072703866656 0.037669200456252494 95
0.007220445497305775 0.08580381931385622 95
0.10330958991655755 0.05637459672035298 95
0.39714018701147324 0.020291403718266914 95
0.5805729322403692 0.6362879930553244 95
0.10916094585031734 0.13562017154245753 95
0.0 0.07756852649612565 40
0.39714018701147324 0.020291403718266914 40
0.007220445497305775 0.08580381931385622 95
0.662040166710906 0.8369741074855508 40
0.33360072703866656 0.037669200456252494 40
0.18204339328165198 0.049964558310448166 40
0.662040166710906 0.8369741074855508 95

