0.6631433717726642 1.0 95
0.6010419428501038 0.8612028587213378 95
0.41981871133471577 0.7447453366002441 95
0.4258964362778781 0.6611124344909013 95
0.42656429124494255 0.5895308690217215 95
0.21176364360801958 0.523187056507381 95
0.23669442529250564 0.4739175236921079 95
0.16772725677168984 0.42968646959833523 95
0.19177803429243076 0.3925934632980641 95
0.1669631472936488 0.3587225154729827 95
0.11619473504956615 0.32804335364817766 95
0.17035770512993592 0.3030682844039899 95
0.11006580871793548 0.2784868451984011 95
0.07341144854416308 0.25590515422678545 95
0.14267094062251637 0.23740816769161813 95
0.12507909571264084 0.21818694102342845 95
0.09708961758293763 0.20199667440778077 95
0.12676098106491587 0.18714970843106435 95
0.1870131901489585 0.1732922719734254 95
0.11487218271518172 0.15872488955847636 95
0.08620339087393578 0.14650604071449397 95
0.10204231575377344 0.13451913113959854 95
0.08614559101696413 0.12311793535052439 95
0.07757590738960571 0.11267108924582028 95
0.0 0.10237270076838295 95
0.03849443166408927 0.09346205464588762 95
0.14622814694141853 0.08542186826735745 95
1.0 0.08528007399794213 95
0.1731731570367409 0.06918658385795905 95
0.18206553446807625 0.06126245917981221 95
0.27773922301797555 0.05484016007712746 95
0.3291510892114857 0.04794705916115753 95
0.3685803029805043 0.04119130402967514 95
0.3474510372941713 0.03461710783699302 95
0.44196658292432706 0.02848418597137196 95
0.5133197917762082 0.022574342883874624 95
0.5274294955109641 0.016751354397180458 95
0.6073045902241548 0.010683701104517905 95
0.5394697827062591 0.0047829742995201124 95
0.7721240972758872 0.0 95
0.6631433717726642 1.0 40
0.6010419428501038 0.8612028587213378 40
0.41981871133471577 0.7447453366002441 40
0.4258964362778781 0.6611124344909013 40
0.42656429124494255 0.5895308690217215 40
0.21176364360801958 0.523187056507381 40
0.23669442529250564 0.4739175236921079 40
0.16772725677168984 0.42968646959833523 40
0.19177803429243076 0.3925934632980641 40
0.1669631472936488 0.3587225154729827 40
0.11619473504956615 0.32804335364817766 40
0.17035770512993592 0.3030682844039899 40
0.11006580871793548 0.2784868451984011 40
0.07341144854416308 0.25590515422678545 40
0.14267094062251637 0.23740816769161813 40
0.12507909571264084 0.21818694102342845 40
0.09708961758293763 0.20199667440778077 40
0.12676098106491587 0.18714970843106435 40
0.1870131901489585 0.1732922719734254 40
0.11487218271518172 0.15872488955847636 40
0.08620339087393578 0.14650604071449397 40
0.10204231575377344 0.13451913113959854 40
0.08614559101696413 0.12311793535052439 40
0.07757590738960571 0.11267108924582028 40
0.0 0.10237270076838295 40
0.03849443166408927 0.09346205464588762 40
0.14622814694141853 0.08542186826735745 40
1.0 0.08528007399794213 40
0.1731731570367409 0.06918658385795905 40
0.18206553446807625 0.06126245917981221 40
0.27773922301797555 0.05484016007712746 40
0.3291510892114857 0.04794705916115753 40
0.3685803029805043 0.04119130402967514 40
0.3474510372941713 0.03461710783699302 40
0.44196658292432706 0.02848418597137196 40
0.5133197917762082 0.022574342883874624 40
0.5274294955109641 0.016751354397180458 40
0.6073045902241548 0.010683701104517905 40
0.5394697827062591 0.0047829742995201124 40
0.7721240972758872 0.0 40
0.18206553446807625 0.06126245917981221 40
0.3474510372941713 0.03461710783699302 40
0.16772725677168984 0.42968646959833523 95
0.1870131901489585 0.1732922719734254 40
0.5274294955109641 0.016751354397180458 95
0.4258964362778781 0.6611124344909013 40
0.03849443166408927 0.09346205464588762 40
0.6631433717726642 1.0 40
0.11006580871793548 0.2784868451984011 40
0.5274294955109641 0.016751354397180458 40
0.14622814694141853 0.08542186826735745 40
0.21176364360801958 0.523187056507381 40
0.7721240972758872 0.0 40
0.18206553446807625 0.06126245917981221 40
0.6073045902241548 0.010683701104517905 95
0.12507909571264084 0.21818694102342845 40
0.12507909571264084 0.21818694102342845 95
0.07341144854416308 0.25590515422678545 40
0.42656429124494255 0.5895308690217215 95
0.42656429124494255 0.5895308690217215 40
