0.32456308025607883 0.0 95
0.6563969351249742 0.2278144859484783 95
0.0 0.37713007307756047 95
0.475382732697187 0.55716441859188 95
0.40815024636747116 0.689356100030769 95
0.6515715322160268 0.8192047940318236 95
1.0 0.9380388842736459 95
0.0603159792093585 1.0 95
0.40815024636747116 0.689356100030769 95
0.475382732697187 0.55716441859188 95
0.475382732697187 0.55716441859188 95
0.6515715322160268 0.8192047940318236 95
1.0 0.9380388842736459 95
0.6515715322160268 0.8192047940318236 95
0.32456308025607883 0.0 95
0.6515715322160268 0.8192047940318236 95
0.40815024636747116 0.689356100030769 95
0.40815024636747116 0.689356100030769 95
0.6563969351249742 0.2278144859484783 95
1.0 0.9380388842736459 95
0.6563969351249742 0.2278144859484783 95
0.6515715322160268 0.8192047940318236 95
0.0 0.37713007307756047 95
0.6563969351249742 0.2278144859484783 95
0.0 0.37713007307756047 95
1.0 0.9380388842736459 95
0.32456308025607883 0.0 95
0.6515715322160268 0.8192047940318236 95
1.0 0.9380388842736459 95
0.6515715322160268 0.8192047940318236 95
0.6515715322160268 0.8192047940318236 95
0.40815024636747116 0.689356100030769 95
