1.0 1.0 95
0.6024722946141753 0.8359903937990625 95
0.6938459248272896 0.727773171562544 95
0.47630763558065875 0.6334177191487709 95
0.5171928085919955 0.5628381128887147 95
0.31832518452851155 0.4989385409206998 95
0.25754391324031445 0.44767556809864534 95
0.17838631369204808 0.4033364217645103 95
0.21266964270968028 0.36876344596441946 95
0.15063271580901155 0.3348552608308237 95
0.09635106530277333 0.3062989594669824 95
0.022847595421511255 0.27986218768487114 95
0.15785074974427818 0.2591667569260275 95
0.08695450878615207 0.23827482649438605 95
0.06087461713299318 0.21934527759128492 95
0.11624586970462031 0.20143399491139843 95
0.11025933231690507 0.1862336065549502 95
0.11804816216195518 0.17172740690954985 95
0.11827326573814724 0.15891688547959817 95
0.1234864391149722 0.14593295225416705 95
0.14449300964919998 0.13490942131657438 95
0.11421278991240665 0.12374290640107921 95
0.14914666317517783 0.11371079158791375 95
0.08905481246914874 0.10350540377331345 95
0.08398707063400553 0.09439780387049376 95
0.034835377332331594 0.08583506120214926 95
0.0 0.07736013140636007 95
0.3838826917128692 0.07258304302519387 95
0.10158071479394915 0.06295764485529667 95
0.1469465599339731 0.05575175903282761 95
0.2236453295992084 0.04974792775098427 95
0.2890621661456668 0.04385968522163043 95
0.3578512404961174 0.0374579033564962 95
0.34373289891558406 0.03172699484389363 95
0.43352710360616903 0.026181844439846044 95
0.41286847761436873 0.020033664267971846 95
0.5395369546891597 0.014988559135910646 95
0.5364355011224022 0.009638475891611974 95
0.6005199700474526 0.004748237152531374 95
0.6350587133729236 0.0 95
1.0 1.0 40
0.6024722946141753 0.8359903937990625 40
0.6938459248272896 0.727773171562544 40
0.47630763558065875 0.6334177191487709 40
0.5171928085919955 0.5628381128887147 40
0.31832518452851155 0.4989385409206998 40
0.25754391324031445 0.44767556809864534 40
0.17838631369204808 0.4033364217645103 40
0.21266964270968028 0.36876344596441946 40
0.15063271580901155 0.3348552608308237 40
0.09635106530277333 0.3062989594669824 40
0.022847595421511255 0.27986218768487114 40
0.15785074974427818 0.2591667569260275 40
0.08695450878615207 0.23827482649438605 40
0.06087461713299318 0.21934527759128492 40
0.11624586970462031 0.20143399491139843 40
0.11025933231690507 0.1862336065549502 40
0.11804816216195518 0.17172740690954985 40
0.11827326573814724 0.15891688547959817 40
0.1234864391149722 0.14593295225416705 40
0.14449300964919998 0.13490942131657438 40
0.11421278991240665 0.12374290640107921 40
0.14914666317517783 0.11371079158791375 40
0.08905481246914874 0.10350540377331345 40
0.08398707063400553 0.09439780387049376 40
0.034835377332331594 0.08583506120214926 40
0.0 0.07736013140636007 40
0.3838826917128692 0.07258304302519387 40
0.10158071479394915 0.06295764485529667 40
0.1469465599339731 0.05575175903282761 40
0.2236453295992084 0.04974792775098427 40
0.2890621661456668 0.04385968522163043 40
0.3578512404961174 0.0374579033564962 40
0.34373289891558406 0.03172699484389363 40
0.43352710360616903 0.026181844439846044 40
0.41286847761436873 0.020033664267971846 40
0.5395369546891597 0.014988559135910646 40
0.5364355011224022 0.009638475891611974 40
0.6005199700474526 0.004748237152531374 40
0.6350587133729236 0.0 40
0.022847595421511255 0.27986218768487114 95
0.6005199700474526 0.004748237152531374 40
0.41286847761436873 0.020033664267971846 95
0.034835377332331594 0.08583506120214926 95
0.11421278991240665 0.12374290640107921 95
0.11804816216195518 0.17172740690954985 40
0.1234864391149722 0.14593295225416705 95
0.5364355011224022 0.009638475891611974 95
0.47630763558065875 0.6334177191487709 95
0.09635106530277333 0.3062989594669824 40
0.022847595421511255 0.27986218768487114 40
0.47630763558065875 0.6334177191487709 40
0.08398707063400553 0.09439780387049376 40
0.11025933231690507 0.1862336065549502 40
0.0 0.07736013140636007 95
0.11624586970462031 0.20143399491139843 95
0.022847595421511255 0.27986218768487114 40
0.6024722946141753 0.8359903937990625 95
0.034835377332331594 0.08583506120214926 95
0.6005199700474526 0.004748237152531374 95
