0.8896327370921807 1.0 95
0.8525226193390254 0.8572999664501182 95
0.6730501249398785 0.7439660917395493 95
0.6197274823870832 0.6564606113109731 95
0.5750680284096854 0.5839831290322183 95
0.3589841542231465 0.5199390077720017 95
0.3141086010092166 0.46920726698824927 95
0.17536510800049643 0.4240394482017584 95
0.20825629725849765 0.386244662107727 95
0.08417044821462759 0.3514100735620489 95
0.16937266960101707 0.32356973902738334 95
0.17004714912467 0.29735849587636626 95
0.1734310637533372 0.27429198051353043 95
0.09166504035405333 0.2524226852305201 95
0.11862187101701507 0.23257583897436512 95
0.10525616002000099 0.2147210342618755 95
0.12703581627673113 0.19831434167090725 95
0.10519092927535792 0.18300795882263837 95
0.12298892240982502 0.16888850397612865 95
0.15016551157586577 0.15582287051639418 95
0.14715115735525272 0.14359137187865464 95
0.11704987625441055 0.13237278359521756 95
0.07499000788564303 0.12061451778102142 95
0.025097946455465887 0.11027859741475549 95
0.022698674505717244 0.1007460965358947 95
0.0 0.09164367347371197 95
0.0031449302968387183 0.08257627616982088 95
1.0 0.08130922741503085 95
0.11473324010374585 0.06706166542006474 95
0.11541994161666515 0.05960803426735058 95
0.3461797102609191 0.05342274525881564 95
0.416615445345781 0.04717074311690633 95
0.36101653956459645 0.04007230293300001 95
0.4322046613037973 0.033484488223673586 95
0.5630314342561287 0.027879317675504594 95
0.6153715595154334 0.022124371959257157 95
0.6538866028396644 0.01618388904786467 95
0.6758726426338402 0.010065877218635395 95
0.7971606643582169 0.005327186688573611 95
0.8769345874436071 0.0 95
0.8896327370921807 1.0 40
0.8525226193390254 0.8572999664501182 40
0.6730501249398785 0.7439660917395493 40
0.6197274823870832 0.6564606113109731 40
0.5750680284096854 0.5839831290322183 40
0.3589841542231465 0.5199390077720017 40
0.3141086010092166 0.46920726698824927 40
0.17536510800049643 0.4240394482017584 40
0.20825629725849765 0.386244662107727 40
0.08417044821462759 0.3514100735620489 40
0.16937266960101707 0.32356973902738334 40
0.17004714912467 0.29735849587636626 40
0.1734310637533372 0.27429198051353043 40
0.09166504035405333 0.2524226852305201 40
0.11862187101701507 0.23257583897436512 40
0.10525616002000099 0.2147210342618755 40
0.12703581627673113 0.19831434167090725 40
0.10519092927535792 0.18300795882263837 40
0.12298892240982502 0.16888850397612865 40
0.15016551157586577 0.15582287051639418 40
0.14715115735525272 0.14359137187865464 40
0.11704987625441055 0.13237278359521756 40
0.07499000788564303 0.12061451778102142 40
0.025097946455465887 0.11027859741475549 40
0.022698674505717244 0.1007460965358947 40
0.0 0.09164367347371197 40
0.0031449302968387183 0.08257627616982088 40
1.0 0.08130922741503085 40
0.11473324010374585 0.06706166542006474 40
0.11541994161666515 0.05960803426735058 40
0.3461797102609191 0.05342274525881564 40
0.416615445345781 0.04717074311690633 40
0.36101653956459645 0.04007230293300001 40
0.4322046613037973 0.033484488223673586 40
0.5630314342561287 0.027879317675504594 40
0.6153715595154334 0.022124371959257157 40
0.6538866028396644 0.01618388904786467 40
0.6758726426338402 0.010065877218635395 40
0.7971606643582169 0.005327186688573611 40
0.8769345874436071 0.0 40
0.10519092927535792 0.18300795882263837 40
0.17004714912467 0.29735849587636626 95
0.11541994161666515 0.05960803426735058 40
0.10525616002000099 0.2147210342618755 95
0.11473324010374585 0.06706166542006474 95
0.025097946455465887 0.11027859741475549 95
0.022698674505717244 0.1007460965358947 95
0.0 0.09164367347371197 40
0.7971606643582169 0.005327186688573611 40
0.16937266960101707 0.32356973902738334 40
0.3141086010092166 0.46920726698824927 95
0.022698674505717244 0.1007460965358947 40
0.6153715595154334 0.022124371959257157 40
0.0031449302968387183 0.08257627616982088 40
0.3461797102609191 0.05342274525881564 40
0.3461797102609191 0.05342274525881564 95
0.6153715595154334 0.022124371959257157 95
0.0 0.09164367347371197 95
0.16937266960101707 0.32356973902738334 95
0.0 0.09164367347371197 40
