0.6246300574807773 1.0 95
0.6991423350616153 0.8683880089515421 95
0.4866690592923887 0.7514684070699015 95
0.5832770697503668 0.6689994173047759 95
0.49871799646861575 0.596138684496898 95
0.2936782931871603 0.5291049045017282 95
0.27470299825362277 0.479131966119603 95
0.22890184687369408 0.4337604878316713 95
0.2341424979269053 0.39629918815850157 95
0.19314305624251016 0.36250189294205704 95
0.12155952530140168 0.3314088064828788 95
0.19092332152900252 0.3064387765608479 95
0.1448599525005909 0.2816382124584906 95
0.11717435011420602 0.2585254133195018 95
0.16501432462280882 0.2400832609118175 95
0.11080099396492915 0.22084808343613554 95
0.1975110695307772 0.20475867301053893 95
0.17360583837447024 0.1889356931897206 95
0.1916639071431336 0.17543970914107207 95
0.11431343179757111 0.1606525376031127 95
0.10934831774187803 0.14803685911069447 95
0.10063853230976132 0.1362700522534281 95
0.10439665118204211 0.12458237740156035 95
0.09592588218487497 0.11401471017400269 95
0.0 0.10365323760210987 95
0.045319419369265604 0.09468606605594633 95
0.1380065983344432 0.08656830908016322 95
1.0 0.0860272310530207 95
0.19688293727244896 0.07002645142443188 95
0.1929337184292659 0.06216570429433554 95
0.2930032711712481 0.055669680909157984 95
0.33970513421063453 0.04847704845437253 95
0.400765062734095 0.04170594207640646 95
0.46304604699728485 0.035225603576123234 95
0.4596014358669353 0.029113378404699318 95
0.5145072877846676 0.023087582495168617 95
0.560116727028025 0.017086711327352896 95
0.6574593454933079 0.011231306115312 95
0.6117544833482763 0.005238851523108466 95
0.7860415325798642 0.0 95
0.6246300574807773 1.0 40
0.6991423350616153 0.8683880089515421 40
0.4866690592923887 0.7514684070699015 40
0.5832770697503668 0.6689994173047759 40
0.49871799646861575 0.596138684496898 40
0.2936782931871603 0.5291049045017282 40
0.27470299825362277 0.479131966119603 40
0.22890184687369408 0.4337604878316713 40
0.2341424979269053 0.39629918815850157 40
0.19314305624251016 0.36250189294205704 40
0.12155952530140168 0.3314088064828788 40
0.19092332152900252 0.3064387765608479 40
0.1448599525005909 0.2816382124584906 40
0.11717435011420602 0.2585254133195018 40
0.16501432462280882 0.2400832609118175 40
0.11080099396492915 0.22084808343613554 40
0.1975110695307772 0.20475867301053893 40
0.17360583837447024 0.1889356931897206 40
0.1916639071431336 0.17543970914107207 40
0.11431343179757111 0.1606525376031127 40
0.10934831774187803 0.14803685911069447 40
0.10063853230976132 0.1362700522534281 40
0.10439665118204211 0.12458237740156035 40
0.09592588218487497 0.11401471017400269 40
0.0 0.10365323760210987 40
0.045319419369265604 0.09468606605594633 40
0.1380065983344432 0.08656830908016322 40
1.0 0.0860272310530207 40
0.19688293727244896 0.07002645142443188 40
0.1929337184292659 0.06216570429433554 40
0.2930032711712481 0.055669680909157984 40
0.33970513421063453 0.04847704845437253 40
0.400765062734095 0.04170594207640646 40
0.46304604699728485 0.035225603576123234 40
0.4596014358669353 0.029113378404699318 40
0.5145072877846676 0.023087582495168617 40
0.560116727028025 0.017086711327352896 40
0.6574593454933079 0.011231306115312 40
0.6117544833482763 0.005238851523108466 40
0.7860415325798642 0.0 40
0.1380065983344432 0.08656830908016322 40
1.0 0.0860272310530207 95
0.0 0.10365323760210987 95
0.11080099396492915 0.22084808343613554 95
0.045319419369265604 0.09468606605594633 40
0.19314305624251016 0.36250189294205704 40
0.33970513421063453 0.04847704845437253 40
0.09592588218487497 0.11401471017400269 40
0.22890184687369408 0.4337604878316713 40
0.4596014358669353 0.029113378404699318 40
0.10934831774187803 0.14803685911069447 95
0.11080099396492915 0.22084808343613554 40
0.33970513421063453 0.04847704845437253 40
0.0 0.10365323760210987 95
0.4866690592923887 0.7514684070699015 95
0.6117544833482763 0.005238851523108466 95
0.27470299825362277 0.479131966119603 40
0.2341424979269053 0.39629918815850157 40
0.46304604699728485 0.035225603576123234 95
0.11431343179757111 0.1606525376031127 95
