0.6545224483045571 1.0 95
0.6995926373993484 0.8652942938436133 95
0.5473642838270893 0.7498752145567411 95
0.5068587999163165 0.6627920692847526 95
0.49925904356667317 0.5905277708672597 95
0.22718429549810915 0.5244328398719814 95
0.27426818371185824 0.47583895980454255 95
0.24777417540665694 0.4311654845111168 95
0.23416616783621758 0.39375005189727985 95
0.16070305399865725 0.35875545575789797 95
0.07285912475988503 0.32804094966075703 95
0.15439465421909718 0.30303467937472695 95
0.13668824688208514 0.27876091406192843 95
0.06953678258150982 0.25688218104686056 95
0.13114632123785047 0.2371321900166907 95
0.08858005166868964 0.21854629157562055 95
0.14316372765986823 0.20256989187847693 95
0.11713932931476742 0.18655508988884723 95
0.20140570625902104 0.1730511642278221 95
0.12929945929330788 0.1594878870834552 95
0.09428919431602992 0.1466414038605898 95
0.13276579905000652 0.13562271594557646 95
0.05158281451990982 0.12351851447227516 95
0.06030955035288307 0.11333493111687948 95
0.0 0.10304545952344946 95
0.05791539481388709 0.09390786418834464 95
0.021218666823576357 0.08490614373736792 95
1.0 0.0846685571509535 95
0.15398165041194767 0.06903979452799026 95
0.16372574849330754 0.0615584579147522 95
0.3173395093850987 0.05543110842388012 95
0.3851268819905408 0.04808872727434985 95
0.38262712461310905 0.04119315227954205 95
0.47118590261839 0.035142885956956374 95
0.5245113743349534 0.028977053325572415 95
0.54631475300993 0.022881551962985844 95
0.6192679635722761 0.016788899357629273 95
0.6438096305393818 0.011021430821622585 95
0.6653628672517564 0.005178439635346122 95
0.7954122527747258 0.0 95
0.6545224483045571 1.0 40
0.6995926373993484 0.8652942938436133 40
0.5473642838270893 0.7498752145567411 40
0.5068587999163165 0.6627920692847526 40
0.49925904356667317 0.5905277708672597 40
0.22718429549810915 0.5244328398719814 40
0.27426818371185824 0.47583895980454255 40
0.24777417540665694 0.4311654845111168 40
0.23416616783621758 0.39375005189727985 40
0.16070305399865725 0.35875545575789797 40
0.07285912475988503 0.32804094966075703 40
0.15439465421909718 0.30303467937472695 40
0.13668824688208514 0.27876091406192843 40
0.06953678258150982 0.25688218104686056 40
0.13114632123785047 0.2371321900166907 40
0.08858005166868964 0.21854629157562055 40
0.14316372765986823 0.20256989187847693 40
0.11713932931476742 0.18655508988884723 40
0.20140570625902104 0.1730511642278221 40
0.12929945929330788 0.1594878870834552 40
0.09428919431602992 0.1466414038605898 40
0.13276579905000652 0.13562271594557646 40
0.05158281451990982 0.12351851447227516 40
0.06030955035288307 0.11333493111687948 40
0.0 0.10304545952344946 40
0.05791539481388709 0.09390786418834464 40
0.021218666823576357 0.08490614373736792 40
1.0 0.0846685571509535 40
0.15398165041194767 0.06903979452799026 40
0.16372574849330754 0.0615584579147522 40
0.3173395093850987 0.05543110842388012 40
0.3851268819905408 0.04808872727434985 40
0.38262712461310905 0.04119315227954205 40
0.47118590261839 0.035142885956956374 40
0.5245113743349534 0.028977053325572415 40
0.54631475300993 0.022881551962985844 40
0.6192679635722761 0.016788899357629273 40
0.6438096305393818 0.011021430821622585 40
0.6653628672517564 0.005178439635346122 40
0.7954122527747258 0.0 40
0.08858005166868964 0.21854629157562055 95
0.54631475300993 0.022881551962985844 95
0.6438096305393818 0.011021430821622585 40
0.5068587999163165 0.6627920692847526 40
0.3173395093850987 0.05543110842388012 95
0.24777417540665694 0.4311654845111168 95
0.5473642838270893 0.7498752145567411 95
0.22718429549810915 0.5244328398719814 95
0.13114632123785047 0.2371321900166907 40
0.12929945929330788 0.1594878870834552 95
0.05158281451990982 0.12351851447227516 40
0.6995926373993484 0.8652942938436133 40
0.05158281451990982 0.12351851447227516 40
0.3173395093850987 0.05543110842388012 95
0.7954122527747258 0.0 95
0.5245113743349534 0.028977053325572415 95
0.5473642838270893 0.7498752145567411 40
0.38262712461310905 0.04119315227954205 95
0.16070305399865725 0.35875545575789797 40
0.27426818371185824 0.47583895980454255 40
