1.0 1.0 95
0.9032595861186691 0.8626779797646387 95
0.7162773861937036 0.7512780396484364 95
0.6279124358880034 0.6637503482090462 95
0.40454899838894615 0.5899252006791471 95
0.3122377335021571 0.5281066524509831 95
0.32433211358477143 0.47816602587029683 95
0.28597206038780504 0.43390373375835894 95
0.23112670539160973 0.3956679592024648 95
0.1383789872310286 0.36044064604649956 95
0.10309400064667122 0.3300331756215241 95
0.19481092229885263 0.3049946380227325 95
0.10722434920707968 0.2792043679304478 95
0.11920667090114771 0.25811830628779353 95
0.06637710067689112 0.23686910586628124 95
0.11075272662867186 0.219387162040593 95
0.12531253555523003 0.20231554977589972 95
0.1773186479635219 0.18674447595619756 95
0.10047255133686452 0.17172213277561926 95
0.14181776313125166 0.15841227328272953 95
0.08033411553589688 0.14510205043964305 95
0.08011286960949188 0.13328596364434941 95
0.00998382161045004 0.12141249207192865 95
0.03119172097482548 0.11106686106224002 95
0.01721253289035782 0.10018865601153586 95
0.0 0.0908155039476162 95
0.3561777587158208 0.08440133448813689 95
0.07562863422376513 0.07367723395453606 95
0.15788835657544006 0.0660158444506649 95
0.24046256028017118 0.05791490438318853 95
0.2741678735855444 0.05104971355054709 95
0.415242525511217 0.043908461429669414 95
0.4722604642534516 0.03735489680206175 95
0.5477346128789612 0.030373169494543904 95
0.5509362254847476 0.024173482520469206 95
0.6195064628225198 0.01784433346200274 95
0.7334513076754289 0.011577676097189463 95
0.8330963747916825 0.005604130801314964 95
0.8157842858257265 0.0 95
1.0 1.0 40
0.9032595861186691 0.8626779797646387 40
0.7162773861937036 0.7512780396484364 40
0.6279124358880034 0.6637503482090462 40
0.40454899838894615 0.5899252006791471 40
0.3122377335021571 0.5281066524509831 40
0.32433211358477143 0.47816602587029683 40
0.28597206038780504 0.43390373375835894 40
0.23112670539160973 0.3956679592024648 40
0.1383789872310286 0.36044064604649956 40
0.10309400064667122 0.3300331756215241 40
0.19481092229885263 0.3049946380227325 40
0.10722434920707968 0.2792043679304478 40
0.11920667090114771 0.25811830628779353 40
0.06637710067689112 0.23686910586628124 40
0.11075272662867186 0.219387162040593 40
0.12531253555523003 0.20231554977589972 40
0.1773186479635219 0.18674447595619756 40
0.10047255133686452 0.17172213277561926 40
0.14181776313125166 0.15841227328272953 40
0.08033411553589688 0.14510205043964305 40
0.08011286960949188 0.13328596364434941 40
0.00998382161045004 0.12141249207192865 40
0.03119172097482548 0.11106686106224002 40
0.01721253289035782 0.10018865601153586 40
0.0 0.0908155039476162 40
0.3561777587158208 0.08440133448813689 40
0.07562863422376513 0.07367723395453606 40
0.15788835657544006 0.0660158444506649 40
0.24046256028017118 0.05791490438318853 40
0.2741678735855444 0.05104971355054709 40
0.415242525511217 0.043908461429669414 40
0.4722604642534516 0.03735489680206175 40
0.5477346128789612 0.030373169494543904 40
0.5509362254847476 0.024173482520469206 40
0.6195064628225198 0.01784433346200274 40
0.7334513076754289 0.011577676097189463 40
0.8330963747916825 0.005604130801314964 40
0.8157842858257265 0.0 40
0.8157842858257265 0.0 95
0.24046256028017118 0.05791490438318853 40
0.10309400064667122 0.3300331756215241 40
0.12531253555523003 0.20231554977589972 95
0.28597206038780504 0.43390373375835894 95
0.8330963747916825 0.005604130801314964 95
0.1383789872310286 0.36044064604649956 40
0.10047255133686452 0.17172213277561926 40
0.1383789872310286 0.36044064604649956 95
0.8330963747916825 0.005604130801314964 95
0.10722434920707968 0.2792043679304478 40
0.2741678735855444 0.05104971355054709 95
0.19481092229885263 0.3049946380227325 95
0.06637710067689112 0.23686910586628124 95
0.3561777587158208 0.08440133448813689 95
0.32433211358477143 0.47816602587029683 95
0.10722434920707968 0.2792043679304478 40
0.1383789872310286 0.36044064604649956 40
0.28597206038780504 0.43390373375835894 95
0.01721253289035782 0.10018865601153586 95
0.7162773861937036 0.7512780396484364 40
0.5509362254847476 0.024173482520469206 95
