0.773620603950443 1.0 95
0.7668525145787131 0.8609305959781364 95
0.6352834594008898 0.7478317084843441 95
0.6072380674714394 0.6611012918054924 95
0.4685556326340356 0.5871984755863549 95
0.2502433343843991 0.5224156520846738 95
0.3426318729816037 0.47322682540963457 95
0.19167539594564986 0.42689335244934634 95
0.18741022683671008 0.3899227151970484 95
0.15801030704349459 0.35575000820805946 95
0.19391147501616296 0.3278811240500432 95
0.10483310051672463 0.3001593858433727 95
0.13563178838972514 0.2768364290184853 95
0.1641042784596676 0.2558765479574843 95
0.17072793674638392 0.23600184071969854 95
0.12020313010804623 0.21703776611399261 95
0.1761667163526169 0.2007706623134093 95
0.1317814806193075 0.18519212157115383 95
0.16884220051418666 0.17133016538832588 95
0.15110674256872667 0.15852608781903918 95
0.14670919287997583 0.14596563082366923 95
0.16399213493628786 0.13413514352010614 95
0.10409698437809513 0.12264857546693693 95
0.06834143385036529 0.11191822581262777 95
0.014741760015803972 0.10226715193553128 95
0.058765487460269876 0.09295877616638473 95
0.0 0.08370122801372507 95
1.0 0.08351194588208022 95
0.13867094631119467 0.06862773374095274 95
0.14899961611218254 0.06078040541192161 95
0.32558311223981884 0.054716730018725325 95
0.3745581921103544 0.04812102925766729 95
0.3861226420913328 0.04066343859971517 95
0.4483445417058248 0.034957768519919406 95
0.5656340677063493 0.028510935557117822 95
0.5597882037901224 0.02262601808382781 95
0.6688550788457744 0.016817010934049987 95
0.6556712371632362 0.01093157344358749 95
0.7665866304410132 0.005589579474922538 95
0.8406770832500479 0.0 95
0.773620603950443 1.0 40
0.7668525145787131 0.8609305959781364 40
0.6352834594008898 0.7478317084843441 40
0.6072380674714394 0.6611012918054924 40
0.4685556326340356 0.5871984755863549 40
0.2502433343843991 0.5224156520846738 40
0.3426318729816037 0.47322682540963457 40
0.19167539594564986 0.42689335244934634 40
0.18741022683671008 0.3899227151970484 40
0.15801030704349459 0.35575000820805946 40
0.19391147501616296 0.3278811240500432 40
0.10483310051672463 0.3001593858433727 40
0.13563178838972514 0.2768364290184853 40
0.1641042784596676 0.2558765479574843 40
0.17072793674638392 0.23600184071969854 40
0.12020313010804623 0.21703776611399261 40
0.1761667163526169 0.2007706623134093 40
0.1317814806193075 0.18519212157115383 40
0.16884220051418666 0.17133016538832588 40
0.15110674256872667 0.15852608781903918 40
0.14670919287997583 0.14596563082366923 40
0.16399213493628786 0.13413514352010614 40
0.10409698437809513 0.12264857546693693 40
0.06834143385036529 0.11191822581262777 40
0.014741760015803972 0.10226715193553128 40
0.058765487460269876 0.09295877616638473 40
0.0 0.08370122801372507 40
1.0 0.08351194588208022 40
0.13867094631119467 0.06862773374095274 40
0.14899961611218254 0.06078040541192161 40
0.32558311223981884 0.054716730018725325 40
0.3745581921103544 0.04812102925766729 40
0.3861226420913328 0.04066343859971517 40
0.4483445417058248 0.034957768519919406 40
0.5656340677063493 0.028510935557117822 40
0.5597882037901224 0.02262601808382781 40
0.6688550788457744 0.016817010934049987 40
0.6556712371632362 0.01093157344358749 40
0.7665866304410132 0.005589579474922538 40
0.8406770832500479 0.0 40
0.7665866304410132 0.005589579474922538 95
0.1761667163526169 0.2007706623134093 95
0.19167539594564986 0.42689335244934634 95
0.13563178838972514 0.2768364290184853 40
0.14899961611218254 0.06078040541192161 40
0.1317814806193075 0.18519212157115383 95
0.7668525145787131 0.8609305959781364 95
0.15110674256872667 0.15852608781903918 95
0.6072380674714394 0.6611012918054924 95
0.15801030704349459 0.35575000820805946 95
0.13563178838972514 0.2768364290184853 40
0.14899961611218254 0.06078040541192161 40
0.014741760015803972 0.10226715193553128 95
0.058765487460269876 0.09295877616638473 95
0.014741760015803972 0.10226715193553128 40
0.16399213493628786 0.13413514352010614 95
0.12020313010804623 0.21703776611399261 40
0.1761667163526169 0.2007706623134093 40
0.4483445417058248 0.034957768519919406 95
0.8406770832500479 0.0 95
