1.0 1.0 95
0.822275710793673 0.8600957319545751 95
0.6570976267626562 0.7487580001313798 95
0.608583717552101 0.6622021142542315 95
0.34161131610749973 0.5858184639538039 95
0.3187163300206067 0.5252461757652951 95
0.2595826410984637 0.4759213925970026 95
0.28107038512086857 0.4320368597838114 95
0.2033626771126793 0.3929159658844087 95
0.22878920230540065 0.3603228237032777 95
0.1864525314091864 0.3300372056065411 95
0.1899335595464272 0.30305110198267865 95
0.11306999889516685 0.2779490463633455 95
0.14603910219434751 0.2567832673845245 95
0.1731658564263318 0.23646930264090446 95
0.14339239525344213 0.2180902085418148 95
0.12927156734570955 0.2011295672434686 95
0.18293736896006432 0.18587962310479464 95
0.13508945684568688 0.1713274430787338 95
0.12990257761007326 0.15773533964958666 95
0.09260241765983095 0.14466710298997593 95
0.10780987095767697 0.1325149925567638 95
0.08660565777081819 0.12060890250319807 95
0.1243305477994818 0.11072479820880911 95
0.0 0.10005909977337353 95
0.026859758069739278 0.09053153968679266 95
0.3238260527379524 0.08393717761831454 95
0.11827318236093183 0.07334677851309326 95
0.1273294414390515 0.0652655175610788 95
0.2707732558250791 0.058400468817878005 95
0.2785595875880857 0.05079655084127604 95
0.4081096508198429 0.043704961532821614 95
0.3915705728039667 0.03663598205902427 95
0.5193337064592347 0.030513663659379003 95
0.5649097673124464 0.023729382564943648 95
0.6144977177948939 0.017604164913523717 95
0.7229485587148904 0.011834393734137718 95
0.7680993094610199 0.006182420690556243 95
0.8222454847588844 0.0 95
1.0 1.0 40
0.822275710793673 0.8600957319545751 40
0.6570976267626562 0.7487580001313798 40
0.608583717552101 0.6622021142542315 40
0.34161131610749973 0.5858184639538039 40
0.3187163300206067 0.5252461757652951 40
0.2595826410984637 0.4759213925970026 40
0.28107038512086857 0.4320368597838114 40
0.2033626771126793 0.3929159658844087 40
0.22878920230540065 0.3603228237032777 40
0.1864525314091864 0.3300372056065411 40
0.1899335595464272 0.30305110198267865 40
0.11306999889516685 0.2779490463633455 40
0.14603910219434751 0.2567832673845245 40
0.1731658564263318 0.23646930264090446 40
0.14339239525344213 0.2180902085418148 40
0.12927156734570955 0.2011295672434686 40
0.18293736896006432 0.18587962310479464 40
0.13508945684568688 0.1713274430787338 40
0.12990257761007326 0.15773533964958666 40
0.09260241765983095 0.14466710298997593 40
0.10780987095767697 0.1325149925567638 40
0.08660565777081819 0.12060890250319807 40
0.1243305477994818 0.11072479820880911 40
0.0 0.10005909977337353 40
0.026859758069739278 0.09053153968679266 40
0.3238260527379524 0.08393717761831454 40
0.11827318236093183 0.07334677851309326 40
0.1273294414390515 0.0652655175610788 40
0.2707732558250791 0.058400468817878005 40
0.2785595875880857 0.05079655084127604 40
0.4081096508198429 0.043704961532821614 40
0.3915705728039667 0.03663598205902427 40
0.5193337064592347 0.030513663659379003 40
0.5649097673124464 0.023729382564943648 40
0.6144977177948939 0.017604164913523717 40
0.7229485587148904 0.011834393734137718 40
0.7680993094610199 0.006182420690556243 40
0.8222454847588844 0.0 40
0.608583717552101 0.6622021142542315 40
0.22878920230540065 0.3603228237032777 95
0.3915705728039667 0.03663598205902427 95
0.14603910219434751 0.2567832673845245 95
0.026859758069739278 0.09053153968679266 40
0.1243305477994818 0.11072479820880911 95
0.608583717552101 0.6622021142542315 40
0.09260241765983095 0.14466710298997593 40
0.34161131610749973 0.5858184639538039 40
0.608583717552101 0.6622021142542315 40
0.5193337064592347 0.030513663659379003 40
0.11306999889516685 0.2779490463633455 95
0.18293736896006432 0.18587962310479464 95
0.5649097673124464 0.023729382564943648 40
0.1273294414390515 0.0652655175610788 40
0.6570976267626562 0.7487580001313798 95

0.28107038512086857 0.4320368597838114 40
0.8222454847588844 0.0 40
0.5193337064592347 0.030513663659379003 40
0.2033626771126793 0.3929159658844087 95
0.5649097673124464 0.023729382564943648 95
