1.0 1.0 95
0.8599804192484034 0.8612947924856134 95
0.6369691013358322 0.7499011771044145 95
0.6337023024058772 0.6659094487751972 95
0.4258214176458121 0.5899006315970116 95
0.3223181316052645 0.52909365750505 95
0.24892541636858104 0.4782454365043961 95
0.3247509576424405 0.43498772423546594 95
0.17114080306558155 0.39515436913815827 95
0.14511226808298527 0.36115082879588495 95
0.07286947303373696 0.3303894566649395 95
0.17973750476269237 0.305380717136259 95
0.11441910527080162 0.2796170428162836 95
0.036878121703422514 0.2577418300151943 95
0.08243154937413569 0.23761607557709366 95
0.15613991041010644 0.21972456787280606 95
0.1779714317385198 0.2029575705279166 95
0.12811829420790685 0.18675912573688833 95
0.13496352735279016 0.17231262189765054 95
0.18700408158413864 0.15898033696302286 95
0.12105991168778242 0.145596800844196 95
0.09672554862138455 0.13381789390482424 95
0.06345663318919391 0.121866953688787 95
0.08548435042631361 0.11130074244910541 95
0.0 0.1011862487687324 95
0.02566253294431092 0.09157802079648995 95
0.4050662818792381 0.08492783816289598 95
0.08555940341576797 0.07441665036670979 95
0.12429944564857652 0.0660990714154289 95
0.27689961014830106 0.058931121256783105 95
0.3195749857034813 0.0513211651333315 95
0.40388249966681383 0.044557354736283035 95
0.4380425794226831 0.037311729851702426 95
0.537569909461034 0.031038029847450688 95
0.5691313872226654 0.024125382270839615 95
0.6379192705241293 0.017964651362424387 95
0.6338922610293215 0.01199059285539576 95
0.7767968853989894 0.006295978913678701 95
0.7972516633108254 0.0 95
1.0 1.0 40
0.8599804192484034 0.8612947924856134 40
0.6369691013358322 0.7499011771044145 40
0.6337023024058772 0.6659094487751972 40
0.4258214176458121 0.5899006315970116 40
0.3223181316052645 0.52909365750505 40
0.24892541636858104 0.4782454365043961 40
0.3247509576424405 0.43498772423546594 40
0.17114080306558155 0.39515436913815827 40
0.14511226808298527 0.36115082879588495 40
0.07286947303373696 0.3303894566649395 40
0.17973750476269237 0.305380717136259 40
0.11441910527080162 0.2796170428162836 40
0.036878121703422514 0.2577418300151943 40
0.08243154937413569 0.23761607557709366 40
0.15613991041010644 0.21972456787280606 40
0.1779714317385198 0.2029575705279166 40
0.12811829420790685 0.18675912573688833 40
0.13496352735279016 0.17231262189765054 40
0.18700408158413864 0.15898033696302286 40
0.12105991168778242 0.145596800844196 40
0.09672554862138455 0.13381789390482424 40
0.06345663318919391 0.121866953688787 40
0.08548435042631361 0.11130074244910541 40
0.0 0.1011862487687324 40
0.02566253294431092 0.09157802079648995 40
0.4050662818792381 0.08492783816289598 40
0.08555940341576797 0.07441665036670979 40
0.12429944564857652 0.0660990714154289 40
0.27689961014830106 0.058931121256783105 40
0.3195749857034813 0.0513211651333315 40
0.40388249966681383 0.044557354736283035 40
0.4380425794226831 0.037311729851702426 40
0.537569909461034 0.031038029847450688 40
0.5691313872226654 0.024125382270839615 40
0.6379192705241293 0.017964651362424387 40
0.6338922610293215 0.01199059285539576 40
0.7767968853989894 0.006295978913678701 40
0.7972516633108254 0.0 40
0.27689961014830106 0.058931121256783105 95
0.7767968853989894 0.006295978913678701 95
0.036878121703422514 0.2577418300151943 40
0.6338922610293215 0.01199059285539576 95
0.12429944564857652 0.0660990714154289 40
0.09672554862138455 0.13381789390482424 95
0.6379192705241293 0.017964651362424387 95
0.18700408158413864 0.15898033696302286 95
0.17973750476269237 0.305380717136259 95
0.24892541636858104 0.4782454365043961 95
0.12105991168778242 0.145596800844196 95
0.08555940341576797 0.07441665036670979 40
0.17973750476269237 0.305380717136259 40
0.8599804192484034 0.8612947924856134 95
0.24892541636858104 0.4782454365043961 40
0.09672554862138455 0.13381789390482424 40
0.11441910527080162 0.2796170428162836 40
0.24892541636858104 0.4782454365043961 95
0.08243154937413569 0.23761607557709366 95
0.02566253294431092 0.09157802079648995 95
0.6337023024058772 0.6659094487751972 95
0.7972516633108254 0.0 95
