1.0 1.0 95
0.5563385304643387 0.8333241867047969 95
0.6850740313250627 0.7284881095328014 95
0.47255179305238315 0.6332961909096821 95
0.4961481412491499 0.563543745072133 95
0.3381936544170661 0.500727763066278 95
0.23884256811604387 0.4477648506383105 95
0.19352626108554732 0.404872136624943 95
0.23705275350798144 0.3703112573432157 95
0.08485279840046447 0.33482619388162277 95
0.13346738455867935 0.30799730101734457 95
0.06353688374019406 0.2815053573571112 95
0.1421078143299577 0.2604205398784523 95
0.11688408814236308 0.23937629866910093 95
0.06385942572441193 0.21955341576150667 95
0.08490536874979762 0.2026973412730911 95
0.11946113661063743 0.18742023248995762 95
0.1112945740268425 0.17282853855195898 95
0.1324395533553897 0.1597154141512046 95
0.09177635731536671 0.14720993570354488 95
0.09137423700292054 0.13526296945247604 95
0.06964940082818712 0.12417806194308295 95
0.10036960039744934 0.11436433386293364 95
0.03617983350214609 0.10393596672744493 95
0.0332009223759637 0.09504562918130599 95
0.030406240005891327 0.08603222036238853 95
0.0 0.07793963986715838 95
0.413445750293623 0.07409410940857962 95
0.10378146199082212 0.06344520202161634 95
0.12648206725907055 0.05663140805627597 95
0.17290748489865035 0.05049539876458619 95
0.2544604605760007 0.044381163637430686 95
0.3097860899080345 0.03819808632325392 95
0.2984876351774481 0.03210657111725273 95
0.36162445153565304 0.026158556646329257 95
0.4062079931575492 0.020658772208873803 95
0.4914166721468274 0.015922142897579494 95
0.5056363369874236 0.010134246673213193 95
0.5263501918805089 0.005023550515446527 95
0.5891731861381567 0.0 95
1.0 1.0 40
0.5563385304643387 0.8333241867047969 40
0.6850740313250627 0.7284881095328014 40
0.47255179305238315 0.6332961909096821 40
0.4961481412491499 0.563543745072133 40
0.3381936544170661 0.500727763066278 40
0.23884256811604387 0.4477648506383105 40
0.19352626108554732 0.404872136624943 40
0.23705275350798144 0.3703112573432157 40
0.08485279840046447 0.33482619388162277 40
0.13346738455867935 0.30799730101734457 40
0.06353688374019406 0.2815053573571112 40
0.1421078143299577 0.2604205398784523 40
0.11688408814236308 0.23937629866910093 40
0.06385942572441193 0.21955341576150667 40
0.08490536874979762 0.2026973412730911 40
0.11946113661063743 0.18742023248995762 40
0.1112945740268425 0.17282853855195898 40
0.1324395533553897 0.1597154141512046 40
0.09177635731536671 0.14720993570354488 40
0.09137423700292054 0.13526296945247604 40
0.06964940082818712 0.12417806194308295 40
0.10036960039744934 0.11436433386293364 40
0.03617983350214609 0.10393596672744493 40
0.0332009223759637 0.09504562918130599 40
0.030406240005891327 0.08603222036238853 40
0.0 0.07793963986715838 40
0.413445750293623 0.07409410940857962 40
0.10378146199082212 0.06344520202161634 40
0.12648206725907055 0.05663140805627597 40
0.17290748489865035 0.05049539876458619 40
0.2544604605760007 0.044381163637430686 40
0.3097860899080345 0.03819808632325392 40
0.2984876351774481 0.03210657111725273 40
0.36162445153565304 0.026158556646329257 40
0.4062079931575492 0.020658772208873803 40
0.4914166721468274 0.015922142897579494 40
0.5056363369874236 0.010134246673213193 40
0.5263501918805089 0.005023550515446527 40
0.5891731861381567 0.0 40
0.08485279840046447 0.33482619388162277 95
0.47255179305238315 0.6332961909096821 40
0.10378146199082212 0.06344520202161634 40
0.08490536874979762 0.2026973412730911 95
0.06353688374019406 0.2815053573571112 40
1.0 1.0 40
1.0 1.0 40
0.09137423700292054 0.13526296945247604 95
0.08485279840046447 0.33482619388162277 95
0.12648206725907055 0.05663140805627597 40
0.413445750293623 0.07409410940857962 95
0.06964940082818712 0.12417806194308295 95
0.5563385304643387 0.8333241867047969 95
0.4961481412491499 0.563543745072133 95
0.06385942572441193 0.21955341576150667 40
0.03617983350214609 0.10393596672744493 40
0.3381936544170661 0.500727763066278 40
0.0 0.07793963986715838 40
0.0 0.07793963986715838 95
0.4062079931575492 0.020658772208873803 95
