1.0 1.0 95
0.9361587710470609 0.8631453759885989 95
0.6503320881349276 0.7483012423531459 95
0.6123554538528498 0.6630528771640926 95
0.5084072403975941 0.5899881315662866 95
0.2834145669651409 0.5263146096523282 95
0.3248762689179575 0.47701372570567585 95
0.25954545749158875 0.43224667785807463 95
0.2286287849855972 0.3937351506159459 95
0.2520406573953418 0.3610135198550694 95
0.20374243385208438 0.33037104382093097 95
0.17213650594510463 0.3037153525913624 95
0.09072865766372051 0.27838036489339985 95
0.12905168866359015 0.257211003171344 95
0.18281408508531483 0.23695337366257285 95
0.11132206399578821 0.2185078723635119 95
0.14350782357087682 0.2013335022870695 95
0.15869091634781252 0.18629240644184752 95
0.15338823014397582 0.17142061694075283 95
0.13057292588259256 0.1578277795604689 95
0.1046100593959812 0.14449871788952115 95
0.11821374586192707 0.13260430013770935 95
0.07323065773470988 0.12090436562000939 95
0.05062211975830054 0.11073803450463192 95
0.024169241165280565 0.09993552323561773 95
0.0 0.0907746741960316 95
0.37076195856398775 0.08381535602387408 95
0.10293713694564258 0.07358811611869706 95
0.18018627278618649 0.06555056963800023 95
0.28619622871229145 0.0584395156964464 95
0.3259209235252823 0.050757032742342514 95
0.43659865426352906 0.04398220492908938 95
0.44157203283079793 0.03678892863564538 95
0.569904104498233 0.030589637860064713 95
0.5843352852306133 0.024322927227585528 95
0.6431996488352975 0.01805488812314154 95
0.7856656813460365 0.011787888177121304 95
0.8441434616057877 0.00588953393851255 95
0.8510563534994113 0.0 95
1.0 1.0 40
0.9361587710470609 0.8631453759885989 40
0.6503320881349276 0.7483012423531459 40
0.6123554538528498 0.6630528771640926 40
0.5084072403975941 0.5899881315662866 40
0.2834145669651409 0.5263146096523282 40
0.3248762689179575 0.47701372570567585 40
0.25954545749158875 0.43224667785807463 40
0.2286287849855972 0.3937351506159459 40
0.2520406573953418 0.3610135198550694 40
0.20374243385208438 0.33037104382093097 40
0.17213650594510463 0.3037153525913624 40
0.09072865766372051 0.27838036489339985 40
0.12905168866359015 0.257211003171344 40
0.18281408508531483 0.23695337366257285 40
0.11132206399578821 0.2185078723635119 40
0.14350782357087682 0.2013335022870695 40
0.15869091634781252 0.18629240644184752 40
0.15338823014397582 0.17142061694075283 40
0.13057292588259256 0.1578277795604689 40
0.1046100593959812 0.14449871788952115 40
0.11821374586192707 0.13260430013770935 40
0.07323065773470988 0.12090436562000939 40
0.05062211975830054 0.11073803450463192 40
0.024169241165280565 0.09993552323561773 40
0.0 0.0907746741960316 40
0.37076195856398775 0.08381535602387408 40
0.10293713694564258 0.07358811611869706 40
0.18018627278618649 0.06555056963800023 40
0.28619622871229145 0.0584395156964464 40
0.3259209235252823 0.050757032742342514 40
0.43659865426352906 0.04398220492908938 40
0.44157203283079793 0.03678892863564538 40
0.569904104498233 0.030589637860064713 40
0.5843352852306133 0.024322927227585528 40
0.6431996488352975 0.01805488812314154 40
0.7856656813460365 0.011787888177121304 40
0.8441434616057877 0.00588953393851255 40
0.8510563534994113 0.0 40
0.3248762689179575 0.47701372570567585 40
0.17213650594510463 0.3037153525913624 40
0.05062211975830054 0.11073803450463192 95
0.6503320881349276 0.7483012423531459 40
0.05062211975830054 0.11073803450463192 95
0.09072865766372051 0.27838036489339985 95
0.13057292588259256 0.1578277795604689 40
0.12905168866359015 0.257211003171344 40
0.0 0.0907746741960316 40
0.18018627278618649 0.06555056963800023 95
0.3248762689179575 0.47701372570567585 40
0.28619622871229145 0.0584395156964464 95
0.28619622871229145 0.0584395156964464 95
0.13057292588259256 0.1578277795604689 40
0.17213650594510463 0.3037153525913624 40
0.2834145669651409 0.5263146096523282 95
0.12905168866359015 0.257211003171344 95
0.12905168866359015 0.257211003171344 95
0.2834145669651409 0.5263146096523282 95
0.5084072403975941 0.5899881315662866 95
0.13057292588259256 0.1578277795604689 40
0.05062211975830054 0.11073803450463192 40
