0.7679154103691532 0.0 95
0.7649230668025204 0.22918579116942858 95
0.018580822833319348 0.41266169251299023 95
0.0 0.5851233099416561 95
0.6391857824438569 0.7440994914662038 95
0.9461318353098644 0.8836166107331332 95
1.0 1.0 95
0.7679154103691532 0.0 95
0.0 0.5851233099416561 95
0.018580822833319348 0.41266169251299023 95
0.9461318353098644 0.8836166107331332 95
0.7679154103691532 0.0 95
0.0 0.5851233099416561 95
0.6391857824438569 0.7440994914662038 95
0.6391857824438569 0.7440994914662038 95
1.0 1.0 95
0.018580822833319348 0.41266169251299023 95
1.0 1.0 95
0.7679154103691532 0.0 95
1.0 1.0 95
0.7679154103691532 0.0 95
0.7649230668025204 0.22918579116942858 95
1.0 1.0 95
0.7649230668025204 0.22918579116942858 95
0.7649230668025204 0.22918579116942858 95
0.7679154103691532 0.0 95
0.018580822833319348 0.41266169251299023 95
1.0 1.0 95
0.7649230668025204 0.22918579116942858 95
0.7649230668025204 0.22918579116942858 95
0.7649230668025204 0.22918579116942858 95
0.018580822833319348 0.41266169251299023 95
