0.7372188140852783 0.0 95
0.0 0.21779579515563882 95
0.008073938142108592 0.4147889841287279 95
0.3130435212123487 0.594713935039026 95
0.30770729012638737 0.7414281024222236 95
1.0 0.884221039846656 95
0.7178043797697019 1.0 95
0.0 0.21779579515563882 95
0.30770729012638737 0.7414281024222236 95
0.7178043797697019 1.0 95
0.7372188140852783 0.0 95
0.3130435212123487 0.594713935039026 95
1.0 0.884221039846656 95
0.7372188140852783 0.0 95
0.7178043797697019 1.0 95
0.7178043797697019 1.0 95
0.0 0.21779579515563882 95
0.0 0.21779579515563882 95
0.008073938142108592 0.4147889841287279 95
0.008073938142108592 0.4147889841287279 95
0.30770729012638737 0.7414281024222236 95
0.7372188140852783 0.0 95
0.008073938142108592 0.4147889841287279 95
0.3130435212123487 0.594713935039026 95
0.3130435212123487 0.594713935039026 95
0.7178043797697019 1.0 95
0.3130435212123487 0.594713935039026 95
1.0 0.884221039846656 95
0.7372188140852783 0.0 95
0.3130435212123487 0.594713935039026 95
0.30770729012638737 0.7414281024222236 95
0.3130435212123487 0.594713935039026 95
