0.9815695468830504 1.0 95
1.0 0.8660720309571719 95
0.7387730828892606 0.7532857897378085 95
0.6942088782538716 0.6665255726788333 95
0.5184620902991358 0.5930755638874873 95
0.3063940920209536 0.5284219782305172 95
0.3549070265752873 0.47957189538286055 95
0.28465672520452995 0.4350261340707344 95
0.2555278315791648 0.3959286508642363 95
0.24146776961975958 0.36276797266365324 95
0.20280502652695687 0.3324804820669835 95
0.21222293435953438 0.3056798721442957 95
0.14496912834153966 0.28020022721041415 95
0.17585265767953986 0.25878985522084746 95
0.18126707659370161 0.23868273852719432 95
0.180783899508838 0.21975364323996865 95
0.20546992222704893 0.2025870002611717 95
0.20203838964724977 0.18761790409123583 95
0.19635157160754793 0.17249781419737728 95
0.17197056879037775 0.15898407318068913 95
0.14420731809093953 0.14557577875010771 95
0.15875434655504903 0.13361065628059132 95
0.049280580066035994 0.12210927146607428 95
0.11270729149639118 0.11145549743349287 95
0.0 0.1011175774319545 95
0.03445004908128393 0.09133402422527907 95
0.41290576426712916 0.08473755724257433 95
0.10630398104842625 0.07441163241565074 95
0.21297695075125095 0.06664909733556697 95
0.27746067158112253 0.05857630841334417 95
0.3138404015381989 0.05152928175161394 95
0.4553013561946495 0.04474444686707069 95
0.5578535432286794 0.03739975281999507 95
0.6198793085239435 0.031205349929875836 95
0.6750372533766795 0.024380127600336664 95
0.7513947943789523 0.01791312531702331 95
0.8734459783158699 0.011934566849710032 95
0.9569336702503302 0.006010485895139832 95
0.9592612047698699 0.0 95
0.9815695468830504 1.0 40
1.0 0.8660720309571719 40
0.7387730828892606 0.7532857897378085 40
0.6942088782538716 0.6665255726788333 40
0.5184620902991358 0.5930755638874873 40
0.3063940920209536 0.5284219782305172 40
0.3549070265752873 0.47957189538286055 40
0.28465672520452995 0.4350261340707344 40
0.2555278315791648 0.3959286508642363 40
0.24146776961975958 0.36276797266365324 40
0.20280502652695687 0.3324804820669835 40
0.21222293435953438 0.3056798721442957 40
0.14496912834153966 0.28020022721041415 40
0.17585265767953986 0.25878985522084746 40
0.18126707659370161 0.23868273852719432 40
0.180783899508838 0.21975364323996865 40
0.20546992222704893 0.2025870002611717 40
0.20203838964724977 0.18761790409123583 40
0.19635157160754793 0.17249781419737728 40
0.17197056879037775 0.15898407318068913 40
0.14420731809093953 0.14557577875010771 40
0.15875434655504903 0.13361065628059132 40
0.049280580066035994 0.12210927146607428 40
0.11270729149639118 0.11145549743349287 40
0.0 0.1011175774319545 40
0.03445004908128393 0.09133402422527907 40
0.41290576426712916 0.08473755724257433 40
0.10630398104842625 0.07441163241565074 40
0.21297695075125095 0.06664909733556697 40
0.27746067158112253 0.05857630841334417 40
0.3138404015381989 0.05152928175161394 40
0.4553013561946495 0.04474444686707069 40
0.5578535432286794 0.03739975281999507 40
0.6198793085239435 0.031205349929875836 40
0.6750372533766795 0.024380127600336664 40
0.7513947943789523 0.01791312531702331 40
0.8734459783158699 0.011934566849710032 40
0.9569336702503302 0.006010485895139832 40
0.9592612047698699 0.0 40
0.049280580066035994 0.12210927146607428 95
0.7387730828892606 0.7532857897378085 95
0.03445004908128393 0.09133402422527907 40
0.9592612047698699 0.0 40
0.20280502652695687 0.3324804820669835 95
0.2555278315791648 0.3959286508642363 40
0.9815695468830504 1.0 95
0.9569336702503302 0.006010485895139832 95
0.15875434655504903 0.13361065628059132 95
0.20280502652695687 0.3324804820669835 95
0.3063940920209536 0.5284219782305172 40
0.14420731809093953 0.14557577875010771 40
0.9569336702503302 0.006010485895139832 95
0.41290576426712916 0.08473755724257433 95
0.049280580066035994 0.12210927146607428 95
0.9569336702503302 0.006010485895139832 95
0.9592612047698699 0.0 95
0.27746067158112253 0.05857630841334417 40
0.0 0.1011175774319545 95
0.18126707659370161 0.23868273852719432 95
0.10630398104842625 0.07441163241565074 40
0.7513947943789523 0.01791312531702331 40
