1.0 1.0 95
0.6319615797445868 0.8361558107824166 95
0.6207181687238101 0.7284111082534169 95
0.45315789931730865 0.6357968893495385 95
0.4337213013645729 0.5648479348040873 95
0.26319130579110245 0.5018073748612063 95
0.23921558224169231 0.4518648985345036 95
0.19234419585507517 0.40834041005785854 95
0.19973805910579953 0.3727615676901538 95
0.1634848865464374 0.33899811281264947 95
0.0572129601059412 0.30906283264608786 95
0.14259543875503636 0.2851029311872979 95
0.11703282798522471 0.2625220797396278 95
0.13164171659754884 0.2414726747306942 95
0.1118753733193873 0.22274519057245817 95
0.11778058119382889 0.20527788533689284 95
0.1351334549759172 0.19010484918185883 95
0.1121725327497824 0.175433546500699 95
0.06548428934514916 0.16131734409079887 95
0.07534939364409367 0.1488299185499914 95
0.12578904111030437 0.137175054222804 95
0.04893441100420127 0.12598580855818886 95
0.04958315520797746 0.11523506038984291 95
0.07727384126838333 0.10584710780080935 95
0.06590523756659165 0.09652443027079441 95
0.011703688917905417 0.08723979311104925 95
0.0 0.07903248651979966 95
0.5740106117571239 0.07642934927702995 95
0.10011838085001223 0.06448599881208532 95
0.10725084677661834 0.057520094924976124 95
0.17064407812445248 0.05112381770171348 95
0.29301448235020455 0.04479261299149652 95
0.307961129187616 0.038301211056646384 95
0.36546419114230183 0.0326804759979478 95
0.3597510495609044 0.026449253704299226 95
0.41788127348100174 0.021019933185235696 95
0.45437829540047947 0.015723214252437036 95
0.5173108575547528 0.010324093485202484 95
0.5464322476491434 0.004924564554893784 95
0.6091104310621259 0.0 95
1.0 1.0 40
0.6319615797445868 0.8361558107824166 40
0.6207181687238101 0.7284111082534169 40
0.45315789931730865 0.6357968893495385 40
0.4337213013645729 0.5648479348040873 40
0.26319130579110245 0.5018073748612063 40
0.23921558224169231 0.4518648985345036 40
0.19234419585507517 0.40834041005785854 40
0.19973805910579953 0.3727615676901538 40
0.1634848865464374 0.33899811281264947 40
0.0572129601059412 0.30906283264608786 40
0.14259543875503636 0.2851029311872979 40
0.11703282798522471 0.2625220797396278 40
0.13164171659754884 0.2414726747306942 40
0.1118753733193873 0.22274519057245817 40
0.11778058119382889 0.20527788533689284 40
0.1351334549759172 0.19010484918185883 40
0.1121725327497824 0.175433546500699 40
0.06548428934514916 0.16131734409079887 40
0.07534939364409367 0.1488299185499914 40
0.12578904111030437 0.137175054222804 40
0.04893441100420127 0.12598580855818886 40
0.04958315520797746 0.11523506038984291 40
0.07727384126838333 0.10584710780080935 40
0.06590523756659165 0.09652443027079441 40
0.011703688917905417 0.08723979311104925 40
0.0 0.07903248651979966 40
0.5740106117571239 0.07642934927702995 40
0.10011838085001223 0.06448599881208532 40
0.10725084677661834 0.057520094924976124 40
0.17064407812445248 0.05112381770171348 40
0.29301448235020455 0.04479261299149652 40
0.307961129187616 0.038301211056646384 40
0.36546419114230183 0.0326804759979478 40
0.3597510495609044 0.026449253704299226 40
0.41788127348100174 0.021019933185235696 40
0.45437829540047947 0.015723214252437036 40
0.5173108575547528 0.010324093485202484 40
0.5464322476491434 0.004924564554893784 40
0.6091104310621259 0.0 40
0.1634848865464374 0.33899811281264947 40
0.45315789931730865 0.6357968893495385 40
0.6319615797445868 0.8361558107824166 95
0.5173108575547528 0.010324093485202484 95
0.1351334549759172 0.19010484918185883 95
0.19973805910579953 0.3727615676901538 40
0.14259543875503636 0.2851029311872979 40
0.0 0.07903248651979966 40
0.5740106117571239 0.07642934927702995 95
0.11778058119382889 0.20527788533689284 40
0.10725084677661834 0.057520094924976124 40
0.29301448235020455 0.04479261299149652 95
0.3597510495609044 0.026449253704299226 40
0.307961129187616 0.038301211056646384 40
0.5740106117571239 0.07642934927702995 40
0.07534939364409367 0.1488299185499914 95
0.11703282798522471 0.2625220797396278 40
0.4337213013645729 0.5648479348040873 40
0.6319615797445868 0.8361558107824166 95
0.307961129187616 0.038301211056646384 95
