0.8865138403970323 1.0 95
0.8985892511406683 0.8598836714740621 95
0.8146987826085654 0.7488584724556036 95
0.709676097786285 0.6582009841640102 95
0.6317009656169816 0.5845534499379731 95
0.39046877169702754 0.5198558382944785 95
0.32472171708054853 0.46913135616089735 95
0.2614495628579257 0.42404522626841473 95
0.2314164928978678 0.3862657075075107 95
0.12457059219077195 0.3513556075521548 95
0.15686796652584398 0.32323692983229074 95
0.13763978850008735 0.29697773666801935 95
0.19914789472700195 0.2739332195268399 95
0.12902750206537 0.2520166219012457 95
0.18948306448410177 0.23238396407212042 95
0.2432245207479192 0.21494432358190863 95
0.1543710338494576 0.19819623228310204 95
0.1857635264103677 0.18262896244096574 95
0.1319168091402805 0.16874017933027374 95
0.17340663544531099 0.15580616354805019 95
0.1682005664610797 0.1440912816159269 95
0.18339698346332917 0.13197192300491334 95
0.06954260613931057 0.12073366429200058 95
0.07240914129369383 0.11036205373379042 95
0.07936911051578754 0.10047407850139764 95
0.030731669235424895 0.0913125266885496 95
0.0 0.0824243789738989 95
1.0 0.08113928571514169 95
0.20266792692653177 0.06739163707018231 95
0.13440715366011144 0.05986916202681413 95
0.34851846187970176 0.05381112919986638 95
0.46711056297088216 0.04708832619848328 95
0.48412856880713406 0.040144555965750575 95
0.4753557761102478 0.03405913619744855 95
0.6387564474893591 0.027860794204231713 95
0.655497515501721 0.021955633970339464 95
0.6885316567490674 0.015870079169059546 95
0.7415057169024927 0.010757106807021114 95
0.880915767390015 0.005222264413219674 95
0.9160839263171066 0.0 95
0.8865138403970323 1.0 40
0.8985892511406683 0.8598836714740621 40
0.8146987826085654 0.7488584724556036 40
0.709676097786285 0.6582009841640102 40
0.6317009656169816 0.5845534499379731 40
0.39046877169702754 0.5198558382944785 40
0.32472171708054853 0.46913135616089735 40
0.2614495628579257 0.42404522626841473 40
0.2314164928978678 0.3862657075075107 40
0.12457059219077195 0.3513556075521548 40
0.15686796652584398 0.32323692983229074 40
0.13763978850008735 0.29697773666801935 40
0.19914789472700195 0.2739332195268399 40
0.12902750206537 0.2520166219012457 40
0.18948306448410177 0.23238396407212042 40
0.2432245207479192 0.21494432358190863 40
0.1543710338494576 0.19819623228310204 40
0.1857635264103677 0.18262896244096574 40
0.1319168091402805 0.16874017933027374 40
0.17340663544531099 0.15580616354805019 40
0.1682005664610797 0.1440912816159269 40
0.18339698346332917 0.13197192300491334 40
0.06954260613931057 0.12073366429200058 40
0.07240914129369383 0.11036205373379042 40
0.07936911051578754 0.10047407850139764 40
0.030731669235424895 0.0913125266885496 40
0.0 0.0824243789738989 40
1.0 0.08113928571514169 40
0.20266792692653177 0.06739163707018231 40
0.13440715366011144 0.05986916202681413 40
0.34851846187970176 0.05381112919986638 40
0.46711056297088216 0.04708832619848328 40
0.48412856880713406 0.040144555965750575 40
0.4753557761102478 0.03405913619744855 40
0.6387564474893591 0.027860794204231713 40
0.655497515501721 0.021955633970339464 40
0.6885316567490674 0.015870079169059546 40
0.7415057169024927 0.010757106807021114 40
0.880915767390015 0.005222264413219674 40
0.9160839263171066 0.0 40
0.34851846187970176 0.05381112919986638 95
0.6387564474893591 0.027860794204231713 95
0.17340663544531099 0.15580616354805019 95
0.8985892511406683 0.8598836714740621 40
0.34851846187970176 0.05381112919986638 95
0.6885316567490674 0.015870079169059546 95
0.18948306448410177 0.23238396407212042 95
0.48412856880713406 0.040144555965750575 95
0.8146987826085654 0.7488584724556036 95
0.19914789472700195 0.2739332195268399 95
0.8985892511406683 0.8598836714740621 95
0.32472171708054853 0.46913135616089735 40
0.7415057169024927 0.010757106807021114 95
0.32472171708054853 0.46913135616089735 95
0.6387564474893591 0.027860794204231713 95
0.07240914129369383 0.11036205373379042 95
0.880915767390015 0.005222264413219674 95
0.6317009656169816 0.5845534499379731 40
0.1543710338494576 0.19819623228310204 40
0.1682005664610797 0.1440912816159269 40
