1.0 1.0 95
0.8728167552265432 0.8606106665546812 95
0.6668881812840786 0.7502140114384356 95
0.6308667565878218 0.6653261087062279 95
0.41594423623972754 0.5894484069911128 95
0.2955381716639169 0.5284076396238585 95
0.2622884949249006 0.47754098928446953 95
0.25715009481519707 0.43543792487092164 95
0.19526001690949757 0.3961423076946201 95
0.14308953838393387 0.3616192678875382 95
0.07586647779538817 0.330949096314204 95
0.18759400305673898 0.3056253974666775 95
0.08293005727987433 0.27982859635729734 95
0.016269686973029746 0.257881947985027 95
0.11775208116258434 0.23758352387119072 95
0.11785009909734451 0.22016184593091 95
0.16696816539635442 0.20310813135194866 95
0.11438738288811673 0.18705782329383483 95
0.09705330813347884 0.17265013035776355 95
0.15273711166125428 0.15930572608302881 95
0.07133078028730133 0.14591085320744462 95
0.07948861199425211 0.13401267131883488 95
0.03402835823355485 0.12195106104270997 95
0.04138076856485477 0.11148316881955342 95
0.0 0.10094170627488887 95
0.010650028933842953 0.09143343111811922 95
0.39589233092374354 0.08503040149435546 95
0.09055513229469436 0.07419916170071336 95
0.08635269870299886 0.06634458025132736 95
0.21454330218705173 0.05852785523134166 95
0.29130745277214565 0.051555574183968576 95
0.3999465625598536 0.04447798299080342 95
0.433006298053337 0.03713536864772166 95
0.5331093009797143 0.03100341185325399 95
0.540388477467072 0.024500978585963198 95
0.6432225096751383 0.018098428532839335 95
0.6623754866850108 0.011562756802340654 95
0.7928528254665608 0.006222117643701702 95
0.798452849378893 0.0 95
1.0 1.0 40
0.8728167552265432 0.8606106665546812 40
0.6668881812840786 0.7502140114384356 40
0.6308667565878218 0.6653261087062279 40
0.41594423623972754 0.5894484069911128 40
0.2955381716639169 0.5284076396238585 40
0.2622884949249006 0.47754098928446953 40
0.25715009481519707 0.43543792487092164 40
0.19526001690949757 0.3961423076946201 40
0.14308953838393387 0.3616192678875382 40
0.07586647779538817 0.330949096314204 40
0.18759400305673898 0.3056253974666775 40
0.08293005727987433 0.27982859635729734 40
0.016269686973029746 0.257881947985027 40
0.11775208116258434 0.23758352387119072 40
0.11785009909734451 0.22016184593091 40
0.16696816539635442 0.20310813135194866 40
0.11438738288811673 0.18705782329383483 40
0.09705330813347884 0.17265013035776355 40
0.15273711166125428 0.15930572608302881 40
0.07133078028730133 0.14591085320744462 40
0.07948861199425211 0.13401267131883488 40
0.03402835823355485 0.12195106104270997 40
0.04138076856485477 0.11148316881955342 40
0.0 0.10094170627488887 40
0.010650028933842953 0.09143343111811922 40
0.39589233092374354 0.08503040149435546 40
0.09055513229469436 0.07419916170071336 40
0.08635269870299886 0.06634458025132736 40
0.21454330218705173 0.05852785523134166 40
0.29130745277214565 0.051555574183968576 40
0.3999465625598536 0.04447798299080342 40
0.433006298053337 0.03713536864772166 40
0.5331093009797143 0.03100341185325399 40
0.540388477467072 0.024500978585963198 40
0.6432225096751383 0.018098428532839335 40
0.6623754866850108 0.011562756802340654 40
0.7928528254665608 0.006222117643701702 40
0.798452849378893 0.0 40
0.09705330813347884 0.17265013035776355 40
0.19526001690949757 0.3961423076946201 40
0.6668881812840786 0.7502140114384356 95
0.21454330218705173 0.05852785523134166 40
0.2622884949249006 0.47754098928446953 95
0.18759400305673898 0.3056253974666775 40
0.11785009909734451 0.22016184593091 40
0.07586647779538817 0.330949096314204 40
0.21454330218705173 0.05852785523134166 40
0.6432225096751383 0.018098428532839335 95
0.2622884949249006 0.47754098928446953 95
0.010650028933842953 0.09143343111811922 40
0.0 0.10094170627488887 95
0.16696816539635442 0.20310813135194866 95
0.6668881812840786 0.7502140114384356 95
0.2622884949249006 0.47754098928446953 40
0.14308953838393387 0.3616192678875382 95
0.21454330218705173 0.05852785523134166 40
0.2622884949249006 0.47754098928446953 95
0.14308953838393387 0.3616192678875382 95
0.2622884949249006 0.47754098928446953 95
0.25715009481519707 0.43543792487092164 40
