0.8156845354791666 1.0 95
1.0 0.872434879732956 95
0.662346689823677 0.757176714220457 95
0.7635030572118188 0.6767027013398309 95
0.47175099626318545 0.5972637356282019 95
0.3321877569361009 0.5346495591511413 95
0.3030313345851723 0.48348901414944784 95
0.31921702853273465 0.4414462392385916 95
0.21731801935675013 0.4010105689978347 95
0.19076489420017365 0.3662604621832678 95
0.08036023687200203 0.3342741476672267 95
0.1781312666645261 0.3099508517201312 95
0.12069753648462321 0.2847837806081456 95
0.1386716008597342 0.26173498000764295 95
0.14759328963268323 0.2419350469361312 95
0.16475345056104296 0.22259337638206755 95
0.20388728540435286 0.20616796916171834 95
0.1804384531370028 0.18986661985225275 95
0.1504572987964363 0.1746360051327237 95
0.1885813216632471 0.16109547155206552 95
0.10598054875989281 0.1482492713517648 95
0.17774949682726165 0.13605614661884066 95
0.06665367187828358 0.12413879446322185 95
0.11224576094191646 0.11319517714522977 95
0.06435275432326998 0.10255133548463852 95
0.0 0.09253994256337576 95
0.4813476445220905 0.08686818071561939 95
0.1410903448361072 0.0752412224783672 95
0.14073694023542868 0.06727907324958451 95
0.29878619120791317 0.05967402639651032 95
0.3980989977245115 0.052243867660697364 95
0.464524924210249 0.04521669417591062 95
0.4671829630985098 0.038152506455062934 95
0.6028371762192251 0.03141931027031886 95
0.5526937106512202 0.024443980845107995 95
0.7198827108698757 0.01829321815153586 95
0.7093615789677556 0.011726944234408994 95
0.8461242762019224 0.006226098522774613 95
0.8627705903756239 0.0 95
0.8156845354791666 1.0 40
1.0 0.872434879732956 40
0.662346689823677 0.757176714220457 40
0.7635030572118188 0.6767027013398309 40
0.47175099626318545 0.5972637356282019 40
0.3321877569361009 0.5346495591511413 40
0.3030313345851723 0.48348901414944784 40
0.31921702853273465 0.4414462392385916 40
0.21731801935675013 0.4010105689978347 40
0.19076489420017365 0.3662604621832678 40
0.08036023687200203 0.3342741476672267 40
0.1781312666645261 0.3099508517201312 40
0.12069753648462321 0.2847837806081456 40
0.1386716008597342 0.26173498000764295 40
0.14759328963268323 0.2419350469361312 40
0.16475345056104296 0.22259337638206755 40
0.20388728540435286 0.20616796916171834 40
0.1804384531370028 0.18986661985225275 40
0.1504572987964363 0.1746360051327237 40
0.1885813216632471 0.16109547155206552 40
0.10598054875989281 0.1482492713517648 40
0.17774949682726165 0.13605614661884066 40
0.06665367187828358 0.12413879446322185 40
0.11224576094191646 0.11319517714522977 40
0.06435275432326998 0.10255133548463852 40
0.0 0.09253994256337576 40
0.4813476445220905 0.08686818071561939 40
0.1410903448361072 0.0752412224783672 40
0.14073694023542868 0.06727907324958451 40
0.29878619120791317 0.05967402639651032 40
0.3980989977245115 0.052243867660697364 40
0.464524924210249 0.04521669417591062 40
0.4671829630985098 0.038152506455062934 40
0.6028371762192251 0.03141931027031886 40
0.5526937106512202 0.024443980845107995 40
0.7198827108698757 0.01829321815153586 40
0.7093615789677556 0.011726944234408994 40
0.8461242762019224 0.006226098522774613 40
0.8627705903756239 0.0 40
0.3321877569361009 0.5346495591511413 95
0.14759328963268323 0.2419350469361312 40
0.3030313345851723 0.48348901414944784 40
0.08036023687200203 0.3342741476672267 95
0.7093615789677556 0.011726944234408994 95
0.1410903448361072 0.0752412224783672 95
0.12069753648462321 0.2847837806081456 40
0.29878619120791317 0.05967402639651032 95
0.16475345056104296 0.22259337638206755 95
0.662346689823677 0.757176714220457 95
0.7093615789677556 0.011726944234408994 95
1.0 0.872434879732956 40
0.4813476445220905 0.08686818071561939 95
0.464524924210249 0.04521669417591062 40
0.464524924210249 0.04521669417591062 95
0.14759328963268323 0.2419350469361312 40
0.10598054875989281 0.1482492713517648 95
0.20388728540435286 0.20616796916171834 40
0.1781312666645261 0.3099508517201312 40
0.17774949682726165 0.13605614661884066 95
0.8461242762019224 0.006226098522774613 40
0.17774949682726165 0.13605614661884066 40
