0.6941543828579271 1.0 95
0.6858026769681437 0.863357355202461 95
0.47361769357134165 0.7465841504161369 95
0.43998786924038313 0.660955775458597 95
0.3666239753352215 0.5873896162589005 95
0.20210667880291355 0.5229583229008113 95
0.2007530410383507 0.47222791134492326 95
0.10186330003648963 0.42781241494490696 95
0.14168057516972046 0.39069408437665176 95
0.11226527285491007 0.35717299607932435 95
0.06427389582520918 0.3266576756186699 95
0.09495445791617689 0.30174768817243935 95
0.05889911089777167 0.2771959290965929 95
0.0771793032744135 0.25588998924168493 95
0.12758553580366006 0.23591469612490876 95
0.06832684924447034 0.21731716125778008 95
0.1452685909781911 0.20128176555547486 95
0.11880371756206097 0.18567034183265188 95
0.1703980820963763 0.17219639043286467 95
0.14298116887782616 0.15831142416685848 95
0.07860075529212912 0.14530206271379495 95
0.05211584739820368 0.13378421115880096 95
0.06994602166403185 0.12243496932749687 95
0.027177818073307908 0.1122477007201854 95
0.0 0.1015469030800057 95
0.03165732573273283 0.09259244750039586 95
0.05507817052273962 0.08456580447114394 95
1.0 0.08398253115257735 95
0.1360682411554588 0.0688522170726887 95
0.1923522924796241 0.06105816834352472 95
0.2533963683189419 0.054351348762079636 95
0.31734632704542703 0.04739448168252636 95
0.36259235162044734 0.04085261672471518 95
0.3984705316077813 0.034754474882626334 95
0.4425115534072666 0.02821202865348767 95
0.48932623630222855 0.022304886193828557 95
0.5524533305797862 0.01614543964530382 95
0.6289252336867952 0.010886645423512397 95
0.6033470003165458 0.004496187329406423 95
0.753452424615305 0.0 95
0.6941543828579271 1.0 40
0.6858026769681437 0.863357355202461 40
0.47361769357134165 0.7465841504161369 40
0.43998786924038313 0.660955775458597 40
0.3666239753352215 0.5873896162589005 40
0.20210667880291355 0.5229583229008113 40
0.2007530410383507 0.47222791134492326 40
0.10186330003648963 0.42781241494490696 40
0.14168057516972046 0.39069408437665176 40
0.11226527285491007 0.35717299607932435 40
0.06427389582520918 0.3266576756186699 40
0.09495445791617689 0.30174768817243935 40
0.05889911089777167 0.2771959290965929 40
0.0771793032744135 0.25588998924168493 40
0.12758553580366006 0.23591469612490876 40
0.06832684924447034 0.21731716125778008 40
0.1452685909781911 0.20128176555547486 40
0.11880371756206097 0.18567034183265188 40
0.1703980820963763 0.17219639043286467 40
0.14298116887782616 0.15831142416685848 40
0.07860075529212912 0.14530206271379495 40
0.05211584739820368 0.13378421115880096 40
0.06994602166403185 0.12243496932749687 40
0.027177818073307908 0.1122477007201854 40
0.0 0.1015469030800057 40
0.03165732573273283 0.09259244750039586 40
0.05507817052273962 0.08456580447114394 40
1.0 0.08398253115257735 40
0.1360682411554588 0.0688522170726887 40
0.1923522924796241 0.06105816834352472 40
0.2533963683189419 0.054351348762079636 40
0.31734632704542703 0.04739448168252636 40
0.36259235162044734 0.04085261672471518 40
0.3984705316077813 0.034754474882626334 40
0.4425115534072666 0.02821202865348767 40
0.48932623630222855 0.022304886193828557 40
0.5524533305797862 0.01614543964530382 40
0.6289252336867952 0.010886645423512397 40
0.6033470003165458 0.004496187329406423 40
0.753452424615305 0.0 40
0.12758553580366006 0.23591469612490876 40
0.06427389582520918 0.3266576756186699 40
0.6033470003165458 0.004496187329406423 95
0.1360682411554588 0.0688522170726887 95
0.20210667880291355 0.5229583229008113 95
0.4425115534072666 0.02821202865348767 95
0.3984705316077813 0.034754474882626334 95
0.5524533305797862 0.01614543964530382 40
0.0771793032744135 0.25588998924168493 95
0.3984705316077813 0.034754474882626334 40
0.5524533305797862 0.01614543964530382 40
0.2007530410383507 0.47222791134492326 95
1.0 0.08398253115257735 40
0.48932623630222855 0.022304886193828557 95
0.1923522924796241 0.06105816834352472 95
0.1703980820963763 0.17219639043286467 95
0.3666239753352215 0.5873896162589005 95
0.3984705316077813 0.034754474882626334 40
0.5524533305797862 0.01614543964530382 95
0.753452424615305 0.0 40
