1.0 1.0 95
0.6557163850075525 0.836852559538203 95
0.6885278966334497 0.7289808028385242 95
0.4525583990454549 0.6326612183599948 95
0.4832522984315521 0.5635632557450623 95
0.3325865364939235 0.49965665618389427 95
0.2432973090132424 0.4480566496999397 95
0.16935692570468192 0.4033555443469174 95
0.19677407205519756 0.3687456668247766 95
0.11706993498263366 0.3351027684418086 95
0.12252590073111401 0.3068962271246974 95
0.05923235464698515 0.28008092617594194 95
0.12289458880240775 0.2594378525179552 95
0.09859489080231712 0.2384426883593943 95
0.09482838444887415 0.2193078811707331 95
0.0797463048546053 0.20203195236789492 95
0.09241957218713685 0.18658155822601916 95
0.10064558967144573 0.17178032162637408 95
0.1159770463015745 0.15905348951942677 95
0.07321036887611417 0.14642212652536113 95
0.1101593965216209 0.13534191780800714 95
0.05732981436574831 0.12376572324026144 95
0.11350760867851102 0.11434305463434272 95
0.05675758283024447 0.1039066632459319 95
0.04489143711231205 0.09492284464666621 95
0.009679550250094492 0.08579007570860077 95
0.0 0.07763524983878609 95
0.36566129457737784 0.07305802589429652 95
0.0804817788342335 0.06310289215542352 95
0.11882157201817117 0.056184326941018665 95
0.1811568955470852 0.050021246010428566 95
0.2794736681283198 0.043876944411757296 95
0.32409117651547237 0.03769903642596604 95
0.3214882790980214 0.031621477959724885 95
0.3890976080809121 0.02658301946073711 95
0.3791584535198566 0.02028959666435058 95
0.5025803082327757 0.015389816139374644 95
0.4895167641767069 0.009854988572955805 95
0.5576013080678708 0.0049405996448518745 95
0.600074124635874 0.0 95
1.0 1.0 40
0.6557163850075525 0.836852559538203 40
0.6885278966334497 0.7289808028385242 40
0.4525583990454549 0.6326612183599948 40
0.4832522984315521 0.5635632557450623 40
0.3325865364939235 0.49965665618389427 40
0.2432973090132424 0.4480566496999397 40
0.16935692570468192 0.4033555443469174 40
0.19677407205519756 0.3687456668247766 40
0.11706993498263366 0.3351027684418086 40
0.12252590073111401 0.3068962271246974 40
0.05923235464698515 0.28008092617594194 40
0.12289458880240775 0.2594378525179552 40
0.09859489080231712 0.2384426883593943 40
0.09482838444887415 0.2193078811707331 40
0.0797463048546053 0.20203195236789492 40
0.09241957218713685 0.18658155822601916 40
0.10064558967144573 0.17178032162637408 40
0.1159770463015745 0.15905348951942677 40
0.07321036887611417 0.14642212652536113 40
0.1101593965216209 0.13534191780800714 40
0.05732981436574831 0.12376572324026144 40
0.11350760867851102 0.11434305463434272 40
0.05675758283024447 0.1039066632459319 40
0.04489143711231205 0.09492284464666621 40
0.009679550250094492 0.08579007570860077 40
0.0 0.07763524983878609 40
0.36566129457737784 0.07305802589429652 40
0.0804817788342335 0.06310289215542352 40
0.11882157201817117 0.056184326941018665 40
0.1811568955470852 0.050021246010428566 40
0.2794736681283198 0.043876944411757296 40
0.32409117651547237 0.03769903642596604 40
0.3214882790980214 0.031621477959724885 40
0.3890976080809121 0.02658301946073711 40
0.3791584535198566 0.02028959666435058 40
0.5025803082327757 0.015389816139374644 40
0.4895167641767069 0.009854988572955805 40
0.5576013080678708 0.0049405996448518745 40
0.600074124635874 0.0 40
0.2794736681283198 0.043876944411757296 40
0.11882157201817117 0.056184326941018665 95
0.11882157201817117 0.056184326941018665 95
0.05923235464698515 0.28008092617594194 95
0.4525583990454549 0.6326612183599948 40
0.1159770463015745 0.15905348951942677 95
0.09859489080231712 0.2384426883593943 95
0.10064558967144573 0.17178032162637408 95
0.4832522984315521 0.5635632557450623 40
0.11882157201817117 0.056184326941018665 95
0.36566129457737784 0.07305802589429652 40
0.12252590073111401 0.3068962271246974 95
0.1159770463015745 0.15905348951942677 95
0.0804817788342335 0.06310289215542352 95
0.2432973090132424 0.4480566496999397 95
0.09241957218713685 0.18658155822601916 40
0.11706993498263366 0.3351027684418086 40
1.0 1.0 40
0.600074124635874 0.0 95
0.1811568955470852 0.050021246010428566 40
