0.867918053993005 1.0 95
1.0 0.8727744994886808 95
0.6484634787662861 0.7566993354509471 95
0.7197855244087724 0.6751229921702485 95
0.46933659232550434 0.5966605715507415 95
0.31268459040037216 0.535224477706431 95
0.22437271533386596 0.48438485454773733 95
0.2983266887152306 0.44176085056881725 95
0.18824957168429166 0.40085834883648347 95
0.17443622970865105 0.36703987813180494 95
0.021059363903220992 0.3344551135903737 95
0.10793314208859942 0.30948712008863677 95
0.053970456821862065 0.2846906887448734 95
0.008474438700479866 0.26198487373844076 95
0.13312908510791632 0.24147444793213266 95
0.08061325645253799 0.22235943959945392 95
0.12833511269152983 0.20633541399395677 95
0.08972430118257502 0.19020388451499315 95
0.10929740718582653 0.1754131386886001 95
0.13723672945067267 0.16197674305465395 95
0.055360385575846015 0.1482717993486353 95
0.10890446970266367 0.13598126006271832 95
0.018615431266314014 0.12416609904739108 95
0.04742583862307156 0.11328286982498244 95
0.0 0.10253795759334076 95
0.0021321472979785637 0.09300153794044265 95
0.41301359961953615 0.0865373205203073 95
0.09968547320255094 0.07537775724519408 95
0.14711952925059218 0.06767740270578028 95
0.26648437125935526 0.06001475207175653 95
0.2981055003018872 0.052415453962667204 95
0.41843549863938656 0.04544655259203013 95
0.5277972356407649 0.038215204731471344 95
0.5797740831068496 0.03174550601840122 95
0.6425005009537517 0.0245611422086303 95
0.668256762381114 0.018500143491472828 95
0.7989690331943764 0.012186283631496674 95
0.8876579557341499 0.00636056608509307 95
0.9519155601773371 0.0 95
0.867918053993005 1.0 40
1.0 0.8727744994886808 40
0.6484634787662861 0.7566993354509471 40
0.7197855244087724 0.6751229921702485 40
0.46933659232550434 0.5966605715507415 40
0.31268459040037216 0.535224477706431 40
0.22437271533386596 0.48438485454773733 40
0.2983266887152306 0.44176085056881725 40
0.18824957168429166 0.40085834883648347 40
0.17443622970865105 0.36703987813180494 40
0.021059363903220992 0.3344551135903737 40
0.10793314208859942 0.30948712008863677 40
0.053970456821862065 0.2846906887448734 40
0.008474438700479866 0.26198487373844076 40
0.13312908510791632 0.24147444793213266 40
0.08061325645253799 0.22235943959945392 40
0.12833511269152983 0.20633541399395677 40
0.08972430118257502 0.19020388451499315 40
0.10929740718582653 0.1754131386886001 40
0.13723672945067267 0.16197674305465395 40
0.055360385575846015 0.1482717993486353 40
0.10890446970266367 0.13598126006271832 40
0.018615431266314014 0.12416609904739108 40
0.04742583862307156 0.11328286982498244 40
0.0 0.10253795759334076 40
0.0021321472979785637 0.09300153794044265 40
0.41301359961953615 0.0865373205203073 40
0.09968547320255094 0.07537775724519408 40
0.14711952925059218 0.06767740270578028 40
0.26648437125935526 0.06001475207175653 40
0.2981055003018872 0.052415453962667204 40
0.41843549863938656 0.04544655259203013 40
0.5277972356407649 0.038215204731471344 40
0.5797740831068496 0.03174550601840122 40
0.6425005009537517 0.0245611422086303 40
0.668256762381114 0.018500143491472828 40
0.7989690331943764 0.012186283631496674 40
0.8876579557341499 0.00636056608509307 40
0.9519155601773371 0.0 40
0.5797740831068496 0.03174550601840122 95
0.31268459040037216 0.535224477706431 95
0.14711952925059218 0.06767740270578028 40
0.008474438700479866 0.26198487373844076 95
0.8876579557341499 0.00636056608509307 95
0.018615431266314014 0.12416609904739108 95
0.04742583862307156 0.11328286982498244 40
0.055360385575846015 0.1482717993486353 40
0.18824957168429166 0.40085834883648347 40
0.04742583862307156 0.11328286982498244 95
0.17443622970865105 0.36703987813180494 40
1.0 0.8727744994886808 95
0.13723672945067267 0.16197674305465395 40
0.8876579557341499 0.00636056608509307 95
0.0021321472979785637 0.09300153794044265 95
0.055360385575846015 0.1482717993486353 40
0.5277972356407649 0.038215204731471344 95
0.6484634787662861 0.7566993354509471 40
1.0 0.8727744994886808 40
0.41301359961953615 0.0865373205203073 40
0.2981055003018872 0.052415453962667204 40
0.0021321472979785637 0.09300153794044265 40
