0.7814624783025578 0.0 95
0.9058341727577606 0.23486807288971892 95
0.7625463250512627 0.41026939221855635 95
0.8849015147069881 0.5905792687734425 95
0.842436891480642 0.7263833619273807 95
0.9395549235043787 0.8651687515590712 95
1.0 0.9812552968562047 95
0.0 1.0 95
0.9058341727577606 0.23486807288971892 95
0.7625463250512627 0.41026939221855635 95
0.7625463250512627 0.41026939221855635 95
0.7814624783025578 0.0 95
0.7814624783025578 0.0 95
0.8849015147069881 0.5905792687734425 95
0.7625463250512627 0.41026939221855635 95
0.842436891480642 0.7263833619273807 95
1.0 0.9812552968562047 95
0.7814624783025578 0.0 95
1.0 0.9812552968562047 95
0.7625463250512627 0.41026939221855635 95
0.9058341727577606 0.23486807288971892 95
0.7814624783025578 0.0 95
0.7814624783025578 0.0 95
0.0 1.0 95
0.7625463250512627 0.41026939221855635 95
0.7814624783025578 0.0 95
1.0 0.9812552968562047 95
0.842436891480642 0.7263833619273807 95
1.0 0.9812552968562047 95
0.8849015147069881 0.5905792687734425 95
0.7814624783025578 0.0 95
0.0 1.0 95
