0.6239853139800097 1.0 95
0.6151146191370923 0.8651839585267446 95
0.50392421645155 0.75218351573349 95
0.4312318465085825 0.6661378798960189 95
0.4315106521127789 0.5951503760778859 95
0.2239451884179671 0.5292316853241085 95
0.2513776826714539 0.4796451645150731 95
0.1379475873453114 0.4337361565630979 95
0.16868666694153892 0.39695277139496976 95
0.17450061297698552 0.36384860001579167 95
0.12209333275596626 0.33240168498564776 95
0.16932728825210885 0.3075572307029383 95
0.13007153028745388 0.28277681940962734 95
0.09603492980663306 0.2599080778348941 95
0.18599420977328052 0.24065072069971805 95
0.10396006271875784 0.22167321568650267 95
0.14720598994014733 0.20488976196723574 95
0.13757129635691875 0.19009296507596488 95
0.1994845483637205 0.17588472360475838 95
0.10742537708921718 0.16095810684188186 95
0.09800600008305747 0.14852424790307786 95
0.09809470873272227 0.13668415991921767 95
0.0639364684687135 0.12548622804862317 95
0.052362819981083185 0.11480367282996405 95
0.015466904007155901 0.10386046656338908 95
0.0 0.09477640491418801 95
0.1376692507859127 0.08700874443039724 95
1.0 0.0868037561034636 95
0.14566731356283869 0.07002960006265867 95
0.17942061249116617 0.062456034882887534 95
0.24444952568771944 0.05558568838346333 95
0.29293577248132485 0.04839368074037698 95
0.37214538211277787 0.04182581603038129 95
0.36169839850256946 0.0349755321881883 95
0.4548757981402232 0.028731258144365803 95
0.5121109567243531 0.022926642313062465 95
0.5261212505528139 0.01699891021926063 95
0.6054335853505579 0.01082211230197715 95
0.546424141182683 0.004791870743187307 95
0.7664649353627326 0.0 95
0.6239853139800097 1.0 40
0.6151146191370923 0.8651839585267446 40
0.50392421645155 0.75218351573349 40
0.4312318465085825 0.6661378798960189 40
0.4315106521127789 0.5951503760778859 40
0.2239451884179671 0.5292316853241085 40
0.2513776826714539 0.4796451645150731 40
0.1379475873453114 0.4337361565630979 40
0.16868666694153892 0.39695277139496976 40
0.17450061297698552 0.36384860001579167 40
0.12209333275596626 0.33240168498564776 40
0.16932728825210885 0.3075572307029383 40
0.13007153028745388 0.28277681940962734 40
0.09603492980663306 0.2599080778348941 40
0.18599420977328052 0.24065072069971805 40
0.10396006271875784 0.22167321568650267 40
0.14720598994014733 0.20488976196723574 40
0.13757129635691875 0.19009296507596488 40
0.1994845483637205 0.17588472360475838 40
0.10742537708921718 0.16095810684188186 40
0.09800600008305747 0.14852424790307786 40
0.09809470873272227 0.13668415991921767 40
0.0639364684687135 0.12548622804862317 40
0.052362819981083185 0.11480367282996405 40
0.015466904007155901 0.10386046656338908 40
0.0 0.09477640491418801 40
0.1376692507859127 0.08700874443039724 40
1.0 0.0868037561034636 40
0.14566731356283869 0.07002960006265867 40
0.17942061249116617 0.062456034882887534 40
0.24444952568771944 0.05558568838346333 40
0.29293577248132485 0.04839368074037698 40
0.37214538211277787 0.04182581603038129 40
0.36169839850256946 0.0349755321881883 40
0.4548757981402232 0.028731258144365803 40
0.5121109567243531 0.022926642313062465 40
0.5261212505528139 0.01699891021926063 40
0.6054335853505579 0.01082211230197715 40
0.546424141182683 0.004791870743187307 40
0.7664649353627326 0.0 40
0.18599420977328052 0.24065072069971805 40
0.17942061249116617 0.062456034882887534 40
0.10396006271875784 0.22167321568650267 95
0.36169839850256946 0.0349755321881883 40
0.1994845483637205 0.17588472360475838 40
0.14720598994014733 0.20488976196723574 95
0.24444952568771944 0.05558568838346333 95
0.0 0.09477640491418801 95
0.5121109567243531 0.022926642313062465 40
0.09800600008305747 0.14852424790307786 95
0.16868666694153892 0.39695277139496976 40
1.0 0.0868037561034636 95
0.10396006271875784 0.22167321568650267 40
0.10396006271875784 0.22167321568650267 95
0.09603492980663306 0.2599080778348941 95
0.36169839850256946 0.0349755321881883 40
0.015466904007155901 0.10386046656338908 40
0.0 0.09477640491418801 40
0.6151146191370923 0.8651839585267446 95
0.12209333275596626 0.33240168498564776 40
