0.6730231675221606 1.0 95
0.6876867190881207 0.865285849465982 95
0.4707007259670473 0.7482634167523166 95
0.4708739336445757 0.6632261299003392 95
0.43006309795286995 0.5915478823637548 95
0.23636941575848452 0.526401234896697 95
0.23745083696698016 0.47557186014837244 95
0.162418258267683 0.4310602643570037 95
0.20478050748677765 0.39389926257278013 95
0.14229488205632254 0.36011730273891746 95
0.09207301011696276 0.3293256279012648 95
0.1793626859729886 0.30432816978605326 95
0.10177130922957356 0.2795933589981589 95
0.06500459803189149 0.25692851001845574 95
0.138257316477766 0.2371214658971815 95
0.10773804176201705 0.21928255826291126 95
0.17755213889961788 0.20325980642734937 95
0.14169768238699929 0.1877138878016257 95
0.2022662434917868 0.17380603814850235 95
0.10005025428730192 0.1596970835456715 95
0.08113814278061293 0.14712704469487795 95
0.12794665516712625 0.13558823508626994 95
0.06323016179633353 0.12380626826586878 95
0.07328728210751069 0.11316761984287371 95
0.0 0.10278022402592059 95
0.028616250560118333 0.0939388346083345 95
0.08129107645719758 0.08572333519868434 95
1.0 0.08583914247573778 95
0.16297891575874038 0.06971922170416177 95
0.19898783077572926 0.0621514919670868 95
0.2876509151589174 0.05502116694861347 95
0.33362369933180736 0.04797447580316233 95
0.35818056773051754 0.04172217055713941 95
0.42439487754611355 0.035012845413909296 95
0.4439836023485501 0.028724157570103312 95
0.5127636248439819 0.022621897818886422 95
0.5389388702703473 0.0167072488301024 95
0.633041613661711 0.011170100164287275 95
0.5793256841897002 0.00524696979155999 95
0.7677367810713347 0.0 95
0.6730231675221606 1.0 40
0.6876867190881207 0.865285849465982 40
0.4707007259670473 0.7482634167523166 40
0.4708739336445757 0.6632261299003392 40
0.43006309795286995 0.5915478823637548 40
0.23636941575848452 0.526401234896697 40
0.23745083696698016 0.47557186014837244 40
0.162418258267683 0.4310602643570037 40
0.20478050748677765 0.39389926257278013 40
0.14229488205632254 0.36011730273891746 40
0.09207301011696276 0.3293256279012648 40
0.1793626859729886 0.30432816978605326 40
0.10177130922957356 0.2795933589981589 40
0.06500459803189149 0.25692851001845574 40
0.138257316477766 0.2371214658971815 40
0.10773804176201705 0.21928255826291126 40
0.17755213889961788 0.20325980642734937 40
0.14169768238699929 0.1877138878016257 40
0.2022662434917868 0.17380603814850235 40
0.10005025428730192 0.1596970835456715 40
0.08113814278061293 0.14712704469487795 40
0.12794665516712625 0.13558823508626994 40
0.06323016179633353 0.12380626826586878 40
0.07328728210751069 0.11316761984287371 40
0.0 0.10278022402592059 40
0.028616250560118333 0.0939388346083345 40
0.08129107645719758 0.08572333519868434 40
1.0 0.08583914247573778 40
0.16297891575874038 0.06971922170416177 40
0.19898783077572926 0.0621514919670868 40
0.2876509151589174 0.05502116694861347 40
0.33362369933180736 0.04797447580316233 40
0.35818056773051754 0.04172217055713941 40
0.42439487754611355 0.035012845413909296 40
0.4439836023485501 0.028724157570103312 40
0.5127636248439819 0.022621897818886422 40
0.5389388702703473 0.0167072488301024 40
0.633041613661711 0.011170100164287275 40
0.5793256841897002 0.00524696979155999 40
0.7677367810713347 0.0 40
0.07328728210751069 0.11316761984287371 40
0.19898783077572926 0.0621514919670868 95
0.0 0.10278022402592059 40
0.23745083696698016 0.47557186014837244 95
0.2022662434917868 0.17380603814850235 40
0.0 0.10278022402592059 40
0.08113814278061293 0.14712704469487795 40
0.14229488205632254 0.36011730273891746 40
0.4439836023485501 0.028724157570103312 95
0.23636941575848452 0.526401234896697 40
0.08113814278061293 0.14712704469487795 40
0.33362369933180736 0.04797447580316233 95
0.06323016179633353 0.12380626826586878 95
0.4708739336445757 0.6632261299003392 95
0.1793626859729886 0.30432816978605326 95
0.14229488205632254 0.36011730273891746 95
0.07328728210751069 0.11316761984287371 95
0.07328728210751069 0.11316761984287371 95
0.10005025428730192 0.1596970835456715 40
0.138257316477766 0.2371214658971815 95
