0.8512388186956802 1.0 95
0.7585112826937127 0.8581046414852885 95
0.6004030616136001 0.7439529978062065 95
0.6089885837858728 0.6582030015732229 95
0.49012117923036325 0.5827928171635031 95
0.35773577497078834 0.521371588986075 95
0.290151844359527 0.46944249637628105 95
0.2079889758288553 0.4249000618847724 95
0.18169767043883392 0.3863533563839713 95
0.10048033573141882 0.3522123645916923 95
0.12838796370910788 0.32465427650347006 95
0.08295685903375691 0.2970421585589635 95
0.18203945208682704 0.27512980076879917 95
0.11004652484429056 0.2533008956617826 95
0.15669925941616103 0.2332383149388691 95
0.1739284788080495 0.21533366550595684 95
0.15539932610082774 0.19897143836698675 95
0.1556031669184903 0.18336522105359598 95
0.11116190926332835 0.1695007895794073 95
0.1525453816393017 0.15639536828841982 95
0.1779936740142262 0.1441236524932079 95
0.17400343570387797 0.1327195007216421 95
0.10469153215091676 0.12116865450803596 95
0.07188185188152092 0.11069902135801528 95
0.041437655319140836 0.10123817007576445 95
0.020990423989145492 0.09201259354048645 95
0.0 0.08274552289398483 95
1.0 0.08140778189001152 95
0.18924862824458383 0.0678084145709283 95
0.20306837174916303 0.060220712534927855 95
0.3658578315766492 0.05388595281539747 95
0.4404230671002317 0.04756090637882587 95
0.4021666095965008 0.040285781349094156 95
0.45347726294166996 0.034180446937186346 95
0.5493875220747134 0.02802939469984842 95
0.6188474854808664 0.022273079760634713 95
0.6459602955439152 0.01620056673017269 95
0.6710421551091936 0.010884777580761822 95
0.8064841341256602 0.005662101326202583 95
0.8689921106969122 0.0 95
0.8512388186956802 1.0 40
0.7585112826937127 0.8581046414852885 40
0.6004030616136001 0.7439529978062065 40
0.6089885837858728 0.6582030015732229 40
0.49012117923036325 0.5827928171635031 40
0.35773577497078834 0.521371588986075 40
0.290151844359527 0.46944249637628105 40
0.2079889758288553 0.4249000618847724 40
0.18169767043883392 0.3863533563839713 40
0.10048033573141882 0.3522123645916923 40
0.12838796370910788 0.32465427650347006 40
0.08295685903375691 0.2970421585589635 40
0.18203945208682704 0.27512980076879917 40
0.11004652484429056 0.2533008956617826 40
0.15669925941616103 0.2332383149388691 40
0.1739284788080495 0.21533366550595684 40
0.15539932610082774 0.19897143836698675 40
0.1556031669184903 0.18336522105359598 40
0.11116190926332835 0.1695007895794073 40
0.1525453816393017 0.15639536828841982 40
0.1779936740142262 0.1441236524932079 40
0.17400343570387797 0.1327195007216421 40
0.10469153215091676 0.12116865450803596 40
0.07188185188152092 0.11069902135801528 40
0.041437655319140836 0.10123817007576445 40
0.020990423989145492 0.09201259354048645 40
0.0 0.08274552289398483 40
1.0 0.08140778189001152 40
0.18924862824458383 0.0678084145709283 40
0.20306837174916303 0.060220712534927855 40
0.3658578315766492 0.05388595281539747 40
0.4404230671002317 0.04756090637882587 40
0.4021666095965008 0.040285781349094156 40
0.45347726294166996 0.034180446937186346 40
0.5493875220747134 0.02802939469984842 40
0.6188474854808664 0.022273079760634713 40
0.6459602955439152 0.01620056673017269 40
0.6710421551091936 0.010884777580761822 40
0.8064841341256602 0.005662101326202583 40
0.8689921106969122 0.0 40
0.8689921106969122 0.0 40
0.4021666095965008 0.040285781349094156 40
0.6459602955439152 0.01620056673017269 40
0.8512388186956802 1.0 95
0.18169767043883392 0.3863533563839713 40
0.8064841341256602 0.005662101326202583 95
0.8064841341256602 0.005662101326202583 40
0.8064841341256602 0.005662101326202583 40
0.0 0.08274552289398483 95
0.6004030616136001 0.7439529978062065 95
0.20306837174916303 0.060220712534927855 95
0.17400343570387797 0.1327195007216421 95
0.7585112826937127 0.8581046414852885 40
0.15669925941616103 0.2332383149388691 95
0.18203945208682704 0.27512980076879917 95
0.49012117923036325 0.5827928171635031 40
0.15669925941616103 0.2332383149388691 40
0.7585112826937127 0.8581046414852885 95
0.2079889758288553 0.4249000618847724 95
0.18169767043883392 0.3863533563839713 95
