1.0 1.0 95
0.6910958504698157 0.8411661469035493 95
0.7014139513041296 0.7329276493116875 95
0.4990312316307799 0.6386255090089568 95
0.4987417376090427 0.5669290074682247 95
0.35191733341689413 0.5047269221839624 95
0.3294176084996087 0.4539033912604331 95
0.2631025295059758 0.41013685969958386 95
0.27021277181068454 0.37346877044513527 95
0.15148921317724107 0.3391772302396562 95
0.13238012888402848 0.3105528886438526 95
0.1657969405464693 0.2851923390463373 95
0.13761844472559973 0.26252963689815373 95
0.19564516203514465 0.24256264443756953 95
0.13650893689702043 0.22268769870346677 95
0.12327257414585889 0.20522922199444743 95
0.16853763794996246 0.18968676342973356 95
0.15813028801482346 0.17488838820070188 95
0.14013140545296532 0.16121340986475188 95
0.15414150084501738 0.14901051944125873 95
0.11964267922912221 0.13727018261462665 95
0.07166221971082976 0.1254893658474082 95
0.10855578706798638 0.11591327501584316 95
0.13297987489367247 0.10585147834341006 95
0.0682867912849362 0.09619818378919125 95
0.031921525151150154 0.08673577653259314 95
0.0 0.07863413245858766 95
0.5444617202383968 0.07521185506981759 95
0.13949995858163447 0.06420943653642601 95
0.17348182611418642 0.05734870272993741 95
0.23293306507591213 0.05046095392405924 95
0.35346934433723387 0.04469832850385022 95
0.38035445795236666 0.0384036161615567 95
0.37724395587754095 0.032269049482046286 95
0.35993135163496937 0.02631702702988317 95
0.45307703845396075 0.020645472046764396 95
0.5274753963546785 0.01566025602879494 95
0.5781813602325524 0.01002423784316157 95
0.6060129514600925 0.005095013494220809 95
0.6671712270952768 0.0 95
1.0 1.0 40
0.6910958504698157 0.8411661469035493 40
0.7014139513041296 0.7329276493116875 40
0.4990312316307799 0.6386255090089568 40
0.4987417376090427 0.5669290074682247 40
0.35191733341689413 0.5047269221839624 40
0.3294176084996087 0.4539033912604331 40
0.2631025295059758 0.41013685969958386 40
0.27021277181068454 0.37346877044513527 40
0.15148921317724107 0.3391772302396562 40
0.13238012888402848 0.3105528886438526 40
0.1657969405464693 0.2851923390463373 40
0.13761844472559973 0.26252963689815373 40
0.19564516203514465 0.24256264443756953 40
0.13650893689702043 0.22268769870346677 40
0.12327257414585889 0.20522922199444743 40
0.16853763794996246 0.18968676342973356 40
0.15813028801482346 0.17488838820070188 40
0.14013140545296532 0.16121340986475188 40
0.15414150084501738 0.14901051944125873 40
0.11964267922912221 0.13727018261462665 40
0.07166221971082976 0.1254893658474082 40
0.10855578706798638 0.11591327501584316 40
0.13297987489367247 0.10585147834341006 40
0.0682867912849362 0.09619818378919125 40
0.031921525151150154 0.08673577653259314 40
0.0 0.07863413245858766 40
0.5444617202383968 0.07521185506981759 40
0.13949995858163447 0.06420943653642601 40
0.17348182611418642 0.05734870272993741 40
0.23293306507591213 0.05046095392405924 40
0.35346934433723387 0.04469832850385022 40
0.38035445795236666 0.0384036161615567 40
0.37724395587754095 0.032269049482046286 40
0.35993135163496937 0.02631702702988317 40
0.45307703845396075 0.020645472046764396 40
0.5274753963546785 0.01566025602879494 40
0.5781813602325524 0.01002423784316157 40
0.6060129514600925 0.005095013494220809 40
0.6671712270952768 0.0 40
0.45307703845396075 0.020645472046764396 95
0.13238012888402848 0.3105528886438526 40
0.2631025295059758 0.41013685969958386 95
0.17348182611418642 0.05734870272993741 40
0.6671712270952768 0.0 95
0.12327257414585889 0.20522922199444743 95
0.031921525151150154 0.08673577653259314 95
0.15148921317724107 0.3391772302396562 40
0.13650893689702043 0.22268769870346677 40
0.37724395587754095 0.032269049482046286 95
0.4990312316307799 0.6386255090089568 40
0.1657969405464693 0.2851923390463373 40
0.13297987489367247 0.10585147834341006 95
0.2631025295059758 0.41013685969958386 40
0.23293306507591213 0.05046095392405924 95
0.7014139513041296 0.7329276493116875 40
0.6910958504698157 0.8411661469035493 40
0.45307703845396075 0.020645472046764396 95
0.27021277181068454 0.37346877044513527 40
0.16853763794996246 0.18968676342973356 40
