1.0 1.0 95
0.9037395987027629 0.8561272143045185 95
0.7189343788423722 0.7436585060803514 95
0.6443334824539549 0.6543833951944326 95
0.5572988210572911 0.5816351820470713 95
0.3886045119062012 0.5189358675947171 95
0.3928505929032035 0.4681625018741433 95
0.21338779383591822 0.4224330307279691 95
0.23900570879928099 0.3849747447181197 95
0.15087542498492226 0.3505728434997331 95
0.1010385169653943 0.3219006459816655 95
0.12171152690929274 0.2957728163046979 95
0.13038863841735976 0.27286504553060886 95
0.09519087423588195 0.2510495456464013 95
0.1910296351511542 0.23253883921717264 95
0.1585314687460965 0.2143138723381179 95
0.15317574527372776 0.19748450081949684 95
0.09099005448516029 0.18236037764382798 95
0.13222191109579642 0.16821946941823326 95
0.16100380282996754 0.1555155396094671 95
0.1691379843110651 0.14343792905923924 95
0.12510067318796006 0.1317899814478499 95
0.03970623215326657 0.12014640284243396 95
0.051843568761699446 0.11003102085970409 95
0.0 0.10073686722614596 95
0.004337076336558021 0.09097189670457129 95
0.017221125225580596 0.08253113285865189 95
0.996766949162009 0.08091676088800186 95
0.1416639617824718 0.06777613451285933 95
0.09676104840499154 0.05975237965516407 95
0.3246203371958594 0.05377470513799824 95
0.43253396904184677 0.04741949486116136 95
0.43891842018748695 0.04053472325771599 95
0.45548094650326415 0.034157220330867426 95
0.5683952593396773 0.0279011664592386 95
0.6555618375491937 0.02198615443634461 95
0.6652630192123697 0.016323042781018315 95
0.7563401769490072 0.01058287889853156 95
0.8739053501697591 0.005516723443133555 95
0.9250672104999232 0.0 95
1.0 1.0 40
0.9037395987027629 0.8561272143045185 40
0.7189343788423722 0.7436585060803514 40
0.6443334824539549 0.6543833951944326 40
0.5572988210572911 0.5816351820470713 40
0.3886045119062012 0.5189358675947171 40
0.3928505929032035 0.4681625018741433 40
0.21338779383591822 0.4224330307279691 40
0.23900570879928099 0.3849747447181197 40
0.15087542498492226 0.3505728434997331 40
0.1010385169653943 0.3219006459816655 40
0.12171152690929274 0.2957728163046979 40
0.13038863841735976 0.27286504553060886 40
0.09519087423588195 0.2510495456464013 40
0.1910296351511542 0.23253883921717264 40
0.1585314687460965 0.2143138723381179 40
0.15317574527372776 0.19748450081949684 40
0.09099005448516029 0.18236037764382798 40
0.13222191109579642 0.16821946941823326 40
0.16100380282996754 0.1555155396094671 40
0.1691379843110651 0.14343792905923924 40
0.12510067318796006 0.1317899814478499 40
0.03970623215326657 0.12014640284243396 40
0.051843568761699446 0.11003102085970409 40
0.0 0.10073686722614596 40
0.004337076336558021 0.09097189670457129 40
0.017221125225580596 0.08253113285865189 40
0.996766949162009 0.08091676088800186 40
0.1416639617824718 0.06777613451285933 40
0.09676104840499154 0.05975237965516407 40
0.3246203371958594 0.05377470513799824 40
0.43253396904184677 0.04741949486116136 40
0.43891842018748695 0.04053472325771599 40
0.45548094650326415 0.034157220330867426 40
0.5683952593396773 0.0279011664592386 40
0.6555618375491937 0.02198615443634461 40
0.6652630192123697 0.016323042781018315 40
0.7563401769490072 0.01058287889853156 40
0.8739053501697591 0.005516723443133555 40
0.9250672104999232 0.0 40
0.1585314687460965 0.2143138723381179 95
0.6652630192123697 0.016323042781018315 95
0.017221125225580596 0.08253113285865189 40
0.5572988210572911 0.5816351820470713 40
0.7563401769490072 0.01058287889853156 95
0.16100380282996754 0.1555155396094671 95
0.16100380282996754 0.1555155396094671 95
0.3246203371958594 0.05377470513799824 40
0.15317574527372776 0.19748450081949684 40
0.13222191109579642 0.16821946941823326 40
0.1416639617824718 0.06777613451285933 95
0.0 0.10073686722614596 40
0.23900570879928099 0.3849747447181197 40
0.996766949162009 0.08091676088800186 40
0.3246203371958594 0.05377470513799824 95
0.12510067318796006 0.1317899814478499 40
0.051843568761699446 0.11003102085970409 40
0.03970623215326657 0.12014640284243396 40
1.0 1.0 95
0.43253396904184677 0.04741949486116136 95
