1.0 1.0 95
0.7877649730694407 0.8530587757173049 95
0.7244225200617108 0.7432993079205995 95
0.6495605956285551 0.6548160462596088 95
0.6442921083075721 0.5825296039623259 95
0.37301503456227425 0.5175995709980159 95
0.3742783077829113 0.4684651948791479 95
0.2509087602236632 0.4216693059347012 95
0.26572856187668736 0.3853148279238955 95
0.16683705543662938 0.351222445064569 95
0.142651415121891 0.32156471638511264 95
0.15587411768010223 0.2956455714953378 95
0.14633684332598237 0.2727268652255619 95
0.13024754535872252 0.2511206335679739 95
0.1748659760884773 0.23160684352729302 95
0.149332573241922 0.21328636375945864 95
0.1911851383681944 0.1972319707372782 95
0.10829325601617652 0.18215228477801956 95
0.15563808385548367 0.16810906442720314 95
0.16816718464387825 0.15540215556028147 95
0.19151899547733295 0.1434665646501036 95
0.15571409701692768 0.1317175276749317 95
0.0675005039146055 0.11997745994875295 95
0.08221928855604198 0.10999996100593316 95
0.05920205309912967 0.10046263995466803 95
0.0 0.09113449440854099 95
0.039164232291789336 0.08267884069266618 95
0.9497595404086637 0.08069394214998224 95
0.1618324063497881 0.06760012870003154 95
0.1487287841546983 0.06008466069710691 95
0.3136994978243294 0.05383330094214961 95
0.43870937445991964 0.0471429912344423 95
0.46768317657033176 0.04022974417511043 95
0.44866632023673475 0.034197071546367204 95
0.5438237740940746 0.028038654628783327 95
0.6249590453439657 0.022121868418626733 95
0.6384493064973613 0.016063372113802564 95
0.7897721870102374 0.010801060085386413 95
0.8471830594123398 0.00539496899647565 95
0.8762742910851672 0.0 95
1.0 1.0 40
0.7877649730694407 0.8530587757173049 40
0.7244225200617108 0.7432993079205995 40
0.6495605956285551 0.6548160462596088 40
0.6442921083075721 0.5825296039623259 40
0.37301503456227425 0.5175995709980159 40
0.3742783077829113 0.4684651948791479 40
0.2509087602236632 0.4216693059347012 40
0.26572856187668736 0.3853148279238955 40
0.16683705543662938 0.351222445064569 40
0.142651415121891 0.32156471638511264 40
0.15587411768010223 0.2956455714953378 40
0.14633684332598237 0.2727268652255619 40
0.13024754535872252 0.2511206335679739 40
0.1748659760884773 0.23160684352729302 40
0.149332573241922 0.21328636375945864 40
0.1911851383681944 0.1972319707372782 40
0.10829325601617652 0.18215228477801956 40
0.15563808385548367 0.16810906442720314 40
0.16816718464387825 0.15540215556028147 40
0.19151899547733295 0.1434665646501036 40
0.15571409701692768 0.1317175276749317 40
0.0675005039146055 0.11997745994875295 40
0.08221928855604198 0.10999996100593316 40
0.05920205309912967 0.10046263995466803 40
0.0 0.09113449440854099 40
0.039164232291789336 0.08267884069266618 40
0.9497595404086637 0.08069394214998224 40
0.1618324063497881 0.06760012870003154 40
0.1487287841546983 0.06008466069710691 40
0.3136994978243294 0.05383330094214961 40
0.43870937445991964 0.0471429912344423 40
0.46768317657033176 0.04022974417511043 40
0.44866632023673475 0.034197071546367204 40
0.5438237740940746 0.028038654628783327 40
0.6249590453439657 0.022121868418626733 40
0.6384493064973613 0.016063372113802564 40
0.7897721870102374 0.010801060085386413 40
0.8471830594123398 0.00539496899647565 40
0.8762742910851672 0.0 40
0.37301503456227425 0.5175995709980159 40
1.0 1.0 95
0.039164232291789336 0.08267884069266618 95
0.19151899547733295 0.1434665646501036 40
0.46768317657033176 0.04022974417511043 95
0.039164232291789336 0.08267884069266618 95
0.1748659760884773 0.23160684352729302 40
0.7877649730694407 0.8530587757173049 95
0.6495605956285551 0.6548160462596088 95
0.37301503456227425 0.5175995709980159 95
0.08221928855604198 0.10999996100593316 95
0.16816718464387825 0.15540215556028147 95
0.039164232291789336 0.08267884069266618 40
0.15563808385548367 0.16810906442720314 95
0.08221928855604198 0.10999996100593316 40
0.1748659760884773 0.23160684352729302 40
0.16816718464387825 0.15540215556028147 95
0.149332573241922 0.21328636375945864 40
0.1487287841546983 0.06008466069710691 95
0.149332573241922 0.21328636375945864 40
