1.0 1.0 95
0.8561769312109784 0.8645374306293192 95
0.7778419908379116 0.760726486291914 95
0.7639086047577347 0.6765833399496413 95
0.4098451223148199 0.598625289507728 95
0.43810568867786337 0.5413477221392631 95
0.17756484200234474 0.48644528545709587 95
0.34808494436886955 0.44532477585412633 95
0.25023953437106106 0.4059722368049622 95
0.14646348524331868 0.36986222233879673 95
0.17102806393523465 0.3416704198820075 95
0.15056560844734512 0.31401219641015043 95
0.12127007855838919 0.2880656257778569 95
0.15822831107348753 0.26709536570929165 95
0.20028309454562798 0.2456538606334507 95
0.1797690602740232 0.22690534346393862 95
0.1262794569535664 0.20918171166009814 95
0.17346690534013234 0.19293184408073658 95
0.13101069486983263 0.17804725958513407 95
0.18074095147035288 0.16438721678280951 95
0.12440599414720097 0.15072252113905737 95
0.02577915802426451 0.13723368929744525 95
0.13830699925804688 0.1267030503047466 95
0.13098399923173004 0.11560818375491784 95
0.03655640950684875 0.10430044379856127 95
0.0 0.09465976711135005 95
0.9663246687118348 0.0916638072865048 95
0.19560875486737989 0.07680516694233595 95
0.19169046296812578 0.06855199617003215 95
0.2887161937626425 0.06112632139981728 95
0.46455366160733574 0.053393401436686395 95
0.517850688479044 0.04646361895190016 95
0.5432467603865 0.03899936850288034 95
0.5857177457974155 0.031446666934161635 95
0.6647600515886657 0.02509703633691412 95
0.7254403441597719 0.018585835474490314 95
0.8301470681918841 0.012343429971359142 95
0.8651418037700916 0.006177745512759449 95
0.9761191366939871 0.0 95
1.0 1.0 40
0.8561769312109784 0.8645374306293192 40
0.7778419908379116 0.760726486291914 40
0.7639086047577347 0.6765833399496413 40
0.4098451223148199 0.598625289507728 40
0.43810568867786337 0.5413477221392631 40
0.17756484200234474 0.48644528545709587 40
0.34808494436886955 0.44532477585412633 40
0.25023953437106106 0.4059722368049622 40
0.14646348524331868 0.36986222233879673 40
0.17102806393523465 0.3416704198820075 40
0.15056560844734512 0.31401219641015043 40
0.12127007855838919 0.2880656257778569 40
0.15822831107348753 0.26709536570929165 40
0.20028309454562798 0.2456538606334507 40
0.1797690602740232 0.22690534346393862 40
0.1262794569535664 0.20918171166009814 40
0.17346690534013234 0.19293184408073658 40
0.13101069486983263 0.17804725958513407 40
0.18074095147035288 0.16438721678280951 40
0.12440599414720097 0.15072252113905737 40
0.02577915802426451 0.13723368929744525 40
0.13830699925804688 0.1267030503047466 40
0.13098399923173004 0.11560818375491784 40
0.03655640950684875 0.10430044379856127 40
0.0 0.09465976711135005 40
0.9663246687118348 0.0916638072865048 40
0.19560875486737989 0.07680516694233595 40
0.19169046296812578 0.06855199617003215 40
0.2887161937626425 0.06112632139981728 40
0.46455366160733574 0.053393401436686395 40
0.517850688479044 0.04646361895190016 40
0.5432467603865 0.03899936850288034 40
0.5857177457974155 0.031446666934161635 40
0.6647600515886657 0.02509703633691412 40
0.7254403441597719 0.018585835474490314 40
0.8301470681918841 0.012343429971359142 40
0.8651418037700916 0.006177745512759449 40
0.9761191366939871 0.0 40
0.17102806393523465 0.3416704198820075 95
0.4098451223148199 0.598625289507728 40
0.4098451223148199 0.598625289507728 40
0.03655640950684875 0.10430044379856127 40
0.2887161937626425 0.06112632139981728 40
0.15056560844734512 0.31401219641015043 40
0.46455366160733574 0.053393401436686395 95
0.5857177457974155 0.031446666934161635 40
0.43810568867786337 0.5413477221392631 40
0.8301470681918841 0.012343429971359142 95
0.5432467603865 0.03899936850288034 95
0.2887161937626425 0.06112632139981728 95
0.8651418037700916 0.006177745512759449 40
0.7254403441597719 0.018585835474490314 95
0.1797690602740232 0.22690534346393862 95
0.0 0.09465976711135005 40
0.7778419908379116 0.760726486291914 95
0.20028309454562798 0.2456538606334507 40
0.13830699925804688 0.1267030503047466 40
0.1262794569535664 0.20918171166009814 95
0.13101069486983263 0.17804725958513407 40
0.03655640950684875 0.10430044379856127 95
