0.9670508462009273 1.0 95
0.8973232000150145 0.8544745063656435 95
0.8587748585959052 0.7437635744129703 95
0.6619924001883352 0.6517750487726375 95
0.6227821607508882 0.5809058258923876 95
0.37858440874775395 0.5163170709180027 95
0.32377528500384306 0.4654022226339726 95
0.14903351579719148 0.41885039552068365 95
0.2883249610926621 0.3835374230595268 95
0.1450204806396864 0.3489298142109313 95
0.15728495351961366 0.31935314921303587 95
0.12512806292475795 0.2937286304103744 95
0.2080448681661077 0.27164452319867316 95
0.1207100763477589 0.24897903060429105 95
0.2111252413900011 0.23050442731891063 95
0.19846711942939235 0.21221783850977488 95
0.13051162856699203 0.1957104314684824 95
0.18407714883461193 0.1810116851592548 95
0.12816040384918456 0.1669170035622614 95
0.16583282572897534 0.1539186977073678 95
0.1528120775025604 0.14212803873867697 95
0.14850651067302678 0.13061163703993303 95
0.04982407636859372 0.11868080105719106 95
0.09093255425698306 0.1089627850773133 95
0.07299776196895175 0.09922024637792236 95
0.0 0.09010536493496332 95
0.03130735020348397 0.08154041926785846 95
1.0 0.07953901208999319 95
0.18454807993197692 0.06643682626650295 95
0.17769613359233952 0.0591957085383273 95
0.33998575198549624 0.052655067521816756 95
0.45730167258122695 0.046167329263078205 95
0.4647014073831619 0.04003068189405936 95
0.5088847418988003 0.03366842730985547 95
0.5580014726936634 0.02745317679671379 95
0.6385148847661101 0.021896899217876912 95
0.6966634226137212 0.015779500725165763 95
0.8052187506781272 0.010736448576613074 95
0.9022575560608947 0.004974623330403398 95
0.9156980549956556 0.0 95
0.9670508462009273 1.0 40
0.8973232000150145 0.8544745063656435 40
0.8587748585959052 0.7437635744129703 40
0.6619924001883352 0.6517750487726375 40
0.6227821607508882 0.5809058258923876 40
0.37858440874775395 0.5163170709180027 40
0.32377528500384306 0.4654022226339726 40
0.14903351579719148 0.41885039552068365 40
0.2883249610926621 0.3835374230595268 40
0.1450204806396864 0.3489298142109313 40
0.15728495351961366 0.31935314921303587 40
0.12512806292475795 0.2937286304103744 40
0.2080448681661077 0.27164452319867316 40
0.1207100763477589 0.24897903060429105 40
0.2111252413900011 0.23050442731891063 40
0.19846711942939235 0.21221783850977488 40
0.13051162856699203 0.1957104314684824 40
0.18407714883461193 0.1810116851592548 40
0.12816040384918456 0.1669170035622614 40
0.16583282572897534 0.1539186977073678 40
0.1528120775025604 0.14212803873867697 40
0.14850651067302678 0.13061163703993303 40
0.04982407636859372 0.11868080105719106 40
0.09093255425698306 0.1089627850773133 40
0.07299776196895175 0.09922024637792236 40
0.0 0.09010536493496332 40
0.03130735020348397 0.08154041926785846 40
1.0 0.07953901208999319 40
0.18454807993197692 0.06643682626650295 40
0.17769613359233952 0.0591957085383273 40
0.33998575198549624 0.052655067521816756 40
0.45730167258122695 0.046167329263078205 40
0.4647014073831619 0.04003068189405936 40
0.5088847418988003 0.03366842730985547 40
0.5580014726936634 0.02745317679671379 40
0.6385148847661101 0.021896899217876912 40
0.6966634226137212 0.015779500725165763 40
0.8052187506781272 0.010736448576613074 40
0.9022575560608947 0.004974623330403398 40
0.9156980549956556 0.0 40
0.9156980549956556 0.0 95
0.03130735020348397 0.08154041926785846 40
0.1450204806396864 0.3489298142109313 95
0.5580014726936634 0.02745317679671379 40
0.14903351579719148 0.41885039552068365 95
0.12816040384918456 0.1669170035622614 40
0.16583282572897534 0.1539186977073678 40
0.6619924001883352 0.6517750487726375 40
0.4647014073831619 0.04003068189405936 95
0.12816040384918456 0.1669170035622614 40
0.14903351579719148 0.41885039552068365 40
0.15728495351961366 0.31935314921303587 95
0.0 0.09010536493496332 40
0.8052187506781272 0.010736448576613074 40
0.6966634226137212 0.015779500725165763 95
0.8973232000150145 0.8544745063656435 40
0.6385148847661101 0.021896899217876912 40

0.2883249610926621 0.3835374230595268 40

