0.9381285014984331 1.0 95
0.9149915384579139 0.8587109301670712 95
0.8090450819689248 0.7473136267647325 95
0.7393003431743185 0.6570354275916606 95
0.6959291637800537 0.5852458488116615 95
0.44209449610557644 0.5198842924335418 95
0.4602099389987355 0.4704488808474466 95
0.2682246842115917 0.4243579973571887 95
0.32398000909726327 0.38726543343553466 95
0.08360027841672937 0.3513023211366549 95
0.19032939735754448 0.3230244752950699 95
0.07469068323509874 0.2957482293248826 95
0.16721836781450092 0.2739294064289384 95
0.13801126701777092 0.2521046704471818 95
0.18025492246541988 0.23243873051993796 95
0.1774494351484177 0.2151139408537195 95
0.1418758481882033 0.19824172320490016 95
0.11860759093930788 0.1829405356644041 95
0.13199482174658106 0.16877276436262012 95
0.17178106745194546 0.15610032644163727 95
0.10964222674065982 0.14362160025418808 95
0.11281246808992162 0.13244214331039894 95
0.04848024585726329 0.12054048060914281 95
0.06696326010837621 0.1104160482097673 95
0.0 0.10107537141082831 95
0.011289716252130573 0.09130126684931884 95
0.03888278485180702 0.08280735365717028 95
1.0 0.08115955625803567 95
0.17212049567719903 0.06764996449229269 95
0.15597593562345616 0.06009601895397124 95
0.31964319622703224 0.05395989341766025 95
0.45220705905916536 0.04728460055954412 95
0.4823297278932482 0.04055734363046848 95
0.47567547223832374 0.03425702174285139 95
0.6221970561038743 0.02809913315810288 95
0.655222675740129 0.02205199923887201 95
0.6887126379219582 0.016583553834147353 95
0.8192388326654307 0.011008027850431918 95
0.8755898593040853 0.005805844103260146 95
0.9289595764888096 0.0 95
0.9381285014984331 1.0 40
0.9149915384579139 0.8587109301670712 40
0.8090450819689248 0.7473136267647325 40
0.7393003431743185 0.6570354275916606 40
0.6959291637800537 0.5852458488116615 40
0.44209449610557644 0.5198842924335418 40
0.4602099389987355 0.4704488808474466 40
0.2682246842115917 0.4243579973571887 40
0.32398000909726327 0.38726543343553466 40
0.08360027841672937 0.3513023211366549 40
0.19032939735754448 0.3230244752950699 40
0.07469068323509874 0.2957482293248826 40
0.16721836781450092 0.2739294064289384 40
0.13801126701777092 0.2521046704471818 40
0.18025492246541988 0.23243873051993796 40
0.1774494351484177 0.2151139408537195 40
0.1418758481882033 0.19824172320490016 40
0.11860759093930788 0.1829405356644041 40
0.13199482174658106 0.16877276436262012 40
0.17178106745194546 0.15610032644163727 40
0.10964222674065982 0.14362160025418808 40
0.11281246808992162 0.13244214331039894 40
0.04848024585726329 0.12054048060914281 40
0.06696326010837621 0.1104160482097673 40
0.0 0.10107537141082831 40
0.011289716252130573 0.09130126684931884 40
0.03888278485180702 0.08280735365717028 40
1.0 0.08115955625803567 40
0.17212049567719903 0.06764996449229269 40
0.15597593562345616 0.06009601895397124 40
0.31964319622703224 0.05395989341766025 40
0.45220705905916536 0.04728460055954412 40
0.4823297278932482 0.04055734363046848 40
0.47567547223832374 0.03425702174285139 40
0.6221970561038743 0.02809913315810288 40
0.655222675740129 0.02205199923887201 40
0.6887126379219582 0.016583553834147353 40
0.8192388326654307 0.011008027850431918 40
0.8755898593040853 0.005805844103260146 40
0.9289595764888096 0.0 40
0.44209449610557644 0.5198842924335418 40
0.04848024585726329 0.12054048060914281 40
0.08360027841672937 0.3513023211366549 40
0.16721836781450092 0.2739294064289384 40
0.06696326010837621 0.1104160482097673 95
0.03888278485180702 0.08280735365717028 40
0.04848024585726329 0.12054048060914281 95
0.06696326010837621 0.1104160482097673 40
0.6221970561038743 0.02809913315810288 95
0.08360027841672937 0.3513023211366549 95
0.06696326010837621 0.1104160482097673 95
0.6221970561038743 0.02809913315810288 95
0.9381285014984331 1.0 95
0.06696326010837621 0.1104160482097673 95
0.45220705905916536 0.04728460055954412 95
0.04848024585726329 0.12054048060914281 40
0.32398000909726327 0.38726543343553466 40
0.18025492246541988 0.23243873051993796 40
0.8755898593040853 0.005805844103260146 95
0.0 0.10107537141082831 40
