0.6254343324664158 1.0 95
0.619964964488463 0.8659489954541028 95
0.40014473423954455 0.749220892616505 95
0.4046631326782944 0.6648964694805095 95
0.3794217981437915 0.5923921417175237 95
0.20215538957194487 0.5276301083538345 95
0.2423500284925927 0.478241846690583 95
0.17888060811730166 0.43362669638051393 95
0.12506532029243847 0.39443904024164245 95
0.18554804738484407 0.3630312760988832 95
0.11273847218691144 0.3315369890538983 95
0.14760766852767573 0.3053758402751951 95
0.08732210407561122 0.27958216437819156 95
0.11001711414430157 0.2587149687765258 95
0.13204427974527638 0.23830413390521235 95
0.12445795696064248 0.220633864340829 95
0.09522823854019727 0.20278901909208516 95
0.12053271579213505 0.18810141709570086 95
0.11516432172035863 0.17325762574004436 95
0.10399864603696589 0.15947571715074096 95
0.08574329514707138 0.14688583676399214 95
0.09352760620615395 0.1348923462124661 95
0.07070766152028041 0.12379611195439663 95
0.05857263853323703 0.11296859163633269 95
0.0016590885955685745 0.10238690402157925 95
0.0 0.09310924315740289 95
0.16976726858527533 0.08608309132033883 95
0.5766546243499139 0.08201199765751821 95
0.09966700262389203 0.06776611301609634 95
0.16729738250972784 0.06110416101666904 95
0.22634213547460125 0.05353860272880636 95
0.26769381936813363 0.046827935357490344 95
0.28081956000124264 0.03968720487009604 95
0.3410492361316256 0.03331304585150024 95
0.41986530664461574 0.026947352342318567 95
0.44417037829213585 0.02071752479628396 95
0.4802176381033567 0.015017898201542935 95
0.5280962097028785 0.008963200339929962 95
0.5436001283323887 0.0030524507571069973 95
1.0 0.0 95
0.6254343324664158 1.0 40
0.619964964488463 0.8659489954541028 40
0.40014473423954455 0.749220892616505 40
0.4046631326782944 0.6648964694805095 40
0.3794217981437915 0.5923921417175237 40
0.20215538957194487 0.5276301083538345 40
0.2423500284925927 0.478241846690583 40
0.17888060811730166 0.43362669638051393 40
0.12506532029243847 0.39443904024164245 40
0.18554804738484407 0.3630312760988832 40
0.11273847218691144 0.3315369890538983 40
0.14760766852767573 0.3053758402751951 40
0.08732210407561122 0.27958216437819156 40
0.11001711414430157 0.2587149687765258 40
0.13204427974527638 0.23830413390521235 40
0.12445795696064248 0.220633864340829 40
0.09522823854019727 0.20278901909208516 40
0.12053271579213505 0.18810141709570086 40
0.11516432172035863 0.17325762574004436 40
0.10399864603696589 0.15947571715074096 40
0.08574329514707138 0.14688583676399214 40
0.09352760620615395 0.1348923462124661 40
0.07070766152028041 0.12379611195439663 40
0.05857263853323703 0.11296859163633269 40
0.0016590885955685745 0.10238690402157925 40
0.0 0.09310924315740289 40
0.16976726858527533 0.08608309132033883 40
0.5766546243499139 0.08201199765751821 40
0.09966700262389203 0.06776611301609634 40
0.16729738250972784 0.06110416101666904 40
0.22634213547460125 0.05353860272880636 40
0.26769381936813363 0.046827935357490344 40
0.28081956000124264 0.03968720487009604 40
0.3410492361316256 0.03331304585150024 40
0.41986530664461574 0.026947352342318567 40
0.44417037829213585 0.02071752479628396 40
0.4802176381033567 0.015017898201542935 40
0.5280962097028785 0.008963200339929962 40
0.5436001283323887 0.0030524507571069973 40
1.0 0.0 40
0.619964964488463 0.8659489954541028 40
0.5280962097028785 0.008963200339929962 95
0.0016590885955685745 0.10238690402157925 40
0.14760766852767573 0.3053758402751951 40
0.40014473423954455 0.749220892616505 40
0.11516432172035863 0.17325762574004436 40
0.07070766152028041 0.12379611195439663 40
0.26769381936813363 0.046827935357490344 95
0.14760766852767573 0.3053758402751951 40
0.12445795696064248 0.220633864340829 95
0.12445795696064248 0.220633864340829 95
0.2423500284925927 0.478241846690583 40
0.12506532029243847 0.39443904024164245 95
0.619964964488463 0.8659489954541028 95
0.11516432172035863 0.17325762574004436 95
0.2423500284925927 0.478241846690583 40
0.08732210407561122 0.27958216437819156 40
0.12506532029243847 0.39443904024164245 40
0.0 0.09310924315740289 40
0.07070766152028041 0.12379611195439663 40
