1.0 1.0 95
0.9665577904879274 0.8648691213198747 95
0.5475132530309772 0.7469834451927556 95
0.6532933657148614 0.6636319175419876 95
0.5086449117049976 0.5898480984378004 95
0.27200193177713533 0.5255357309451494 95
0.3397407778075047 0.47565273618767423 95
0.20209877079252409 0.43078905861774297 95
0.1893445878863178 0.39217664108253847 95
0.27143167039148514 0.3601532734898709 95
0.13264491395322894 0.3289781737499727 95
0.15034370290167914 0.3027950014708825 95
0.09380646740245062 0.2772857363544191 95
0.09422579652236564 0.2561293767445887 95
0.1531913830653208 0.23556222674237182 95
0.13758674378499566 0.2172483898542518 95
0.12334890739693373 0.2001797815495711 95
0.1634580977067866 0.185133624055729 95
0.15059467198345577 0.17041239901338906 95
0.11172710384278847 0.15701347164007218 95
0.11971114335323947 0.14376833834035338 95
0.09260379369116047 0.13195662594842486 95
0.10198156384914482 0.12087441212184183 95
0.11938113386055905 0.11010604655723656 95
0.002279840740137633 0.09965092018632093 95
0.0 0.09014971320646764 95
0.3302287635829014 0.08311319855601661 95
0.5687884733182901 0.07626718277723084 95
0.11455831600156827 0.06495476928126129 95
0.2403922961194084 0.05811763926866426 95
0.3033837813719163 0.05070301257921859 95
0.40368541844844735 0.04375080028045498 95
0.394712513774475 0.036766052816726305 95
0.564491557231595 0.0302758680445895 95
0.6153565306280332 0.02376639037739859 95
0.6406264170148506 0.017912753450204207 95
0.7721144590632993 0.011794618329653296 95
0.8465992837649332 0.005858503959836707 95
0.8348860029983508 0.0 95
1.0 1.0 40
0.9665577904879274 0.8648691213198747 40
0.5475132530309772 0.7469834451927556 40
0.6532933657148614 0.6636319175419876 40
0.5086449117049976 0.5898480984378004 40
0.27200193177713533 0.5255357309451494 40
0.3397407778075047 0.47565273618767423 40
0.20209877079252409 0.43078905861774297 40
0.1893445878863178 0.39217664108253847 40
0.27143167039148514 0.3601532734898709 40
0.13264491395322894 0.3289781737499727 40
0.15034370290167914 0.3027950014708825 40
0.09380646740245062 0.2772857363544191 40
0.09422579652236564 0.2561293767445887 40
0.1531913830653208 0.23556222674237182 40
0.13758674378499566 0.2172483898542518 40
0.12334890739693373 0.2001797815495711 40
0.1634580977067866 0.185133624055729 40
0.15059467198345577 0.17041239901338906 40
0.11172710384278847 0.15701347164007218 40
0.11971114335323947 0.14376833834035338 40
0.09260379369116047 0.13195662594842486 40
0.10198156384914482 0.12087441212184183 40
0.11938113386055905 0.11010604655723656 40
0.002279840740137633 0.09965092018632093 40
0.0 0.09014971320646764 40
0.3302287635829014 0.08311319855601661 40
0.5687884733182901 0.07626718277723084 40
0.11455831600156827 0.06495476928126129 40
0.2403922961194084 0.05811763926866426 40
0.3033837813719163 0.05070301257921859 40
0.40368541844844735 0.04375080028045498 40
0.394712513774475 0.036766052816726305 40
0.564491557231595 0.0302758680445895 40
0.6153565306280332 0.02376639037739859 40
0.6406264170148506 0.017912753450204207 40
0.7721144590632993 0.011794618329653296 40
0.8465992837649332 0.005858503959836707 40
0.8348860029983508 0.0 40
0.7721144590632993 0.011794618329653296 95
0.6406264170148506 0.017912753450204207 95
0.5086449117049976 0.5898480984378004 95
0.5475132530309772 0.7469834451927556 40
0.5086449117049976 0.5898480984378004 95
0.11172710384278847 0.15701347164007218 40
0.1531913830653208 0.23556222674237182 40
0.3033837813719163 0.05070301257921859 95
0.5475132530309772 0.7469834451927556 95
0.0 0.09014971320646764 40
0.3033837813719163 0.05070301257921859 40
0.40368541844844735 0.04375080028045498 40
0.5687884733182901 0.07626718277723084 40
0.7721144590632993 0.011794618329653296 40
0.09422579652236564 0.2561293767445887 95
0.394712513774475 0.036766052816726305 95
0.8348860029983508 0.0 95
0.5475132530309772 0.7469834451927556 95
0.1893445878863178 0.39217664108253847 40
0.5086449117049976 0.5898480984378004 95
0.09380646740245062 0.2772857363544191 40
0.27200193177713533 0.5255357309451494 40
