1.0 1.0 95
0.9658544359514877 0.862869964062259 95
0.6220587776985892 0.7489016090183693 95
0.5879873031075532 0.663640919960558 95
0.4502983650027581 0.5904486349059718 95
0.24099398351396065 0.5265572982480323 95
0.3076529485610452 0.47767318949174514 95
0.25998310975511363 0.4332000886218981 95
0.18487136363965911 0.3938351076215382 95
0.20789446428917147 0.3617714018822296 95
0.13605951150308718 0.3310120589401763 95
0.15934361065539487 0.3039257496506337 95
0.081935101908949 0.27866859499137525 95
0.1111689456691731 0.25757682868807025 95
0.19380018419547798 0.23695939945895203 95
0.1619457258508657 0.21860501929267534 95
0.1246929352219986 0.20177572493727028 95
0.15400107930152776 0.1864964227550836 95
0.14240918736791336 0.17139011740349494 95
0.14530336502586372 0.15804118728279265 95
0.07228112329861616 0.14485072676612057 95
0.1310655698642628 0.1327774676544433 95
0.026608984564194145 0.12122407177348683 95
0.04462307530782348 0.11088114256311779 95
0.037885844028502695 0.10010444975417401 95
0.0 0.09073730824794339 95
0.36706105647936593 0.08436660874854279 95
0.13993698477859254 0.07345751246402693 95
0.16357493481767943 0.06554386449620636 95
0.32828635798756545 0.05837882551531022 95
0.3338188716049 0.050668962022759084 95
0.4415676985384769 0.04427049869834205 95
0.45317960219891096 0.03701175322629821 95
0.5791194125858538 0.03100031005856771 95
0.6151146148988954 0.024275077327276396 95
0.6742198155460938 0.018139401244173053 95
0.8032501937225827 0.012219372419291706 95
0.8786945891656381 0.006147768165874953 95
0.8947041549626004 0.0 95
1.0 1.0 40
0.9658544359514877 0.862869964062259 40
0.6220587776985892 0.7489016090183693 40
0.5879873031075532 0.663640919960558 40
0.4502983650027581 0.5904486349059718 40
0.24099398351396065 0.5265572982480323 40
0.3076529485610452 0.47767318949174514 40
0.25998310975511363 0.4332000886218981 40
0.18487136363965911 0.3938351076215382 40
0.20789446428917147 0.3617714018822296 40
0.13605951150308718 0.3310120589401763 40
0.15934361065539487 0.3039257496506337 40
0.081935101908949 0.27866859499137525 40
0.1111689456691731 0.25757682868807025 40
0.19380018419547798 0.23695939945895203 40
0.1619457258508657 0.21860501929267534 40
0.1246929352219986 0.20177572493727028 40
0.15400107930152776 0.1864964227550836 40
0.14240918736791336 0.17139011740349494 40
0.14530336502586372 0.15804118728279265 40
0.07228112329861616 0.14485072676612057 40
0.1310655698642628 0.1327774676544433 40
0.026608984564194145 0.12122407177348683 40
0.04462307530782348 0.11088114256311779 40
0.037885844028502695 0.10010444975417401 40
0.0 0.09073730824794339 40
0.36706105647936593 0.08436660874854279 40
0.13993698477859254 0.07345751246402693 40
0.16357493481767943 0.06554386449620636 40
0.32828635798756545 0.05837882551531022 40
0.3338188716049 0.050668962022759084 40
0.4415676985384769 0.04427049869834205 40
0.45317960219891096 0.03701175322629821 40
0.5791194125858538 0.03100031005856771 40
0.6151146148988954 0.024275077327276396 40
0.6742198155460938 0.018139401244173053 40
0.8032501937225827 0.012219372419291706 40
0.8786945891656381 0.006147768165874953 40
0.8947041549626004 0.0 40

0.1310655698642628 0.1327774676544433 95
0.16357493481767943 0.06554386449620636 40
0.081935101908949 0.27866859499137525 95
1.0 1.0 40
0.1310655698642628 0.1327774676544433 40
0.14240918736791336 0.17139011740349494 40
0.0 0.09073730824794339 95
0.20789446428917147 0.3617714018822296 40
0.1111689456691731 0.25757682868807025 40
0.8032501937225827 0.012219372419291706 40
0.5879873031075532 0.663640919960558 95
0.5879873031075532 0.663640919960558 95
0.25998310975511363 0.4332000886218981 95
0.9658544359514877 0.862869964062259 40
0.13605951150308718 0.3310120589401763 95
0.3076529485610452 0.47767318949174514 40
0.32828635798756545 0.05837882551531022 40
0.18487136363965911 0.3938351076215382 40
0.36706105647936593 0.08436660874854279 40
0.6742198155460938 0.018139401244173053 95
0.8032501937225827 0.012219372419291706 40
