0.8746761058257414 1.0 95
1.0 0.8729023570617078 95
0.6450372260317728 0.7567754227291381 95
0.7704873229033744 0.6742251305662659 95
0.3951803623158189 0.5951114393316351 95
0.3217125747924397 0.533547348730302 95
0.2880563588478575 0.48235559683646295 95
0.31433651615067953 0.4401278503766825 95
0.1814379246798126 0.40003947100141435 95
0.20227042453552563 0.3658151611788233 95
0.0837714874884818 0.3334224171896249 95
0.1681270474803705 0.30896355033151496 95
0.0957929875183045 0.2841930352785148 95
0.0862055449760057 0.26129236191013216 95
0.1335559767130381 0.24135740881562187 95
0.1268273400148443 0.221982328314706 95
0.18425319181211544 0.20563180975612852 95
0.1883637253354187 0.18951301198147683 95
0.1862173021621538 0.17494280775318957 95
0.11450336863672246 0.1610802930826576 95
0.11068979956244965 0.14785675274817126 95
0.13838074302119813 0.13598685695634943 95
0.07458682620705617 0.12374585641001631 95
0.08381222743001303 0.11327276682266114 95
0.010624016600319714 0.10268414369810938 95
0.0 0.09233920768929152 95
0.4818608795997004 0.08659099786173825 95
0.12134926526733716 0.07508024194845933 95
0.15967761644210599 0.06692793744150238 95
0.27927981633125853 0.05958547820646565 95
0.35224505563129116 0.05265427794263922 95
0.43194137985937064 0.04554907674494508 95
0.460636705375779 0.03814830490287593 95
0.5811467792869004 0.03161029538598802 95
0.598361191011558 0.024516036265295173 95
0.7132443386844259 0.01837796491828262 95
0.707031058174587 0.011785857013875762 95
0.8555533901840734 0.006285734524853703 95
0.8676934960771642 0.0 95
0.8746761058257414 1.0 40
1.0 0.8729023570617078 40
0.6450372260317728 0.7567754227291381 40
0.7704873229033744 0.6742251305662659 40
0.3951803623158189 0.5951114393316351 40
0.3217125747924397 0.533547348730302 40
0.2880563588478575 0.48235559683646295 40
0.31433651615067953 0.4401278503766825 40
0.1814379246798126 0.40003947100141435 40
0.20227042453552563 0.3658151611788233 40
0.0837714874884818 0.3334224171896249 40
0.1681270474803705 0.30896355033151496 40
0.0957929875183045 0.2841930352785148 40
0.0862055449760057 0.26129236191013216 40
0.1335559767130381 0.24135740881562187 40
0.1268273400148443 0.221982328314706 40
0.18425319181211544 0.20563180975612852 40
0.1883637253354187 0.18951301198147683 40
0.1862173021621538 0.17494280775318957 40
0.11450336863672246 0.1610802930826576 40
0.11068979956244965 0.14785675274817126 40
0.13838074302119813 0.13598685695634943 40
0.07458682620705617 0.12374585641001631 40
0.08381222743001303 0.11327276682266114 40
0.010624016600319714 0.10268414369810938 40
0.0 0.09233920768929152 40
0.4818608795997004 0.08659099786173825 40
0.12134926526733716 0.07508024194845933 40
0.15967761644210599 0.06692793744150238 40
0.27927981633125853 0.05958547820646565 40
0.35224505563129116 0.05265427794263922 40
0.43194137985937064 0.04554907674494508 40
0.460636705375779 0.03814830490287593 40
0.5811467792869004 0.03161029538598802 40
0.598361191011558 0.024516036265295173 40
0.7132443386844259 0.01837796491828262 40
0.707031058174587 0.011785857013875762 40
0.8555533901840734 0.006285734524853703 40
0.8676934960771642 0.0 40
0.13838074302119813 0.13598685695634943 95
0.8676934960771642 0.0 40
0.010624016600319714 0.10268414369810938 40
0.18425319181211544 0.20563180975612852 95
0.35224505563129116 0.05265427794263922 40
0.1862173021621538 0.17494280775318957 95
0.8555533901840734 0.006285734524853703 95
0.1883637253354187 0.18951301198147683 40
0.27927981633125853 0.05958547820646565 95
0.0 0.09233920768929152 40
0.4818608795997004 0.08659099786173825 40
0.35224505563129116 0.05265427794263922 40
0.5811467792869004 0.03161029538598802 95
0.2880563588478575 0.48235559683646295 40
0.1883637253354187 0.18951301198147683 95
0.0957929875183045 0.2841930352785148 95
0.707031058174587 0.011785857013875762 95
0.13838074302119813 0.13598685695634943 40
0.6450372260317728 0.7567754227291381 40
0.5811467792869004 0.03161029538598802 40
0.13838074302119813 0.13598685695634943 40
0.3951803623158189 0.5951114393316351 95
