0.710521140126757 0.0 95
0.6631677061511267 0.21665553632561865 95
0.6220006818061893 0.3974123771652927 95
0.7649244221780941 0.5645996850038931 95
0.7780812602218465 0.7029236833651208 95
0.9735451599697573 0.8328727665013131 95
1.0 0.9427086476655562 95
0.0 1.0 95
1.0 0.9427086476655562 95
0.0 1.0 95
0.7649244221780941 0.5645996850038931 95
0.710521140126757 0.0 95
1.0 0.9427086476655562 95
0.7780812602218465 0.7029236833651208 95
0.7780812602218465 0.7029236833651208 95
0.7649244221780941 0.5645996850038931 95
0.7780812602218465 0.7029236833651208 95
0.7780812602218465 0.7029236833651208 95
0.710521140126757 0.0 95
0.710521140126757 0.0 95
0.710521140126757 0.0 95
0.7780812602218465 0.7029236833651208 95
1.0 0.9427086476655562 95
0.7780812602218465 0.7029236833651208 95
0.710521140126757 0.0 95
0.0 1.0 95
0.7780812602218465 0.7029236833651208 95
0.7649244221780941 0.5645996850038931 95
0.9735451599697573 0.8328727665013131 95
1.0 0.9427086476655562 95
0.9735451599697573 0.8328727665013131 95
0.710521140126757 0.0 95
