0.060859086621901655 0.0 95
0.14687548514123494 0.22674512744621178 95
0.0 0.4168323305625616 95
0.44065635127725117 0.5970076308433451 95
0.426470327632826 0.7410178200898542 95
1.0 0.884569939700404 95
0.9568058546535337 1.0 95
0.060859086621901655 0.0 95
1.0 0.884569939700404 95
0.14687548514123494 0.22674512744621178 95
0.14687548514123494 0.22674512744621178 95
0.0 0.4168323305625616 95
1.0 0.884569939700404 95
0.0 0.4168323305625616 95
0.0 0.4168323305625616 95
1.0 0.884569939700404 95
0.426470327632826 0.7410178200898542 95
0.44065635127725117 0.5970076308433451 95
0.060859086621901655 0.0 95
1.0 0.884569939700404 95
0.426470327632826 0.7410178200898542 95
0.426470327632826 0.7410178200898542 95
1.0 0.884569939700404 95
0.14687548514123494 0.22674512744621178 95
0.44065635127725117 0.5970076308433451 95
0.44065635127725117 0.5970076308433451 95
0.0 0.4168323305625616 95
0.426470327632826 0.7410178200898542 95
0.426470327632826 0.7410178200898542 95
0.9568058546535337 1.0 95
0.060859086621901655 0.0 95
0.9568058546535337 1.0 95
