0.715473317705419 1.0 95
0.6746300141039934 0.8629227323118627 95
0.5284940279317151 0.7484744768713363 95
0.43866080520172834 0.6619698543024108 95
0.43613845065193324 0.59174811395525 95
0.25505621757882035 0.5252945947220478 95
0.22074330839923645 0.4757238823915711 95
0.18861573421427982 0.43097311448635794 95
0.17130074305873663 0.3931370611379972 95
0.1657031048940613 0.36001344256680756 95
0.08002132381058243 0.32881001495602763 95
0.14653340217379382 0.3042095919607014 95
0.08970585992158388 0.2796039517143387 95
0.06210558918708283 0.25684377239461464 95
0.13680245138312272 0.2369979779460345 95
0.1049293795869432 0.21912442671560228 95
0.16757135621360328 0.2031218078116644 95
0.12336292526963445 0.18744024288085362 95
0.1928204226590018 0.17376589577615834 95
0.11294116382759922 0.1590648471268938 95
0.06850509248977459 0.14687977772279964 95
0.1324315256284398 0.1351152748790827 95
0.08210611402967048 0.12350421905913923 95
0.04357378686750681 0.11325159461603458 95
0.0 0.10248775276368886 95
0.01373307065268111 0.09368419874664921 95
0.0921329582864171 0.08567190539663393 95
1.0 0.08476429693587283 95
0.20199183921149508 0.06945904469295737 95
0.2032814449384216 0.06158409746713714 95
0.2624073550788796 0.054710464448517133 95
0.32077376161664445 0.047728130771703264 95
0.3625434218683217 0.04125482549174675 95
0.43561426626227656 0.03479494867757572 95
0.45086893110150855 0.028454642484771628 95
0.4823350587076759 0.022465365015628916 95
0.5308362893950352 0.016584946761778355 95
0.6266695001335042 0.010680129890555713 95
0.5597777635898424 0.004687598362520766 95
0.7609181610179659 0.0 95
0.715473317705419 1.0 40
0.6746300141039934 0.8629227323118627 40
0.5284940279317151 0.7484744768713363 40
0.43866080520172834 0.6619698543024108 40
0.43613845065193324 0.59174811395525 40
0.25505621757882035 0.5252945947220478 40
0.22074330839923645 0.4757238823915711 40
0.18861573421427982 0.43097311448635794 40
0.17130074305873663 0.3931370611379972 40
0.1657031048940613 0.36001344256680756 40
0.08002132381058243 0.32881001495602763 40
0.14653340217379382 0.3042095919607014 40
0.08970585992158388 0.2796039517143387 40
0.06210558918708283 0.25684377239461464 40
0.13680245138312272 0.2369979779460345 40
0.1049293795869432 0.21912442671560228 40
0.16757135621360328 0.2031218078116644 40
0.12336292526963445 0.18744024288085362 40
0.1928204226590018 0.17376589577615834 40
0.11294116382759922 0.1590648471268938 40
0.06850509248977459 0.14687977772279964 40
0.1324315256284398 0.1351152748790827 40
0.08210611402967048 0.12350421905913923 40
0.04357378686750681 0.11325159461603458 40
0.0 0.10248775276368886 40
0.01373307065268111 0.09368419874664921 40
0.0921329582864171 0.08567190539663393 40
1.0 0.08476429693587283 40
0.20199183921149508 0.06945904469295737 40
0.2032814449384216 0.06158409746713714 40
0.2624073550788796 0.054710464448517133 40
0.32077376161664445 0.047728130771703264 40
0.3625434218683217 0.04125482549174675 40
0.43561426626227656 0.03479494867757572 40
0.45086893110150855 0.028454642484771628 40
0.4823350587076759 0.022465365015628916 40
0.5308362893950352 0.016584946761778355 40
0.6266695001335042 0.010680129890555713 40
0.5597777635898424 0.004687598362520766 40
0.7609181610179659 0.0 40
0.13680245138312272 0.2369979779460345 40
0.32077376161664445 0.047728130771703264 40
0.11294116382759922 0.1590648471268938 40
0.08002132381058243 0.32881001495602763 95
0.22074330839923645 0.4757238823915711 40
0.08002132381058243 0.32881001495602763 95
0.08970585992158388 0.2796039517143387 40
0.7609181610179659 0.0 40
0.45086893110150855 0.028454642484771628 95
0.08210611402967048 0.12350421905913923 40
0.08970585992158388 0.2796039517143387 40
0.08002132381058243 0.32881001495602763 95
0.14653340217379382 0.3042095919607014 95
0.6266695001335042 0.010680129890555713 95
0.43561426626227656 0.03479494867757572 40
0.08970585992158388 0.2796039517143387 40
0.06210558918708283 0.25684377239461464 95
0.4823350587076759 0.022465365015628916 40
0.08970585992158388 0.2796039517143387 95
0.715473317705419 1.0 40
