0.5741608618572319 1.0 95
0.7570829760376963 0.8708244778852263 95
0.5609902474725466 0.7539559196891209 95
0.5029247465705553 0.6647130692790406 95
0.4841293213182639 0.5925221594188244 95
0.17439129619821045 0.5250644316385925 95
0.2193709941535161 0.4762510695196823 95
0.17920554597609445 0.43158707876550656 95
0.15826655438409104 0.39268784660386463 95
0.14471563308846358 0.35899287483285436 95
0.15335614073090859 0.33012393493176734 95
0.1105627960568436 0.30327954549015407 95
0.12984359700794754 0.279080776851476 95
0.0 0.2559383809378963 95
0.12430854686217949 0.23697713396623798 95
0.07219773765424405 0.21866294230553235 95
0.14730716313142905 0.20258954943380283 95
0.07590784610105687 0.1868335856370702 95
0.1371814193115022 0.1733327318068008 95
0.0999700153932379 0.159418319718351 95
0.09425825385293587 0.1466254637401119 95
0.11724074120581819 0.13531488258236377 95
0.032598918466909606 0.1235620892623372 95
0.038876440236685204 0.11323732132973116 95
0.02160802548816996 0.10269503338341138 95
0.04864751203827292 0.09371843929770626 95
0.01751950408464819 0.0845764163903316 95
1.0 0.08442639685757876 95
0.10669266499504203 0.06931086743729452 95
0.19173126664160453 0.061575337065032626 95
0.31642338798564174 0.05515683462076795 95
0.36509782908947497 0.048023360820169905 95
0.3669843578642528 0.04107973924681336 95
0.44311797695197763 0.03518720793718934 95
0.5112440826469402 0.028955515908057786 95
0.5332338742712929 0.022861804892663748 95
0.5821559531774917 0.016998894355055298 95
0.6313302888062559 0.011004958790214382 95
0.6042446323421536 0.005144055466865504 95
0.7252847718642095 0.0 95
0.5741608618572319 1.0 40
0.7570829760376963 0.8708244778852263 40
0.5609902474725466 0.7539559196891209 40
0.5029247465705553 0.6647130692790406 40
0.4841293213182639 0.5925221594188244 40
0.17439129619821045 0.5250644316385925 40
0.2193709941535161 0.4762510695196823 40
0.17920554597609445 0.43158707876550656 40
0.15826655438409104 0.39268784660386463 40
0.14471563308846358 0.35899287483285436 40
0.15335614073090859 0.33012393493176734 40
0.1105627960568436 0.30327954549015407 40
0.12984359700794754 0.279080776851476 40
0.0 0.2559383809378963 40
0.12430854686217949 0.23697713396623798 40
0.07219773765424405 0.21866294230553235 40
0.14730716313142905 0.20258954943380283 40
0.07590784610105687 0.1868335856370702 40
0.1371814193115022 0.1733327318068008 40
0.0999700153932379 0.159418319718351 40
0.09425825385293587 0.1466254637401119 40
0.11724074120581819 0.13531488258236377 40
0.032598918466909606 0.1235620892623372 40
0.038876440236685204 0.11323732132973116 40
0.02160802548816996 0.10269503338341138 40
0.04864751203827292 0.09371843929770626 40
0.01751950408464819 0.0845764163903316 40
1.0 0.08442639685757876 40
0.10669266499504203 0.06931086743729452 40
0.19173126664160453 0.061575337065032626 40
0.31642338798564174 0.05515683462076795 40
0.36509782908947497 0.048023360820169905 40
0.3669843578642528 0.04107973924681336 40
0.44311797695197763 0.03518720793718934 40
0.5112440826469402 0.028955515908057786 40
0.5332338742712929 0.022861804892663748 40
0.5821559531774917 0.016998894355055298 40
0.6313302888062559 0.011004958790214382 40
0.6042446323421536 0.005144055466865504 40
0.7252847718642095 0.0 40
0.14730716313142905 0.20258954943380283 95
0.04864751203827292 0.09371843929770626 40
0.1371814193115022 0.1733327318068008 95
0.032598918466909606 0.1235620892623372 95
0.19173126664160453 0.061575337065032626 40
0.5332338742712929 0.022861804892663748 95
0.2193709941535161 0.4762510695196823 40
0.31642338798564174 0.05515683462076795 95
0.5112440826469402 0.028955515908057786 95
0.3669843578642528 0.04107973924681336 95
0.14471563308846358 0.35899287483285436 40
0.1105627960568436 0.30327954549015407 40
0.1105627960568436 0.30327954549015407 95
0.07219773765424405 0.21866294230553235 95
0.44311797695197763 0.03518720793718934 95
0.10669266499504203 0.06931086743729452 95
0.11724074120581819 0.13531488258236377 95
0.14730716313142905 0.20258954943380283 95
0.36509782908947497 0.048023360820169905 40
0.5609902474725466 0.7539559196891209 95
