0.7409012025981351 1.0 95
0.7678363366909918 0.8673701917985513 95
0.5080003676345634 0.7484198861927401 95
0.5335931708779788 0.6643513123858289 95
0.49024108036937813 0.59197976417491 95
0.28066219835985107 0.5264760822047009 95
0.33759893980026406 0.4772017253665595 95
0.17823162655326036 0.4312536720865573 95
0.2374545152308328 0.39436943690200255 95
0.23648293299308318 0.36060572383838035 95
0.11502763506715322 0.32950385522876147 95
0.18562721413842617 0.3048554903630079 95
0.1519602257179799 0.2802129267155598 95
0.07982410139567353 0.2572310443845729 95
0.11704984500597207 0.23733839100702622 95
0.13116489621612476 0.21917815110826103 95
0.12767889557022732 0.202927079449476 95
0.13830477660064455 0.18786216410179873 95
0.17601586319007553 0.17322981256629233 95
0.09994815126802603 0.1592831641894754 95
0.09637865987341547 0.14677192617654874 95
0.1081787819940915 0.1350510281700448 95
0.08453527931672118 0.12376496082548841 95
0.054897144609155145 0.11339332408801357 95
0.0009028883022495763 0.10256661434414546 95
0.0 0.09351885779450426 95
0.1573840249181551 0.08592504120300462 95
1.0 0.0845152683799791 95
0.1288958710638109 0.06910367928490777 95
0.18513564071576472 0.06103571579885341 95
0.32517995938704036 0.054624135333753154 95
0.37786293894816897 0.047732073075359455 95
0.42479019636071075 0.04110506949408268 95
0.4227496938704061 0.034080186030041495 95
0.5030555314028052 0.028126582093547157 95
0.5808887429140758 0.02244998570028993 95
0.58512132291224 0.01638112600653755 95
0.6915641148543142 0.010279329777656502 95
0.6357318403715595 0.004371161489745815 95
0.8832111831593501 0.0 95
0.7409012025981351 1.0 40
0.7678363366909918 0.8673701917985513 40
0.5080003676345634 0.7484198861927401 40
0.5335931708779788 0.6643513123858289 40
0.49024108036937813 0.59197976417491 40
0.28066219835985107 0.5264760822047009 40
0.33759893980026406 0.4772017253665595 40
0.17823162655326036 0.4312536720865573 40
0.2374545152308328 0.39436943690200255 40
0.23648293299308318 0.36060572383838035 40
0.11502763506715322 0.32950385522876147 40
0.18562721413842617 0.3048554903630079 40
0.1519602257179799 0.2802129267155598 40
0.07982410139567353 0.2572310443845729 40
0.11704984500597207 0.23733839100702622 40
0.13116489621612476 0.21917815110826103 40
0.12767889557022732 0.202927079449476 40
0.13830477660064455 0.18786216410179873 40
0.17601586319007553 0.17322981256629233 40
0.09994815126802603 0.1592831641894754 40
0.09637865987341547 0.14677192617654874 40
0.1081787819940915 0.1350510281700448 40
0.08453527931672118 0.12376496082548841 40
0.054897144609155145 0.11339332408801357 40
0.0009028883022495763 0.10256661434414546 40
0.0 0.09351885779450426 40
0.1573840249181551 0.08592504120300462 40
1.0 0.0845152683799791 40
0.1288958710638109 0.06910367928490777 40
0.18513564071576472 0.06103571579885341 40
0.32517995938704036 0.054624135333753154 40
0.37786293894816897 0.047732073075359455 40
0.42479019636071075 0.04110506949408268 40
0.4227496938704061 0.034080186030041495 40
0.5030555314028052 0.028126582093547157 40
0.5808887429140758 0.02244998570028993 40
0.58512132291224 0.01638112600653755 40
0.6915641148543142 0.010279329777656502 40
0.6357318403715595 0.004371161489745815 40
0.8832111831593501 0.0 40
0.28066219835985107 0.5264760822047009 95
0.07982410139567353 0.2572310443845729 95
0.0009028883022495763 0.10256661434414546 95
0.23648293299308318 0.36060572383838035 40
0.13116489621612476 0.21917815110826103 40
0.18513564071576472 0.06103571579885341 95
0.13116489621612476 0.21917815110826103 95
0.5335931708779788 0.6643513123858289 40
0.28066219835985107 0.5264760822047009 40
0.11704984500597207 0.23733839100702622 40
0.09637865987341547 0.14677192617654874 40
0.18562721413842617 0.3048554903630079 40
0.12767889557022732 0.202927079449476 95
0.11704984500597207 0.23733839100702622 95
0.0009028883022495763 0.10256661434414546 40
0.7409012025981351 1.0 40
0.18562721413842617 0.3048554903630079 95
0.17823162655326036 0.4312536720865573 40
0.12767889557022732 0.202927079449476 95
0.5335931708779788 0.6643513123858289 40
