0.14328467734076586 0.0 95
0.6176178533658815 0.23061186398155317 95
0.0 0.3787737225547488 95
0.3240380317285293 0.5450802146930103 95
0.36607079756379607 0.6785607975875423 95
0.6793352295844778 0.805953422454453 95
1.0 0.9167724028833184 95
0.6106740980172771 1.0 95
0.6106740980172771 1.0 95
1.0 0.9167724028833184 95
0.6176178533658815 0.23061186398155317 95
0.36607079756379607 0.6785607975875423 95
0.6176178533658815 0.23061186398155317 95
0.36607079756379607 0.6785607975875423 95
0.6106740980172771 1.0 95
0.0 0.3787737225547488 95
0.6106740980172771 1.0 95
0.6793352295844778 0.805953422454453 95
0.14328467734076586 0.0 95
0.3240380317285293 0.5450802146930103 95
0.3240380317285293 0.5450802146930103 95
0.0 0.3787737225547488 95
0.6176178533658815 0.23061186398155317 95
0.6106740980172771 1.0 95
0.6106740980172771 1.0 95
0.36607079756379607 0.6785607975875423 95
0.6106740980172771 1.0 95
0.36607079756379607 0.6785607975875423 95
1.0 0.9167724028833184 95
1.0 0.9167724028833184 95
0.36607079756379607 0.6785607975875423 95
0.6176178533658815 0.23061186398155317 95
