0.9243153689971524 1.0 95
1.0 0.8669430462587309 95
0.6702601817630305 0.7531607403050725 95
0.6742093876225698 0.6669253370958422 95
0.5134106358967442 0.5930945934913904 95
0.38333021962582264 0.5302797138055187 95
0.366086698484001 0.4800630122727601 95
0.3314855313385444 0.4357359156895001 95
0.26461980379101263 0.39678664213253884 95
0.12122879531810184 0.3621595204223408 95
0.20545039737544804 0.3328135755687493 95
0.22483681142711062 0.30615490065882783 95
0.12405676051372966 0.2806901597330251 95
0.1746844812616165 0.25926500143275955 95
0.15405356342728382 0.2390240112445484 95
0.13231978353597795 0.22041247367785766 95
0.13767663050498014 0.2033441760338991 95
0.19027837719444188 0.18767296242899406 95
0.14328550964655043 0.1729280907076104 95
0.1301286877310668 0.15931204790806372 95
0.11843865274562462 0.14585376451243987 95
0.10380762946040872 0.134004416703829 95
0.024864056895765617 0.12230118763168754 95
0.03708760781187524 0.11182544309367438 95
0.03886085976579997 0.10090902084196325 95
0.0 0.09156612530179756 95
0.36019901857201925 0.08509841241606585 95
0.11271508876343288 0.07426101357009307 95
0.20103799993272786 0.06647871261264883 95
0.30878538813691825 0.05891348179617547 95
0.29162506031607066 0.051451590347105565 95
0.46990160197771663 0.04502469713999599 95
0.49088653552666095 0.03773816977690685 95
0.5903945296445987 0.03090499155375475 95
0.6204701089203785 0.02441598180224986 95
0.6888887455489848 0.01812222654203313 95
0.7869381006431947 0.01225165740718101 95
0.9046885668367758 0.005868867846502071 95
0.8946700449198857 0.0 95
0.9243153689971524 1.0 40
1.0 0.8669430462587309 40
0.6702601817630305 0.7531607403050725 40
0.6742093876225698 0.6669253370958422 40
0.5134106358967442 0.5930945934913904 40
0.38333021962582264 0.5302797138055187 40
0.366086698484001 0.4800630122727601 40
0.3314855313385444 0.4357359156895001 40
0.26461980379101263 0.39678664213253884 40
0.12122879531810184 0.3621595204223408 40
0.20545039737544804 0.3328135755687493 40
0.22483681142711062 0.30615490065882783 40
0.12405676051372966 0.2806901597330251 40
0.1746844812616165 0.25926500143275955 40
0.15405356342728382 0.2390240112445484 40
0.13231978353597795 0.22041247367785766 40
0.13767663050498014 0.2033441760338991 40
0.19027837719444188 0.18767296242899406 40
0.14328550964655043 0.1729280907076104 40
0.1301286877310668 0.15931204790806372 40
0.11843865274562462 0.14585376451243987 40
0.10380762946040872 0.134004416703829 40
0.024864056895765617 0.12230118763168754 40
0.03708760781187524 0.11182544309367438 40
0.03886085976579997 0.10090902084196325 40
0.0 0.09156612530179756 40
0.36019901857201925 0.08509841241606585 40
0.11271508876343288 0.07426101357009307 40
0.20103799993272786 0.06647871261264883 40
0.30878538813691825 0.05891348179617547 40
0.29162506031607066 0.051451590347105565 40
0.46990160197771663 0.04502469713999599 40
0.49088653552666095 0.03773816977690685 40
0.5903945296445987 0.03090499155375475 40
0.6204701089203785 0.02441598180224986 40
0.6888887455489848 0.01812222654203313 40
0.7869381006431947 0.01225165740718101 40
0.9046885668367758 0.005868867846502071 40
0.8946700449198857 0.0 40
0.12122879531810184 0.3621595204223408 95
0.13767663050498014 0.2033441760338991 40
0.14328550964655043 0.1729280907076104 40
0.26461980379101263 0.39678664213253884 40
0.19027837719444188 0.18767296242899406 95
0.13231978353597795 0.22041247367785766 95
0.0 0.09156612530179756 40
0.13231978353597795 0.22041247367785766 95
0.03886085976579997 0.10090902084196325 95
0.14328550964655043 0.1729280907076104 95
0.11843865274562462 0.14585376451243987 95
0.19027837719444188 0.18767296242899406 95
0.14328550964655043 0.1729280907076104 40
0.3314855313385444 0.4357359156895001 40
0.30878538813691825 0.05891348179617547 40
0.0 0.09156612530179756 95
0.15405356342728382 0.2390240112445484 95
1.0 0.8669430462587309 95
0.366086698484001 0.4800630122727601 40
0.20103799993272786 0.06647871261264883 95
0.14328550964655043 0.1729280907076104 95
0.49088653552666095 0.03773816977690685 95
