0.9623307478308758 1.0 95
1.0 0.8698927553547307 95
0.7221409722665817 0.7550237479154299 95
0.8213749038034631 0.6728530733105802 95
0.47566456604773966 0.5938251164301653 95
0.397386758334965 0.5337715285812492 95
0.27743339820154217 0.48142946843522344 95
0.3761134019291283 0.4397216511227519 95
0.23543436903169662 0.3993308026523146 95
0.18038471838805564 0.3650258395889373 95
0.05211980862309282 0.33329253625305133 95
0.17420948592498736 0.30872540240285445 95
0.12205225069254842 0.28378754610747214 95
0.12201676300070792 0.26106371163454656 95
0.12928301623216037 0.23998349753097595 95
0.1167622757120066 0.22185710180005472 95
0.11724870638612919 0.20466752041435057 95
0.13064877493161892 0.1893852666690924 95
0.08482275528487103 0.17422104027954208 95
0.15985671539174584 0.1607398153349414 95
0.09778295725378099 0.14773421250591298 95
0.1361799769617006 0.13581120483974407 95
0.05881118320970699 0.12362535274557712 95
0.046759960014488164 0.11274973542449322 95
0.0 0.10241012348818686 95
0.020261107863142183 0.09240402561719378 95
0.5391662197478869 0.08649532410109467 95
0.14918243126769248 0.0753341427443328 95
0.15374668586984463 0.0667619673630691 95
0.2734790462293969 0.059475419202380676 95
0.38399795118718444 0.05246468227969895 95
0.47985308328400933 0.044910337295922746 95
0.4215295617936165 0.03766418138730134 95
0.6163047804954654 0.031140693676059854 95
0.6102504912215637 0.024415809339188042 95
0.7350891161766038 0.01836973284458705 95
0.7460410067432258 0.01170115199077143 95
0.8445131223937624 0.005977132932035811 95
0.9202202801371309 0.0 95
0.9623307478308758 1.0 40
1.0 0.8698927553547307 40
0.7221409722665817 0.7550237479154299 40
0.8213749038034631 0.6728530733105802 40
0.47566456604773966 0.5938251164301653 40
0.397386758334965 0.5337715285812492 40
0.27743339820154217 0.48142946843522344 40
0.3761134019291283 0.4397216511227519 40
0.23543436903169662 0.3993308026523146 40
0.18038471838805564 0.3650258395889373 40
0.05211980862309282 0.33329253625305133 40
0.17420948592498736 0.30872540240285445 40
0.12205225069254842 0.28378754610747214 40
0.12201676300070792 0.26106371163454656 40
0.12928301623216037 0.23998349753097595 40
0.1167622757120066 0.22185710180005472 40
0.11724870638612919 0.20466752041435057 40
0.13064877493161892 0.1893852666690924 40
0.08482275528487103 0.17422104027954208 40
0.15985671539174584 0.1607398153349414 40
0.09778295725378099 0.14773421250591298 40
0.1361799769617006 0.13581120483974407 40
0.05881118320970699 0.12362535274557712 40
0.046759960014488164 0.11274973542449322 40
0.0 0.10241012348818686 40
0.020261107863142183 0.09240402561719378 40
0.5391662197478869 0.08649532410109467 40
0.14918243126769248 0.0753341427443328 40
0.15374668586984463 0.0667619673630691 40
0.2734790462293969 0.059475419202380676 40
0.38399795118718444 0.05246468227969895 40
0.47985308328400933 0.044910337295922746 40
0.4215295617936165 0.03766418138730134 40
0.6163047804954654 0.031140693676059854 40
0.6102504912215637 0.024415809339188042 40
0.7350891161766038 0.01836973284458705 40
0.7460410067432258 0.01170115199077143 40
0.8445131223937624 0.005977132932035811 40
0.9202202801371309 0.0 40
0.6163047804954654 0.031140693676059854 40
0.1167622757120066 0.22185710180005472 95
0.13064877493161892 0.1893852666690924 40
0.18038471838805564 0.3650258395889373 40
0.2734790462293969 0.059475419202380676 95
0.3761134019291283 0.4397216511227519 40
0.7221409722665817 0.7550237479154299 95
0.6102504912215637 0.024415809339188042 95
0.15985671539174584 0.1607398153349414 95
0.27743339820154217 0.48142946843522344 95
0.8213749038034631 0.6728530733105802 95
0.1167622757120066 0.22185710180005472 95
0.14918243126769248 0.0753341427443328 95
0.7221409722665817 0.7550237479154299 95
0.0 0.10241012348818686 40
0.2734790462293969 0.059475419202380676 95
0.05211980862309282 0.33329253625305133 40
0.47985308328400933 0.044910337295922746 95
0.2734790462293969 0.059475419202380676 40
0.1361799769617006 0.13581120483974407 95
0.046759960014488164 0.11274973542449322 95
0.05881118320970699 0.12362535274557712 40
