0.6271029181305388 0.0 95
0.5861595748946207 0.2138669191001545 95
0.4836891177569417 0.3888925352537169 95
0.7589958738554283 0.5644811825067911 95
0.6823222743892423 0.6994798853736437 95
0.8215254050696611 0.8278454606638699 95
1.0 0.9411085370019662 95
0.0 1.0 95
0.7589958738554283 0.5644811825067911 95
0.6271029181305388 0.0 95
0.6271029181305388 0.0 95
0.5861595748946207 0.2138669191001545 95
0.6271029181305388 0.0 95
0.6271029181305388 0.0 95
0.5861595748946207 0.2138669191001545 95
0.7589958738554283 0.5644811825067911 95
1.0 0.9411085370019662 95
0.6271029181305388 0.0 95
0.6271029181305388 0.0 95
0.4836891177569417 0.3888925352537169 95
0.6271029181305388 0.0 95
0.7589958738554283 0.5644811825067911 95
0.8215254050696611 0.8278454606638699 95
0.6823222743892423 0.6994798853736437 95
0.5861595748946207 0.2138669191001545 95
1.0 0.9411085370019662 95
0.0 1.0 95
0.4836891177569417 0.3888925352537169 95
0.0 1.0 95
0.5861595748946207 0.2138669191001545 95
0.0 1.0 95
0.7589958738554283 0.5644811825067911 95
