1.0 1.0 95
0.6271527704707542 0.839460771490473 95
0.5940038389339478 0.7292767920587144 95
0.5127826454640574 0.6396058435845196 95
0.46537234632600716 0.5689093873805704 95
0.2830178732029337 0.5038795457138943 95
0.2770342600638229 0.45437026671030367 95
0.18742174267090492 0.4105921251973684 95
0.23006294629226137 0.3752251266654075 95
0.12148370785613741 0.34110814802702993 95
0.04697476118353051 0.31095154648606976 95
0.12438111100136416 0.2869985523711069 95
0.10967490117959991 0.2642401289446905 95
0.11879457861840025 0.24311874708680445 95
0.1001788712963613 0.2242896857488141 95
0.07942999265238507 0.2066233841956957 95
0.143243551348159 0.19143411047751835 95
0.06800664327706071 0.175959983423378 95
0.07349154047579146 0.16221813264315543 95
0.09493328172538272 0.1494870912792505 95
0.09912949703916692 0.13829982970004878 95
0.10288671625600092 0.12691126962282318 95
0.04252317469234287 0.11598755844146064 95
0.08226153087019789 0.10638294099076304 95
0.05072563554174184 0.09721323035104396 95
0.0016331703738387247 0.08775610071984795 95
0.0 0.07929789236451455 95
0.5743884931881635 0.07677658567050659 95
0.1320244295355733 0.06469746447621384 95
0.16019090160081995 0.05790547979958392 95
0.17382604281953937 0.051258274689234426 95
0.29061548528251013 0.04502947970800037 95
0.3384582633959545 0.03919817730138914 95
0.3843518613700699 0.03309662376416485 95
0.3779019832078855 0.02652228381706296 95
0.43883524724006334 0.021017248053906156 95
0.4933152447800562 0.015941669757792782 95
0.5427109975710745 0.010505059697335145 95
0.5856305587355481 0.005288517031456572 95
0.6550409338442854 0.0 95
1.0 1.0 40
0.6271527704707542 0.839460771490473 40
0.5940038389339478 0.7292767920587144 40
0.5127826454640574 0.6396058435845196 40
0.46537234632600716 0.5689093873805704 40
0.2830178732029337 0.5038795457138943 40
0.2770342600638229 0.45437026671030367 40
0.18742174267090492 0.4105921251973684 40
0.23006294629226137 0.3752251266654075 40
0.12148370785613741 0.34110814802702993 40
0.04697476118353051 0.31095154648606976 40
0.12438111100136416 0.2869985523711069 40
0.10967490117959991 0.2642401289446905 40
0.11879457861840025 0.24311874708680445 40
0.1001788712963613 0.2242896857488141 40
0.07942999265238507 0.2066233841956957 40
0.143243551348159 0.19143411047751835 40
0.06800664327706071 0.175959983423378 40
0.07349154047579146 0.16221813264315543 40
0.09493328172538272 0.1494870912792505 40
0.09912949703916692 0.13829982970004878 40
0.10288671625600092 0.12691126962282318 40
0.04252317469234287 0.11598755844146064 40
0.08226153087019789 0.10638294099076304 40
0.05072563554174184 0.09721323035104396 40
0.0016331703738387247 0.08775610071984795 40
0.0 0.07929789236451455 40
0.5743884931881635 0.07677658567050659 40
0.1320244295355733 0.06469746447621384 40
0.16019090160081995 0.05790547979958392 40
0.17382604281953937 0.051258274689234426 40
0.29061548528251013 0.04502947970800037 40
0.3384582633959545 0.03919817730138914 40
0.3843518613700699 0.03309662376416485 40
0.3779019832078855 0.02652228381706296 40
0.43883524724006334 0.021017248053906156 40
0.4933152447800562 0.015941669757792782 40
0.5427109975710745 0.010505059697335145 40
0.5856305587355481 0.005288517031456572 40
0.6550409338442854 0.0 40
0.5856305587355481 0.005288517031456572 40
0.29061548528251013 0.04502947970800037 95
0.12148370785613741 0.34110814802702993 40
0.18742174267090492 0.4105921251973684 40
0.18742174267090492 0.4105921251973684 40
0.12438111100136416 0.2869985523711069 95
0.46537234632600716 0.5689093873805704 95
0.1001788712963613 0.2242896857488141 40
0.11879457861840025 0.24311874708680445 95
0.1320244295355733 0.06469746447621384 95
0.17382604281953937 0.051258274689234426 40
0.6550409338442854 0.0 95
0.12148370785613741 0.34110814802702993 40
0.5743884931881635 0.07677658567050659 40
1.0 1.0 40
0.16019090160081995 0.05790547979958392 95
0.17382604281953937 0.051258274689234426 40
0.143243551348159 0.19143411047751835 95
0.10288671625600092 0.12691126962282318 40
0.08226153087019789 0.10638294099076304 95
