0.9466375084637719 1.0 95
1.0 0.8695180836111145 95
0.6308151034213024 0.7538412643231992 95
0.7827006240913682 0.6716006468360911 95
0.455976505089035 0.5937367635880341 95
0.38270224608397607 0.5329047408989428 95
0.30104251975825047 0.48124559731674116 95
0.3081568307060083 0.4380882574248009 95
0.2386277741033288 0.399346275087736 95
0.16873903734902354 0.364321540157024 95
0.10416520342345872 0.3329005710339751 95
0.2090018571815594 0.3079880248414809 95
0.12627232472245975 0.28213577938208934 95
0.08657899631361295 0.25993535904791126 95
0.09585282121443921 0.23953880787695592 95
0.07548041243970727 0.22089152898805187 95
0.1566180791325307 0.20474559239599285 95
0.14987379760406117 0.18800449197554062 95
0.17395993860869785 0.1735758155322812 95
0.15767404733271245 0.16032492225220268 95
0.13468600081506643 0.14653784801785633 95
0.14795317693517557 0.13458185600137193 95
0.07378846281715701 0.12262035932781935 95
0.09940267070385662 0.11194740557203951 95
0.0 0.10173073273964954 95
0.02183376579137818 0.09207900927827073 95
0.4317045137989452 0.08567988805872843 95
0.09218735487286119 0.0747443984799249 95
0.22598109227155325 0.06666907018707795 95
0.3095725852306214 0.05925321852515663 95
0.36525276279328517 0.0514160956939801 95
0.46537326244385474 0.044678226726572186 95
0.49872675218268886 0.03765289527359917 95
0.6056204443882601 0.031184263163167948 95
0.6499484014176155 0.02438186030779991 95
0.7318107881861577 0.017778150424056727 95
0.8347396465875834 0.012087254932369078 95
0.9201976631376059 0.006087685539893564 95
0.9235425502155001 0.0 95
0.9466375084637719 1.0 40
1.0 0.8695180836111145 40
0.6308151034213024 0.7538412643231992 40
0.7827006240913682 0.6716006468360911 40
0.455976505089035 0.5937367635880341 40
0.38270224608397607 0.5329047408989428 40
0.30104251975825047 0.48124559731674116 40
0.3081568307060083 0.4380882574248009 40
0.2386277741033288 0.399346275087736 40
0.16873903734902354 0.364321540157024 40
0.10416520342345872 0.3329005710339751 40
0.2090018571815594 0.3079880248414809 40
0.12627232472245975 0.28213577938208934 40
0.08657899631361295 0.25993535904791126 40
0.09585282121443921 0.23953880787695592 40
0.07548041243970727 0.22089152898805187 40
0.1566180791325307 0.20474559239599285 40
0.14987379760406117 0.18800449197554062 40
0.17395993860869785 0.1735758155322812 40
0.15767404733271245 0.16032492225220268 40
0.13468600081506643 0.14653784801785633 40
0.14795317693517557 0.13458185600137193 40
0.07378846281715701 0.12262035932781935 40
0.09940267070385662 0.11194740557203951 40
0.0 0.10173073273964954 40
0.02183376579137818 0.09207900927827073 40
0.4317045137989452 0.08567988805872843 40
0.09218735487286119 0.0747443984799249 40
0.22598109227155325 0.06666907018707795 40
0.3095725852306214 0.05925321852515663 40
0.36525276279328517 0.0514160956939801 40
0.46537326244385474 0.044678226726572186 40
0.49872675218268886 0.03765289527359917 40
0.6056204443882601 0.031184263163167948 40
0.6499484014176155 0.02438186030779991 40
0.7318107881861577 0.017778150424056727 40
0.8347396465875834 0.012087254932369078 40
0.9201976631376059 0.006087685539893564 40
0.9235425502155001 0.0 40
0.7827006240913682 0.6716006468360911 95
0.14795317693517557 0.13458185600137193 40
0.12627232472245975 0.28213577938208934 95
0.12627232472245975 0.28213577938208934 95
0.12627232472245975 0.28213577938208934 95
0.9201976631376059 0.006087685539893564 95
0.0 0.10173073273964954 95
1.0 0.8695180836111145 40
0.3095725852306214 0.05925321852515663 40
0.9201976631376059 0.006087685539893564 95
0.8347396465875834 0.012087254932369078 95
0.13468600081506643 0.14653784801785633 95
0.2090018571815594 0.3079880248414809 40
0.455976505089035 0.5937367635880341 40
0.7827006240913682 0.6716006468360911 40
0.3095725852306214 0.05925321852515663 40
0.455976505089035 0.5937367635880341 40
0.07378846281715701 0.12262035932781935 40
0.0 0.10173073273964954 95
0.09218735487286119 0.0747443984799249 95
0.12627232472245975 0.28213577938208934 40
0.07548041243970727 0.22089152898805187 95
