0.9281850694343898 1.0 95
0.7500339670491504 0.8548703912641418 95
0.7112422895628199 0.7451454464653167 95
0.6264119975698077 0.6574254878564512 95
0.5236814099143569 0.5817144037175005 95
0.4354415286207433 0.5208451003826992 95
0.33824333632577136 0.4693584051993635 95
0.2645117284689162 0.42496561174854425 95
0.21846033289215322 0.3868247508218628 95
0.16990506794893268 0.35214892050329644 95
0.2156637254728028 0.32405047694273126 95
0.11257906899888927 0.2966977647035323 95
0.23612405256423255 0.2747893726341722 95
0.11537969714019398 0.2520403089026217 95
0.1970889347628576 0.23303960832010848 95
0.28448122655220637 0.21591308761658512 95
0.19230063893416527 0.19900159148488858 95
0.1411403680202902 0.18332190794604597 95
0.18390194485101355 0.1691945533081494 95
0.20742490645937056 0.1562674883492474 95
0.16591301904195196 0.144322083945469 95
0.18575405812884127 0.13265080432854984 95
0.11431624186342318 0.12132091100327431 95
0.08960316964995894 0.11059046215068018 95
0.08987324389361444 0.10119016090807936 95
0.049334545272975545 0.09213470927562492 95
0.0 0.08276849148733714 95
1.0 0.0820953021442054 95
0.15480069573756527 0.06771473045490385 95
0.22056180648088033 0.06033111122606802 95
0.38411140169451796 0.05382475695572147 95
0.4245105704396165 0.04750593607689652 95
0.41262688125267594 0.04039900440224917 95
0.5101599088307773 0.0339777252236035 95
0.5908573648751665 0.028377277517386473 95
0.6262304619423482 0.021850983162867623 95
0.6823019570500612 0.016087327759724178 95
0.7229249773652779 0.010530166426337704 95
0.7606378983635064 0.004764240365717118 95
0.8924120001601905 0.0 95
0.9281850694343898 1.0 40
0.7500339670491504 0.8548703912641418 40
0.7112422895628199 0.7451454464653167 40
0.6264119975698077 0.6574254878564512 40
0.5236814099143569 0.5817144037175005 40
0.4354415286207433 0.5208451003826992 40
0.33824333632577136 0.4693584051993635 40
0.2645117284689162 0.42496561174854425 40
0.21846033289215322 0.3868247508218628 40
0.16990506794893268 0.35214892050329644 40
0.2156637254728028 0.32405047694273126 40
0.11257906899888927 0.2966977647035323 40
0.23612405256423255 0.2747893726341722 40
0.11537969714019398 0.2520403089026217 40
0.1970889347628576 0.23303960832010848 40
0.28448122655220637 0.21591308761658512 40
0.19230063893416527 0.19900159148488858 40
0.1411403680202902 0.18332190794604597 40
0.18390194485101355 0.1691945533081494 40
0.20742490645937056 0.1562674883492474 40
0.16591301904195196 0.144322083945469 40
0.18575405812884127 0.13265080432854984 40
0.11431624186342318 0.12132091100327431 40
0.08960316964995894 0.11059046215068018 40
0.08987324389361444 0.10119016090807936 40
0.049334545272975545 0.09213470927562492 40
0.0 0.08276849148733714 40
1.0 0.0820953021442054 40
0.15480069573756527 0.06771473045490385 40
0.22056180648088033 0.06033111122606802 40
0.38411140169451796 0.05382475695572147 40
0.4245105704396165 0.04750593607689652 40
0.41262688125267594 0.04039900440224917 40
0.5101599088307773 0.0339777252236035 40
0.5908573648751665 0.028377277517386473 40
0.6262304619423482 0.021850983162867623 40
0.6823019570500612 0.016087327759724178 40
0.7229249773652779 0.010530166426337704 40
0.7606378983635064 0.004764240365717118 40
0.8924120001601905 0.0 40
0.7606378983635064 0.004764240365717118 40
0.9281850694343898 1.0 40
0.1970889347628576 0.23303960832010848 95
0.11257906899888927 0.2966977647035323 95
0.0 0.08276849148733714 95
0.20742490645937056 0.1562674883492474 40
1.0 0.0820953021442054 95
0.11257906899888927 0.2966977647035323 40

0.049334545272975545 0.09213470927562492 95
0.16591301904195196 0.144322083945469 40
0.1970889347628576 0.23303960832010848 95
0.22056180648088033 0.06033111122606802 95
1.0 0.0820953021442054 95
0.8924120001601905 0.0 40
0.28448122655220637 0.21591308761658512 95
0.28448122655220637 0.21591308761658512 40
0.4354415286207433 0.5208451003826992 40
0.11257906899888927 0.2966977647035323 40
0.7606378983635064 0.004764240365717118 40
