0.9404039151236256 0.0 95
0.43311614308240565 0.20182530062166995 95
0.0 0.3709327325670149 95
0.6006111449375571 0.5416360938054032 95
0.10139027739881078 0.6703970976688098 95
0.7830094754273343 0.8032025837529252 95
1.0 0.9141715985677772 95
0.3706548628589938 1.0 95
0.7830094754273343 0.8032025837529252 95
0.6006111449375571 0.5416360938054032 95
0.10139027739881078 0.6703970976688098 95
1.0 0.9141715985677772 95
0.3706548628589938 1.0 95
0.10139027739881078 0.6703970976688098 95
0.10139027739881078 0.6703970976688098 95
1.0 0.9141715985677772 95
0.9404039151236256 0.0 95
1.0 0.9141715985677772 95
0.7830094754273343 0.8032025837529252 95
0.0 0.3709327325670149 95
1.0 0.9141715985677772 95
0.7830094754273343 0.8032025837529252 95
0.10139027739881078 0.6703970976688098 95
0.3706548628589938 1.0 95
0.43311614308240565 0.20182530062166995 95
1.0 0.9141715985677772 95
0.6006111449375571 0.5416360938054032 95
0.10139027739881078 0.6703970976688098 95
1.0 0.9141715985677772 95
0.6006111449375571 0.5416360938054032 95
0.43311614308240565 0.20182530062166995 95
0.0 0.3709327325670149 95
