0.44356789542959285 1.0 95
0.18968410221543003 0.8980837727177962 95
0.3337639546073949 0.823546306817635 95
0.18566453169240069 0.7490995771112415 95
0.052426696746576365 0.6828598476032223 95
0.15830358738184822 0.6305950847414826 95
0.1900493501152184 0.5798589728466245 95
0.17911312222814968 0.5339126304037266 95
0.16021864130573407 0.4927880891705382 95
0.16984153557187417 0.4536811731437123 95
0.25711144435431077 0.42021496083679344 95
0.13777433911240602 0.38612861022067235 95
0.22056128187330978 0.3571115719315672 95
0.10770065789220666 0.3289295059099138 95
0.20499802189932964 0.30363657432772473 95
0.14907978918048462 0.2792459154968532 95
0.05436630696231509 0.2551570360930944 95
0.12036706429009944 0.23416179459935907 95
0.09752305821187393 0.21322619887550145 95
0.02964350823870316 0.19255542415411384 95
0.0 0.17486963056534197 95
0.9266986496157084 0.1688598111441304 95
0.18380560985663294 0.142820518652095 95
0.2673806059796748 0.12728249926797408 95
0.284882009567725 0.1123152429447605 95
0.44726413557831 0.0992119816816111 95
0.5477153938649332 0.08588176429831526 95
0.5621945199189502 0.07168512561108611 95
0.5527267282278941 0.059266659005144814 95
0.6385449136116976 0.046829164406282486 95
0.7561267181769324 0.035395710008706054 95
0.8218631311978055 0.02311548028783582 95
0.9019650182022368 0.01178215997527996 95
1.0 0.0 95
0.44356789542959285 1.0 40
0.18968410221543003 0.8980837727177962 40
0.3337639546073949 0.823546306817635 40
0.18566453169240069 0.7490995771112415 40
0.052426696746576365 0.6828598476032223 40
0.15830358738184822 0.6305950847414826 40
0.1900493501152184 0.5798589728466245 40
0.17911312222814968 0.5339126304037266 40
0.16021864130573407 0.4927880891705382 40
0.16984153557187417 0.4536811731437123 40
0.25711144435431077 0.42021496083679344 40
0.13777433911240602 0.38612861022067235 40
0.22056128187330978 0.3571115719315672 40
0.10770065789220666 0.3289295059099138 40
0.20499802189932964 0.30363657432772473 40
0.14907978918048462 0.2792459154968532 40
0.05436630696231509 0.2551570360930944 40
0.12036706429009944 0.23416179459935907 40
0.09752305821187393 0.21322619887550145 40
0.02964350823870316 0.19255542415411384 40
0.0 0.17486963056534197 40
0.9266986496157084 0.1688598111441304 40
0.18380560985663294 0.142820518652095 40
0.2673806059796748 0.12728249926797408 40
0.284882009567725 0.1123152429447605 40
0.44726413557831 0.0992119816816111 40
0.5477153938649332 0.08588176429831526 40
0.5621945199189502 0.07168512561108611 40
0.5527267282278941 0.059266659005144814 40
0.6385449136116976 0.046829164406282486 40
0.7561267181769324 0.035395710008706054 40
0.8218631311978055 0.02311548028783582 40
0.9019650182022368 0.01178215997527996 40
1.0 0.0 40
0.18968410221543003 0.8980837727177962 95
0.09752305821187393 0.21322619887550145 95
0.8218631311978055 0.02311548028783582 95
0.44356789542959285 1.0 40
0.2673806059796748 0.12728249926797408 95
0.44356789542959285 1.0 95
0.5477153938649332 0.08588176429831526 40
0.13777433911240602 0.38612861022067235 40
0.44356789542959285 1.0 40
0.284882009567725 0.1123152429447605 95
0.5477153938649332 0.08588176429831526 40
0.1900493501152184 0.5798589728466245 95
0.10770065789220666 0.3289295059099138 40
0.09752305821187393 0.21322619887550145 40
0.7561267181769324 0.035395710008706054 40
0.18566453169240069 0.7490995771112415 40
0.16984153557187417 0.4536811731437123 40
0.8218631311978055 0.02311548028783582 40
0.6385449136116976 0.046829164406282486 40
0.44726413557831 0.0992119816816111 95
0.13777433911240602 0.38612861022067235 95
0.16984153557187417 0.4536811731437123 40
0.7561267181769324 0.035395710008706054 40
0.20499802189932964 0.30363657432772473 40
0.284882009567725 0.1123152429447605 40
0.284882009567725 0.1123152429447605 40
0.22056128187330978 0.3571115719315672 40
0.5621945199189502 0.07168512561108611 40
0.20499802189932964 0.30363657432772473 95
0.16021864130573407 0.4927880891705382 95
0.9019650182022368 0.01178215997527996 40
0.052426696746576365 0.6828598476032223 40
0.5621945199189502 0.07168512561108611 95
0.10770065789220666 0.3289295059099138 40
0.6385449136116976 0.046829164406282486 95
0.22056128187330978 0.3571115719315672 95
0.2673806059796748 0.12728249926797408 95
0.6385449136116976 0.046829164406282486 95
0.284882009567725 0.1123152429447605 40
0.12036706429009944 0.23416179459935907 95
0.10770065789220666 0.3289295059099138 40
0.09752305821187393 0.21322619887550145 40
0.22056128187330978 0.3571115719315672 40
0.18380560985663294 0.142820518652095 95
0.14907978918048462 0.2792459154968532 40
0.25711144435431077 0.42021496083679344 95
0.9019650182022368 0.01178215997527996 95
0.15830358738184822 0.6305950847414826 40
0.17911312222814968 0.5339126304037266 95
0.12036706429009944 0.23416179459935907 95
0.7561267181769324 0.035395710008706054 40
0.22056128187330978 0.3571115719315672 95
0.17911312222814968 0.5339126304037266 95
0.18380560985663294 0.142820518652095 40
0.5621945199189502 0.07168512561108611 95
0.16984153557187417 0.4536811731437123 95
1.0 0.0 95
0.12036706429009944 0.23416179459935907 95
0.7561267181769324 0.035395710008706054 95
0.5527267282278941 0.059266659005144814 40
