0.08396096832973164 0.0 95
0.08521797053090419 0.005941463064799971 95
0.0869266616121555 0.010890037153837559 95
0.0860084357350452 0.01571217347649644 95
0.0869065370826243 0.02075059731894206 95
0.07877296880019102 0.025371337051202196 95
0.08083820682640719 0.03069047184215064 95
0.08018118147319193 0.03578043891533065 95
0.07939900998435455 0.03941699474418117 95
0.07930237252514778 0.04548210237083112 95
0.07913540550892052 0.050824824937576 95
0.07924129123059312 0.0564656055125185 95
0.07946583082702688 0.06173151959371922 95
0.07709305457500777 0.06661873091979585 95
0.07720455679849214 0.07243918293081364 95
0.07599821131011246 0.07747623663905409 95
0.07419720874752207 0.0830617224314678 95
0.07714000679357987 0.08947367002014271 95
0.07068842229506275 0.09451421832911969 95
0.07554750104334078 0.10089713510326363 95
0.07486422623134421 0.10722868757887344 95
0.07140661559551033 0.11240496503283258 95
0.07413707492575748 0.11937698793660764 95
0.07060911001573913 0.12500464096845065 95
0.07253711024045074 0.1330182361493448 95
0.0678934963130883 0.13892107957163563 95
0.07075769128034785 0.14719261222361477 95
0.06662585313443975 0.1541351504616183 95
0.0696806205914799 0.16192011686828023 95
0.06816131979385681 0.16994311893030115 95
0.062378015009146325 0.17768818807407177 95
0.061860558850454356 0.18582350419505944 95
0.06042321915811108 0.19500431145978475 95
0.0636931310057773 0.2046933677303956 95
0.058950432040779266 0.21347511109845543 95
0.06015561210015278 0.22441506906380657 95
0.05599153675293193 0.23415754707972003 95
0.05817331745658964 0.24541570559920756 95
0.05722765123112254 0.257855277021512 95
0.05621276481122543 0.2705924271919383 95
0.049945066019217416 0.2830775527386349 95
0.04891172151125399 0.2968276172549919 95
0.04881230031788359 0.3124121405748722 95
0.04659057109768825 0.328271205943635 95
0.04562980716249202 0.3447726145352672 95
0.04520420319998145 0.363605033313167 95
0.03679128869296575 0.3837358058042932 95
0.03546092053581278 0.40425642933696937 95
0.03505768722204707 0.4272052804166642 95
0.03166171999263807 0.45301833041842 95
0.033538802623007985 0.4800757229510229 95
0.027389839009226046 0.5111208430547203 95
0.03003991444342868 0.5442801857461232 95
0.024399279845126198 0.5830389062072912 95
0.01744598859344892 0.6262091929437114 95
0.020134469743219436 0.6737161864163502 95
0.01649949449908743 0.7280850297428516 95
0.010247069264740283 0.7926660941100225 95
0.005901656969114533 0.8670823816893368 95
0.0 0.9587262410251857 95
0.06862641061201642 0.9945368687956563 95
0.17440932243160512 0.995297900902086 95
0.27673676933763786 0.9963557602246037 95
0.38298873555222335 0.9979993278795044 95
0.4845359717125587 0.9986421787844155 95
0.5898739009966789 0.997843864386318 95
0.6925368504267118 0.9996800982297092 95
0.7958862731395497 0.9984314035520164 95
0.8972356505274813 1.0 95
1.0 0.9993406339517007 95
0.0 0.0 40
0.004119361711273934 0.006411820027382248 40
0.245322154390303 0.015686839169311552 40
0.2496454491261128 0.021519136129643165 40
0.2518228368413341 0.027301972169547162 40
0.25177671857601647 0.030629829288156336 40
0.25379455842509985 0.037055478427770155 40
0.2489159374203369 0.04124284516807301 40
0.2513018668803134 0.04735500951690576 40
0.2518267219851417 0.05218486664237537 40
0.2524037659566949 0.05718752759494637 40
0.2527874862275992 0.06214201745752393 40
0.2516102787590888 0.06691888967107912 40
0.253065970484307 0.07243284630914425 40
0.25518733064925975 0.0780271295127044 40
0.25352744029684193 0.08317866451359777 40
0.25367462516826517 0.08877825195721381 40
0.25685265530883794 0.09537795420061523 40
0.25426454005189986 0.1002928569476991 40
0.25656945249766794 0.10648040797793784 40
0.25764470365413966 0.11268433712757234 40
0.25828402161355835 0.11872659554495457 40
0.25767155083592935 0.12457273245094451 40
0.2583983746745742 0.13075682739573347 40
0.25983671750801907 0.13773617959155207 40
0.26234197012062505 0.14508174559011056 40
0.2623343154654448 0.1527137293116419 40
0.26170036158616894 0.15992458135665896 40
0.26127248883712406 0.1665851363457531 40
0.26351460174929225 0.17535097235522965 40
0.26496918304406025 0.18343654608730794 40
0.26213817406810025 0.1916000650920921 40
0.2675295576187976 0.20071133559123142 40
0.26882313965251214 0.20992421890625393 40
0.2690237228943591 0.22000266757382522 40
0.26788494748555064 0.22995453073318603 40
0.2701609968781285 0.24045749127759308 40
0.2677266866568612 0.2508757503631973 40
0.2701835942715441 0.26262373990192606 40
0.2739541454048453 0.275429078695817 40
0.2743845103488705 0.28842625129162913 40
0.27491749252099973 0.3025844141291015 40
0.2730100152521028 0.3171403163386967 40
0.2769250643018322 0.33419398185298316 40
0.27654487928005655 0.35052755171970246 40
0.28002203681724824 0.36894782097747003 40
0.2791789998856814 0.3895368365385709 40
0.27984694668566856 0.41087216377500513 40
0.28363511493378313 0.43434249443905654 40
0.28868284450594084 0.45951071762269186 40
0.2871681406453852 0.4880933728227396 40
0.29345515702506053 0.5192899013188198 40
0.29798096357982234 0.5538646995871378 40
0.3016369302343908 0.593205894141376 40
0.31006710724477454 0.6361128789206231 40
0.310378506521983 0.6875012075324493 40
0.32266075409567896 0.7421157505188156 40
0.33071542539500426 0.8079600798084131 40
0.34180525820268626 0.8873894333683993 40
0.3511297564502874 0.9794813975478347 40
0.43512579073874735 0.9988202717085973 40
0.5297376980738127 1.0 40
0.6300840317153727 0.9923884866053333 40
0.7210594208015376 0.9934601381072152 40
0.8142602925458846 0.9936226578892103 40
0.9083503149613089 0.9933808528607558 40
1.0 0.9938138923055723 40
0.2769250643018322 0.33419398185298316 40
0.25177671857601647 0.030629829288156336 40
0.2527874862275992 0.06214201745752393 40
0.3016369302343908 0.593205894141376 40
0.2677266866568612 0.2508757503631973 40
0.38298873555222335 0.9979993278795044 95
0.027389839009226046 0.5111208430547203 95
0.6300840317153727 0.9923884866053333 40
0.2739541454048453 0.275429078695817 40
0.0860084357350452 0.01571217347649644 95
0.25983671750801907 0.13773617959155207 40
0.7958862731395497 0.9984314035520164 95
0.2489159374203369 0.04124284516807301 40
0.29798096357982234 0.5538646995871378 40
0.38298873555222335 0.9979993278795044 95
0.07068842229506275 0.09451421832911969 95
0.25518733064925975 0.0780271295127044 40
0.07486422623134421 0.10722868757887344 95
0.004119361711273934 0.006411820027382248 40
0.2513018668803134 0.04735500951690576 40
0.5898739009966789 0.997843864386318 95
0.34180525820268626 0.8873894333683993 40
0.0 0.9587262410251857 95
0.0696806205914799 0.16192011686828023 95
0.25518733064925975 0.0780271295127044 40
0.03505768722204707 0.4272052804166642 95
0.07486422623134421 0.10722868757887344 95
0.07413707492575748 0.11937698793660764 95
0.04562980716249202 0.3447726145352672 95
0.03546092053581278 0.40425642933696937 95
0.05817331745658964 0.24541570559920756 95
0.03679128869296575 0.3837358058042932 95
0.27984694668566856 0.41087216377500513 40
0.28002203681724824 0.36894782097747003 40
0.03505768722204707 0.4272052804166642 95
0.07060911001573913 0.12500464096845065 95
1.0 0.9938138923055723 40
0.08083820682640719 0.03069047184215064 95
0.04659057109768825 0.328271205943635 95
0.26213817406810025 0.1916000650920921 40
0.310378506521983 0.6875012075324493 40
0.0860084357350452 0.01571217347649644 95
0.3511297564502874 0.9794813975478347 40
0.0869065370826243 0.02075059731894206 95
0.06862641061201642 0.9945368687956563 95
0.07924129123059312 0.0564656055125185 95
0.26351460174929225 0.17535097235522965 40
0.07253711024045074 0.1330182361493448 95
0.0678934963130883 0.13892107957163563 95
0.0 0.0 40
0.03166171999263807 0.45301833041842 95
0.07720455679849214 0.07243918293081364 95
0.06816131979385681 0.16994311893030115 95
0.08396096832973164 0.0 95
0.061860558850454356 0.18582350419505944 95
0.04891172151125399 0.2968276172549919 95
0.25379455842509985 0.037055478427770155 40
0.31006710724477454 0.6361128789206231 40
1.0 0.9993406339517007 95
0.07075769128034785 0.14719261222361477 95
0.05599153675293193 0.23415754707972003 95
0.07714000679357987 0.08947367002014271 95
0.07714000679357987 0.08947367002014271 95
0.07140661559551033 0.11240496503283258 95
0.03679128869296575 0.3837358058042932 95
0.07068842229506275 0.09451421832911969 95
0.07709305457500777 0.06661873091979585 95
0.0678934963130883 0.13892107957163563 95
0.08521797053090419 0.005941463064799971 95
0.2739541454048453 0.275429078695817 40
0.3016369302343908 0.593205894141376 40
0.310378506521983 0.6875012075324493 40
0.0678934963130883 0.13892107957163563 95
0.32266075409567896 0.7421157505188156 40
0.27673676933763786 0.9963557602246037 95
0.25764470365413966 0.11268433712757234 40
0.8142602925458846 0.9936226578892103 40
0.07075769128034785 0.14719261222361477 95
0.253065970484307 0.07243284630914425 40
0.03166171999263807 0.45301833041842 95
0.04891172151125399 0.2968276172549919 95
0.08396096832973164 0.0 95
0.03505768722204707 0.4272052804166642 95
0.2690237228943591 0.22000266757382522 40
0.07075769128034785 0.14719261222361477 95
1.0 0.9938138923055723 40
0.2516102787590888 0.06691888967107912 40
0.25379455842509985 0.037055478427770155 40
0.004119361711273934 0.006411820027382248 40
0.0869266616121555 0.010890037153837559 95
0.38298873555222335 0.9979993278795044 95
0.005901656969114533 0.8670823816893368 95
0.062378015009146325 0.17768818807407177 95
1.0 0.9993406339517007 95
0.0869266616121555 0.010890037153837559 95
0.07060911001573913 0.12500464096845065 95
0.2489159374203369 0.04124284516807301 40
0.25177671857601647 0.030629829288156336 40
0.25685265530883794 0.09537795420061523 40
0.07060911001573913 0.12500464096845065 95
0.25518733064925975 0.0780271295127044 40
0.25426454005189986 0.1002928569476991 40
0.25828402161355835 0.11872659554495457 40
0.07060911001573913 0.12500464096845065 95
0.43512579073874735 0.9988202717085973 40
0.7958862731395497 0.9984314035520164 95
0.2516102787590888 0.06691888967107912 40
0.07720455679849214 0.07243918293081364 95
0.2518228368413341 0.027301972169547162 40
0.28363511493378313 0.43434249443905654 40
0.07720455679849214 0.07243918293081364 95
0.27654487928005655 0.35052755171970246 40
0.2623343154654448 0.1527137293116419 40
0.07060911001573913 0.12500464096845065 95
0.0869266616121555 0.010890037153837559 95
0.06862641061201642 0.9945368687956563 95
0.33071542539500426 0.8079600798084131 40
0.25764470365413966 0.11268433712757234 40
0.6925368504267118 0.9996800982297092 95
