0.08104175808813438 0.0 95
0.08218525083354741 0.005760865232432008 95
0.08299027735069163 0.009906305503236765 95
0.0797114600724823 0.014118571233315141 95
0.08426531697839201 0.020707159604552362 95
0.0816641245935527 0.025555489864320595 95
0.07605184936393929 0.029017188125714664 95
0.07745349568265049 0.03466481149704753 95
0.07609987980037479 0.040104528371189274 95
0.07662610026154164 0.045519912971115566 95
0.07553513836982823 0.05070721093562648 95
0.07653393879649047 0.05608868926660401 95
0.07409344498347208 0.061438272110719686 95
0.07330769369888539 0.06523382876136576 95
0.07451727808968757 0.07235592027716894 95
0.07305018463368476 0.07771539339804616 95
0.07368692697390994 0.08319459380838701 95
0.07157400588955344 0.08874844165718393 95
0.07209465512443586 0.09465389868263978 95
0.06865761369432652 0.09973703501544126 95
0.06881856781969505 0.10592825740864188 95
0.07004818736797444 0.11228935228949141 95
0.07070006264384035 0.11871967439015722 95
0.06882236799703609 0.1253298757792738 95
0.0683974611709507 0.13169387681795602 95
0.07012278498715636 0.13909082016880808 95
0.06486618759476347 0.14545415760865896 95
0.06408604764544736 0.15282183536798077 95
0.06299630375923251 0.16058327100583658 95
0.061926302307712705 0.1676734140602102 95
0.06345020746310011 0.17640078916100901 95
0.05912019782258729 0.18444319044686147 95
0.05754408634783573 0.19342827793675765 95
0.06131595049392622 0.20325116063506124 95
0.0555964106491831 0.21187370857052568 95
0.05412996926546591 0.22207483492880042 95
0.05354505242998188 0.23205688653417142 95
0.05505816036574994 0.24414506126507254 95
0.05250845718012322 0.25501754536186416 95
0.04811868679360901 0.2673882947386808 95
0.045572570098199164 0.28025074662911625 95
0.04723155308660494 0.29413491657631036 95
0.045011689309801185 0.3090650905353628 95
0.04543054208838441 0.32451278589148486 95
0.041496225278181684 0.34028390086850124 95
0.03722470259979553 0.3589724577431438 95
0.033533723288121264 0.37816702174247535 95
0.035944256177736396 0.39950853138728953 95
0.03232432688581965 0.4211356270449142 95
0.027994288996095067 0.44546830878494836 95
0.028229049939430012 0.47285639413418684 95
0.026048920874690906 0.5017222838154013 95
0.024905243089788018 0.5354668672718473 95
0.015106890807091277 0.5729968827196071 95
0.011252673416476441 0.6142256410853543 95
0.012345187424377404 0.6598532399790152 95
0.00955980835460677 0.714023778994337 95
0.006813924235987634 0.7741552951818893 95
0.001027739063062161 0.8464436816862774 95
0.0 0.930512890224822 95
0.0305774108793282 0.9964004306421492 95
0.1412748795173775 0.9936481990997027 95
0.2516082062336739 0.9957608091599217 95
0.3577053030403019 0.9978525398625752 95
0.4656959920620021 0.9983137950597779 95
0.57132252172853 1.0 95
0.6834524058979585 0.9970224168171605 95
0.7860617437409506 0.9981233853547526 95
0.8935767516325257 0.9993095109616367 95
1.0 0.9990862040620666 95
8.32258617667808e-05 0.0 40
0.0 0.006658013562300086 40
0.23585602227186558 0.01136004389030097 40
0.2381534876051905 0.015969540281750533 40
0.24036948596119243 0.020693631831255808 40
0.24154546167032073 0.026568030257697703 40
0.24322914452719915 0.031515145902150925 40
0.2425227978097881 0.03631964202436225 40
0.24059997313043854 0.04053212298937244 40
0.2408107958412143 0.045507372248089005 40
0.24120743035838715 0.05076855789124969 40
0.24153874321764487 0.05603784709540877 40
0.24231175878956282 0.06127800732026585 40
0.2444465049273232 0.06716489971366263 40
0.24555952349237659 0.07310696421638281 40
0.24548028099472943 0.07828960932009697 40
0.24405993133227208 0.08311242478936741 40
0.24537284544130356 0.08928107436165857 40
0.24614995577078252 0.09515676975658903 40
0.24495717201110384 0.0997777896017784 40
0.24591430382649246 0.10587116485854545 40
0.24807804661939625 0.11253089718949273 40
0.2494070567527018 0.11934069397486198 40
0.24821545812506504 0.12485952831652226 40
0.25146353238977126 0.13194983504457997 40
0.24900672381743388 0.13810992461889335 40
0.24907940383110763 0.14501787380358663 40
0.24884450005246134 0.15230544917374755 40
0.25201056790750614 0.15960142765198562 40
0.25354896459675336 0.1678903622694141 40
0.2560140308039201 0.17600030807289682 40
0.2522146075049741 0.18417919087078233 40
0.2524516287692386 0.19189950958183316 40
0.2551736622516475 0.201079112300377 40
0.2586098845875386 0.21096669587249214 40
0.2560844188225601 0.2203407963208073 40
0.25646401451861517 0.23058785922635364 40
0.26022045293136414 0.24154556303506963 40
0.25913664524159813 0.25269631011062765 40
0.2637816443020425 0.2647924600290043 40
0.2626553597133926 0.27796480700684767 40
0.2627693342290008 0.291334723920987 40
0.26416920049261605 0.3050644086055338 40
0.2661257174568338 0.32048674270718097 40
0.2640973419854779 0.3366917156889257 40
0.2681251584727385 0.355193203822218 40
0.2682857390865715 0.37274028166671114 40
0.2708901842073968 0.39338145944736763 40
0.27021305543268215 0.41568257823423976 40
0.27216624431605907 0.4408213409585769 40
0.2765128634637067 0.46717164510287457 40
0.279085214624466 0.4948660645150673 40
0.2824892890223361 0.5277390529594921 40
0.2876047893659957 0.5635707656543755 40
0.2940552969379814 0.6033027720539266 40
0.2969253868117474 0.6495467722484937 40
0.3047920720221049 0.7013210940735071 40
0.3171997029686317 0.7567671708558004 40
0.32238988499714805 0.8293628348360323 40
0.33005592696523817 0.911790346527563 40
0.35147499679198296 1.0 40
0.4502497086100466 0.9965161729844237 40
0.5444031633719173 0.9931053298498032 40
0.6358910822646371 0.9907308219091613 40
0.7258948100500723 0.9902847500446407 40
0.8172540451649217 0.9912644169945747 40
0.910803245078453 0.9910055699605861 40
1.0 0.9897285831376545 40
0.25646401451861517 0.23058785922635364 40
0.57132252172853 1.0 95
0.0555964106491831 0.21187370857052568 95
0.24120743035838715 0.05076855789124969 40
0.2627693342290008 0.291334723920987 40
0.07305018463368476 0.07771539339804616 95
0.26416920049261605 0.3050644086055338 40
0.2969253868117474 0.6495467722484937 40
0.2425227978097881 0.03631964202436225 40
0.08218525083354741 0.005760865232432008 95
0.07553513836982823 0.05070721093562648 95
0.6834524058979585 0.9970224168171605 95
0.33005592696523817 0.911790346527563 40
0.2494070567527018 0.11934069397486198 40
0.24807804661939625 0.11253089718949273 40
0.2425227978097881 0.03631964202436225 40
0.25646401451861517 0.23058785922635364 40
0.24153874321764487 0.05603784709540877 40
0.24900672381743388 0.13810992461889335 40
0.0305774108793282 0.9964004306421492 95
0.0816641245935527 0.025555489864320595 95
0.012345187424377404 0.6598532399790152 95
0.07070006264384035 0.11871967439015722 95
0.2626553597133926 0.27796480700684767 40
0.2626553597133926 0.27796480700684767 40
0.25913664524159813 0.25269631011062765 40
0.32238988499714805 0.8293628348360323 40
0.2560140308039201 0.17600030807289682 40
0.07004818736797444 0.11228935228949141 95
0.028229049939430012 0.47285639413418684 95
0.24591430382649246 0.10587116485854545 40
0.027994288996095067 0.44546830878494836 95
0.2824892890223361 0.5277390529594921 40
0.05754408634783573 0.19342827793675765 95
8.32258617667808e-05 0.0 40
0.06865761369432652 0.09973703501544126 95
0.4656959920620021 0.9983137950597779 95
0.2551736622516475 0.201079112300377 40
0.0555964106491831 0.21187370857052568 95
0.0683974611709507 0.13169387681795602 95
0.011252673416476441 0.6142256410853543 95
0.2522146075049741 0.18417919087078233 40
0.24907940383110763 0.14501787380358663 40
0.06881856781969505 0.10592825740864188 95
0.24591430382649246 0.10587116485854545 40
0.2586098845875386 0.21096669587249214 40
0.05754408634783573 0.19342827793675765 95
1.0 0.9990862040620666 95
0.07609987980037479 0.040104528371189274 95
0.24555952349237659 0.07310696421638281 40
0.25201056790750614 0.15960142765198562 40
0.05412996926546591 0.22207483492880042 95
0.24537284544130356 0.08928107436165857 40
0.24405993133227208 0.08311242478936741 40
0.6834524058979585 0.9970224168171605 95
0.25354896459675336 0.1678903622694141 40
0.07012278498715636 0.13909082016880808 95
0.07157400588955344 0.08874844165718393 95
0.04723155308660494 0.29413491657631036 95
0.2876047893659957 0.5635707656543755 40
0.2682857390865715 0.37274028166671114 40
0.23585602227186558 0.01136004389030097 40
0.001027739063062161 0.8464436816862774 95
0.2560140308039201 0.17600030807289682 40
0.3047920720221049 0.7013210940735071 40
0.015106890807091277 0.5729968827196071 95
0.04811868679360901 0.2673882947386808 95
1.0 0.9897285831376545 40
0.24154546167032073 0.026568030257697703 40
0.2586098845875386 0.21096669587249214 40
0.07553513836982823 0.05070721093562648 95
0.07653393879649047 0.05608868926660401 95
0.05412996926546591 0.22207483492880042 95
0.24405993133227208 0.08311242478936741 40
0.25146353238977126 0.13194983504457997 40
0.028229049939430012 0.47285639413418684 95
0.3577053030403019 0.9978525398625752 95
0.2444465049273232 0.06716489971366263 40
0.05912019782258729 0.18444319044686147 95
0.0683974611709507 0.13169387681795602 95
0.2494070567527018 0.11934069397486198 40
0.04811868679360901 0.2673882947386808 95
0.05754408634783573 0.19342827793675765 95
0.0305774108793282 0.9964004306421492 95
0.2969253868117474 0.6495467722484937 40
1.0 0.9897285831376545 40
0.26022045293136414 0.24154556303506963 40
0.24322914452719915 0.031515145902150925 40
0.006813924235987634 0.7741552951818893 95
0.05412996926546591 0.22207483492880042 95
0.57132252172853 1.0 95
0.24591430382649246 0.10587116485854545 40
0.05412996926546591 0.22207483492880042 95
0.006813924235987634 0.7741552951818893 95
0.07451727808968757 0.07235592027716894 95
0.0 0.006658013562300086 40
0.2551736622516475 0.201079112300377 40
0.05912019782258729 0.18444319044686147 95
0.0 0.006658013562300086 40
0.07012278498715636 0.13909082016880808 95
0.011252673416476441 0.6142256410853543 95
0.07004818736797444 0.11228935228949141 95
0.24154546167032073 0.026568030257697703 40
0.25354896459675336 0.1678903622694141 40
0.27021305543268215 0.41568257823423976 40
0.2522146075049741 0.18417919087078233 40
0.24591430382649246 0.10587116485854545 40
0.2408107958412143 0.045507372248089005 40
0.07553513836982823 0.05070721093562648 95
0.07209465512443586 0.09465389868263978 95
0.2969253868117474 0.6495467722484937 40
0.05754408634783573 0.19342827793675765 95
0.279085214624466 0.4948660645150673 40
0.2637816443020425 0.2647924600290043 40
0.0 0.930512890224822 95
0.25913664524159813 0.25269631011062765 40
0.06408604764544736 0.15282183536798077 95
0.08104175808813438 0.0 95
