0.28853604876289835 1.0 95
0.28344476742844327 0.903470632849831 95
0.22906494197020622 0.8179748738664461 95
0.22142400467544343 0.7462632151264885 95
0.18792885789637306 0.6813277904554673 95
0.19738258022530258 0.6277018295811855 95
0.14310880448907345 0.574506203209242 95
0.13592899267390832 0.5296969156923652 95
0.1072689416156402 0.4878670175222198 95
0.21070403515410974 0.45078576518299646 95
0.13926624228626167 0.41425441931806617 95
0.1866901483652133 0.38379942118144655 95
0.1254058675773928 0.35444855121123425 95
0.19651510938513747 0.3276092226066054 95
0.15262954440856927 0.3022206118366238 95
0.1833720031694593 0.2787380304588443 95
0.16207201049186543 0.25684320864744925 95
0.07018537880536506 0.23411643497213774 95
0.09522681728433978 0.21445761125394538 95
0.0 0.1947338785352157 95
0.09993134831355521 0.1775796410430017 95
0.037093428519525004 0.16065807204436502 95
1.0 0.15975937554575664 95
0.18421548420918651 0.13068662025509858 95
0.21142402779483022 0.11692322334321592 95
0.3395384962536585 0.10484508361087179 95
0.3907162043300544 0.09167312682131426 95
0.3958704098633882 0.07808440443418296 95
0.45328793610955465 0.06672142800123751 95
0.5380526025099914 0.054696910896477116 95
0.5621075497253085 0.04331975460120403 95
0.615544733619742 0.031604124826156696 95
0.6486298333917645 0.021161428325021082 95
0.708878480562233 0.0101794762476201 95
0.8080050849649368 0.0 95
0.28853604876289835 1.0 40
0.28344476742844327 0.903470632849831 40
0.22906494197020622 0.8179748738664461 40
0.22142400467544343 0.7462632151264885 40
0.18792885789637306 0.6813277904554673 40
0.19738258022530258 0.6277018295811855 40
0.14310880448907345 0.574506203209242 40
0.13592899267390832 0.5296969156923652 40
0.1072689416156402 0.4878670175222198 40
0.21070403515410974 0.45078576518299646 40
0.13926624228626167 0.41425441931806617 40
0.1866901483652133 0.38379942118144655 40
0.1254058675773928 0.35444855121123425 40
0.19651510938513747 0.3276092226066054 40
0.15262954440856927 0.3022206118366238 40
0.1833720031694593 0.2787380304588443 40
0.16207201049186543 0.25684320864744925 40
0.07018537880536506 0.23411643497213774 40
0.09522681728433978 0.21445761125394538 40
0.0 0.1947338785352157 40
0.09993134831355521 0.1775796410430017 40
0.037093428519525004 0.16065807204436502 40
1.0 0.15975937554575664 40
0.18421548420918651 0.13068662025509858 40
0.21142402779483022 0.11692322334321592 40
0.3395384962536585 0.10484508361087179 40
0.3907162043300544 0.09167312682131426 40
0.3958704098633882 0.07808440443418296 40
0.45328793610955465 0.06672142800123751 40
0.5380526025099914 0.054696910896477116 40
0.5621075497253085 0.04331975460120403 40
0.615544733619742 0.031604124826156696 40
0.6486298333917645 0.021161428325021082 40
0.708878480562233 0.0101794762476201 40
0.8080050849649368 0.0 40
0.5621075497253085 0.04331975460120403 40
0.1866901483652133 0.38379942118144655 95
0.09522681728433978 0.21445761125394538 40
0.21142402779483022 0.11692322334321592 95
0.3395384962536585 0.10484508361087179 40
0.615544733619742 0.031604124826156696 40
0.09522681728433978 0.21445761125394538 95
0.21142402779483022 0.11692322334321592 95
0.5380526025099914 0.054696910896477116 40
0.3958704098633882 0.07808440443418296 40
0.3395384962536585 0.10484508361087179 95
0.07018537880536506 0.23411643497213774 40
0.07018537880536506 0.23411643497213774 40
0.3395384962536585 0.10484508361087179 95
0.09993134831355521 0.1775796410430017 95
0.21142402779483022 0.11692322334321592 95
0.22142400467544343 0.7462632151264885 95
0.09522681728433978 0.21445761125394538 95
0.18792885789637306 0.6813277904554673 95
0.14310880448907345 0.574506203209242 95
0.3958704098633882 0.07808440443418296 40
0.1072689416156402 0.4878670175222198 40
0.09993134831355521 0.1775796410430017 95
0.22142400467544343 0.7462632151264885 95
0.3958704098633882 0.07808440443418296 40
0.3395384962536585 0.10484508361087179 40
0.3958704098633882 0.07808440443418296 95
0.14310880448907345 0.574506203209242 40
0.708878480562233 0.0101794762476201 95
0.5621075497253085 0.04331975460120403 40
0.22906494197020622 0.8179748738664461 95
0.5380526025099914 0.054696910896477116 95
0.16207201049186543 0.25684320864744925 95
0.8080050849649368 0.0 40
0.07018537880536506 0.23411643497213774 95
0.037093428519525004 0.16065807204436502 40
0.22142400467544343 0.7462632151264885 40
0.19651510938513747 0.3276092226066054 40
0.0 0.1947338785352157 40
0.21070403515410974 0.45078576518299646 95
0.07018537880536506 0.23411643497213774 95
0.037093428519525004 0.16065807204436502 40
0.1833720031694593 0.2787380304588443 40
0.22142400467544343 0.7462632151264885 95
0.28344476742844327 0.903470632849831 40
0.3907162043300544 0.09167312682131426 40
0.28344476742844327 0.903470632849831 95
0.1072689416156402 0.4878670175222198 40
0.1866901483652133 0.38379942118144655 95
0.21142402779483022 0.11692322334321592 95
0.28344476742844327 0.903470632849831 40
0.8080050849649368 0.0 40
0.8080050849649368 0.0 95
0.615544733619742 0.031604124826156696 40
0.07018537880536506 0.23411643497213774 95
0.07018537880536506 0.23411643497213774 95
0.09522681728433978 0.21445761125394538 95
0.5621075497253085 0.04331975460120403 40
