0.08631442284196209 0.0 95
0.08645458943777236 0.003162117270790271 95
0.08532390117936403 0.009042576009501885 95
0.08679113226438286 0.014448895817869232 95
0.08625904831879674 0.01833386105668954 95
0.09266897751643667 0.024623463683333683 95
0.08020322924120578 0.028290548180089775 95
0.0806485661452443 0.03282525350894245 95
0.08073641478183274 0.03877311489412956 95
0.08080815248050133 0.043935455048586695 95
0.07834404039844876 0.04811383049570296 95
0.07784583782914481 0.053660752721314126 95
0.07959211873206766 0.05989890702553059 95
0.07798950069062087 0.06421595248390928 95
0.07607161980923544 0.06945080360752585 95
0.07605813849374596 0.07509400476357875 95
0.07509287471852479 0.08064381876968989 95
0.073855263676049 0.08611941014353924 95
0.07493273658629916 0.0924594774280126 95
0.07461736890856004 0.09913955122418774 95
0.0768676043191228 0.10499142279509159 95
0.07347363527919257 0.11039968254603784 95
0.07487406092663487 0.11720319261730865 95
0.07299502292975256 0.12334352510837059 95
0.06942868962945473 0.12923000836165496 95
0.0738367634718109 0.1368316982395758 95
0.07154451380768395 0.14375163608435793 95
0.0680659938317894 0.1501117406227354 95
0.06511738285174899 0.15766695086157095 95
0.06771091968269409 0.166087444220363 95
0.06560750759662586 0.17388659164658732 95
0.0669285707462438 0.18257361406431574 95
0.06054313474984808 0.19065190768640813 95
0.06300674148401585 0.1993911585397516 95
0.06177297390999736 0.208912044906896 95
0.06086675607134449 0.21928039770203755 95
0.056408311776023026 0.22870938730216694 95
0.05843699317836189 0.24019199285359555 95
0.05760572587893869 0.2516321419881893 95
0.05474643607569402 0.26378131278651956 95
0.05402036534053766 0.2757341062673162 95
0.04820103090941389 0.2889681499481127 95
0.044877328781268565 0.30380606864947574 95
0.046232717880978345 0.3191146030139055 95
0.04576132369069103 0.33509912231484335 95
0.046372289376953785 0.35249430023221323 95
0.04276321425477521 0.37205347083644197 95
0.039756771551578626 0.3914553684578892 95
0.03807859900949613 0.41319467879472793 95
0.03486945618924925 0.43657930334617506 95
0.03307099654727535 0.46206371635736515 95
0.029477810758106918 0.4908306983918724 95
0.024042514704480444 0.5234533159144832 95
0.024709986506447693 0.5590581286210226 95
0.018133453195946597 0.5987161882299532 95
0.012879271009862388 0.6440129056898705 95
0.009133734631784544 0.6950227636070581 95
0.007477601172812531 0.752002676958398 95
0.005306684446716273 0.8183719255279949 95
0.0 0.9008662331153825 95
0.0014548046063977667 0.9920729983946266 95
0.11070297507624512 0.9924060110951267 95
0.22698795432720414 0.9942044852766049 95
0.34024456215264426 0.9957220366919461 95
0.44916485929529204 0.9971076442783336 95
0.5605610562646787 0.9980180981920881 95
0.6685552510606838 1.0 95
0.783061031279696 0.9974627553243778 95
0.8925004360331337 0.9965497420633513 95
1.0 0.9988820538509657 95
0.0 0.0 40
0.003558785019896783 0.006627157503522615 40
0.0050513223602644194 0.013243538455552591 40
0.24266690150889078 0.017403545868278053 40
0.24329321459888947 0.02203924334926146 40
0.2458585554867257 0.028587991852110257 40
0.24934141490376463 0.03360379128516632 40
0.24925728740369515 0.0375606862736532 40
0.24832667713900425 0.04217698096436841 40
0.24682247031041 0.047591552924489626 40
0.24888502409638286 0.05327487790491352 40
0.24918519064318656 0.05834353628976891 40
0.24811332184921103 0.06234694064729781 40
0.2503657442251198 0.0687504831986236 40
0.24980447322665028 0.07302319042540671 40
0.2509944574254452 0.07828268107299786 40
0.25241824559623394 0.08412031314041574 40
0.25135368725607743 0.08953475978053123 40
0.2531537200179269 0.09595563612759941 40
0.2513486885734577 0.10045410353133488 40
0.25309214088624543 0.1062838603610255 40
0.25381352521992595 0.11281564561885159 40
0.2560431492275619 0.11862273959666844 40
0.254003218477535 0.12453120726876431 40
0.25316832487624963 0.13049058563654606 40
0.258687547882342 0.13795993523443909 40
0.2582607143308452 0.144377965540536 40
0.25535294583882107 0.1506846626456156 40
0.2589005734847566 0.1587754190725952 40
0.257151375818015 0.1651204466258111 40
0.26113719152768106 0.17329577740116797 40
0.2593946234621082 0.1808033886665633 40
0.2605265331896601 0.18915889383746823 40
0.2632408016721719 0.1981219554143082 40
0.2648488626964465 0.20676567145526967 40
0.26328910853148735 0.21559395720963684 40
0.2617002544961193 0.22519717493260863 40
0.2648427207345936 0.23568457528952907 40
0.2635337727317912 0.2460763668429268 40
0.26492950361633666 0.2568549372964369 40
0.27045918738843117 0.26911064877600377 40
0.2678703392757791 0.28182740418579527 40
0.27195613542984376 0.29437740245745847 40
0.27024507241279494 0.3085542078944173 40
0.27114097615140215 0.3237877711286568 40
0.27194305527508483 0.339764267789732 40
0.27708527409713096 0.3567993208358223 40
0.2726117519960465 0.3757201654139995 40
0.27643646530306537 0.39540221138915244 40
0.2805511919975423 0.4173335184834365 40
0.28213636875415954 0.44099134229868864 40
0.2810398389600819 0.4665324272160213 40
0.2857627772096362 0.49559874915207414 40
0.28752347512761584 0.5267550204301868 40
0.2938520350209777 0.5617408640497962 40
0.2967605138133739 0.6021013901536348 40
0.30516276583415 0.6462075578584836 40
0.3097121354215131 0.6960204863411739 40
0.31906948593823997 0.7518411496008207 40
0.3265392907287446 0.8204069671429021 40
0.34045850763374236 0.8992620478913048 40
0.35258755984519613 0.9911136935804915 40
0.44079772290608554 0.9995836998789598 40
0.5341234299535971 1.0 40
0.6305550968768424 0.9945172021497759 40
0.7229002065149467 0.9935045954251494 40
0.8132230837744606 0.9941230633831294 40
0.9066763784074343 0.9940980697123452 40
1.0 0.9932217474084345 40
0.25309214088624543 0.1062838603610255 40
0.44916485929529204 0.9971076442783336 95
0.6305550968768424 0.9945172021497759 40
0.03807859900949613 0.41319467879472793 95
0.2509944574254452 0.07828268107299786 40
0.044877328781268565 0.30380606864947574 95
0.06177297390999736 0.208912044906896 95
0.2967605138133739 0.6021013901536348 40
0.8132230837744606 0.9941230633831294 40
0.005306684446716273 0.8183719255279949 95
0.018133453195946597 0.5987161882299532 95
0.06771091968269409 0.166087444220363 95
0.35258755984519613 0.9911136935804915 40
0.08020322924120578 0.028290548180089775 95
0.27194305527508483 0.339764267789732 40
0.258687547882342 0.13795993523443909 40
0.2531537200179269 0.09595563612759941 40
0.24329321459888947 0.02203924334926146 40
0.2605265331896601 0.18915889383746823 40
0.03807859900949613 0.41319467879472793 95
0.24980447322665028 0.07302319042540671 40
1.0 0.9932217474084345 40
0.44916485929529204 0.9971076442783336 95
0.07798950069062087 0.06421595248390928 95
0.07605813849374596 0.07509400476357875 95
0.05843699317836189 0.24019199285359555 95
0.024709986506447693 0.5590581286210226 95
0.254003218477535 0.12453120726876431 40
0.26113719152768106 0.17329577740116797 40
0.06511738285174899 0.15766695086157095 95
0.073855263676049 0.08611941014353924 95
0.056408311776023026 0.22870938730216694 95
0.009133734631784544 0.6950227636070581 95
0.024709986506447693 0.5590581286210226 95
0.018133453195946597 0.5987161882299532 95
0.03807859900949613 0.41319467879472793 95
0.0768676043191228 0.10499142279509159 95
0.2531537200179269 0.09595563612759941 40
0.25135368725607743 0.08953475978053123 40
0.007477601172812531 0.752002676958398 95
0.783061031279696 0.9974627553243778 95
0.8132230837744606 0.9941230633831294 40
0.44079772290608554 0.9995836998789598 40
0.07487406092663487 0.11720319261730865 95
0.2589005734847566 0.1587754190725952 40
0.07347363527919257 0.11039968254603784 95
0.2632408016721719 0.1981219554143082 40
0.03486945618924925 0.43657930334617506 95
0.07834404039844876 0.04811383049570296 95
0.44916485929529204 0.9971076442783336 95
0.2857627772096362 0.49559874915207414 40
0.0 0.9008662331153825 95
0.24934141490376463 0.03360379128516632 40
0.06300674148401585 0.1993911585397516 95
0.9066763784074343 0.9940980697123452 40
0.08631442284196209 0.0 95
0.24888502409638286 0.05327487790491352 40
0.35258755984519613 0.9911136935804915 40
0.2648427207345936 0.23568457528952907 40
0.06054313474984808 0.19065190768640813 95
0.783061031279696 0.9974627553243778 95
0.2678703392757791 0.28182740418579527 40
0.06086675607134449 0.21928039770203755 95
0.257151375818015 0.1651204466258111 40
0.05474643607569402 0.26378131278651956 95
0.25535294583882107 0.1506846626456156 40
0.2635337727317912 0.2460763668429268 40
0.2509944574254452 0.07828268107299786 40
0.11070297507624512 0.9924060110951267 95
0.0680659938317894 0.1501117406227354 95
0.0768676043191228 0.10499142279509159 95
0.24266690150889078 0.017403545868278053 40
0.27194305527508483 0.339764267789732 40
0.056408311776023026 0.22870938730216694 95
0.024709986506447693 0.5590581286210226 95
0.35258755984519613 0.9911136935804915 40
0.2531537200179269 0.09595563612759941 40
0.28752347512761584 0.5267550204301868 40
0.25381352521992595 0.11281564561885159 40
0.25135368725607743 0.08953475978053123 40
0.2635337727317912 0.2460763668429268 40
0.24925728740369515 0.0375606862736532 40
0.05760572587893869 0.2516321419881893 95
0.2589005734847566 0.1587754190725952 40
0.09266897751643667 0.024623463683333683 95
0.5341234299535971 1.0 40
0.24934141490376463 0.03360379128516632 40
0.024042514704480444 0.5234533159144832 95
0.5605610562646787 0.9980180981920881 95
0.2632408016721719 0.1981219554143082 40
0.24329321459888947 0.02203924334926146 40
0.08080815248050133 0.043935455048586695 95
0.044877328781268565 0.30380606864947574 95
0.03807859900949613 0.41319467879472793 95
0.0050513223602644194 0.013243538455552591 40
0.012879271009862388 0.6440129056898705 95
0.2509944574254452 0.07828268107299786 40
0.34024456215264426 0.9957220366919461 95
0.27643646530306537 0.39540221138915244 40
0.04276321425477521 0.37205347083644197 95
0.9066763784074343 0.9940980697123452 40
0.07299502292975256 0.12334352510837059 95
0.009133734631784544 0.6950227636070581 95
0.2513486885734577 0.10045410353133488 40
0.0014548046063977667 0.9920729983946266 95
0.2648427207345936 0.23568457528952907 40
0.24832667713900425 0.04217698096436841 40
0.2726117519960465 0.3757201654139995 40
0.2605265331896601 0.18915889383746823 40
0.24888502409638286 0.05327487790491352 40
0.28213636875415954 0.44099134229868864 40
0.005306684446716273 0.8183719255279949 95
0.44916485929529204 0.9971076442783336 95
0.5341234299535971 1.0 40
0.08080815248050133 0.043935455048586695 95
0.44916485929529204 0.9971076442783336 95
0.35258755984519613 0.9911136935804915 40
