0.08338937709759224 0.0 95
0.08308257622441806 0.004319864716181141 95
0.08408815470380102 0.009671681890597595 95
0.08329986378614389 0.013725703277141704 95
0.08601966949427005 0.01894485755251807 95
0.08901867513304655 0.023572317095227852 95
0.07942564230413912 0.028460728074844982 95
0.07926274397982225 0.0346229036290565 95
0.07784371129844456 0.03849829707909884 95
0.0768469042552478 0.04317713339296246 95
0.07734811081157611 0.04880946704167981 95
0.07714688623347468 0.054978010303993824 95
0.07612449720436845 0.059969471192138905 95
0.07355291946740364 0.06449918123755917 95
0.0762969272943692 0.07085484258302865 95
0.07399508751558462 0.07539426301591082 95
0.07083597522362271 0.08081759148728544 95
0.06902766185498951 0.08630920239382504 95
0.07265767155625556 0.0927959109382924 95
0.07282507884941732 0.09896591929164952 95
0.07150908686059963 0.10419879889243513 95
0.07071628617097568 0.11067260819206444 95
0.06887188367385928 0.11675611494076657 95
0.07210393019380294 0.12393156438213758 95
0.07115986070682254 0.1304037402955951 95
0.06710138948259271 0.13666461695644982 95
0.06585361401586598 0.1441599896527201 95
0.0649819472788253 0.15079689766525314 95
0.06546712617927712 0.15905948851169918 95
0.06560847302089404 0.16627463063254022 95
0.06412115773465506 0.1750943518524151 95
0.061575730360405055 0.1825439255172293 95
0.05999444675808621 0.19134486102996112 95
0.05953505418067902 0.2004058023091901 95
0.06075329704926649 0.20962671491782348 95
0.05848863537050876 0.2202636157628928 95
0.05417046547303358 0.2302673480909744 95
0.05255378978555792 0.2406310813105769 95
0.052431294638793834 0.251831815763524 95
0.05285120287108846 0.2643767534566256 95
0.050558180559221726 0.2774784642624606 95
0.05007578354061251 0.29118781509805797 95
0.042340439143645325 0.3052924715304907 95
0.04492488266967538 0.3207603674182956 95
0.045709128391097614 0.336726333412746 95
0.040316449447660024 0.35511624597172287 95
0.03978666514764182 0.3735845571363007 95
0.0370110688645817 0.39461664392812573 95
0.03349209773312896 0.41580488325525056 95
0.033039860417845415 0.44011119980812297 95
0.024836500146696912 0.4669432071865052 95
0.025259752478121966 0.4950176348008418 95
0.02750346190713173 0.5271087754053257 95
0.019469928982925194 0.564059622092539 95
0.015036483727429032 0.603144539535355 95
0.011220115871243287 0.6482601846731204 95
0.009579167318377591 0.7006110603825514 95
0.008061730901605543 0.7593648846381629 95
0.0026415073162806687 0.8271522751826288 95
0.0 0.9102571109725458 95
0.009504604145338246 0.9910822316093266 95
0.12327268537298773 0.9924675632424083 95
0.2332883361176318 0.9942665420971384 95
0.3456223155913168 0.9957320740592045 95
0.4560262184264749 0.9974180630089202 95
0.5682957176379398 0.9947721790382781 95
0.6712004417429436 1.0 95
0.784707371347851 0.9975470396051629 95
0.8955832096324629 0.9978664624918877 95
1.0 0.9977432506537359 95
0.0 0.0 40
0.0026427114416773495 0.007147799177370968 40
0.006785830385985702 0.012996096290999378 40
0.23885288003224733 0.018019969311435274 40
0.24096530329924834 0.02318429780809558 40
0.24420962542397276 0.027560085598240296 40
0.2425760296684525 0.032947888013634005 40
0.24360808180146665 0.036863524529148414 40
0.24463572424535532 0.04244523753949244 40
0.24198158408181084 0.0469326245413694 40
0.24252219532453187 0.0521204443399047 40
0.2436069437738737 0.05787518075633179 40
0.24318252464552736 0.062338409194445756 40
0.24391234493789252 0.06745020526176528 40
0.2455876232913817 0.07292408151403527 40
0.244273169029433 0.07793446229580486 40
0.24474463548838332 0.08383760198274208 40
0.24547192266839815 0.08955781597959478 40
0.24669387685202462 0.09526040442514452 40
0.24842058259274608 0.10157048203434804 40
0.24550890053328936 0.10614855585621769 40
0.25024804600073813 0.11309924834849712 40
0.2508960427625139 0.11895362462196284 40
0.24973086055478946 0.1240875753916951 40
0.251031106268467 0.13162337029328258 40
0.25141746321954267 0.1382590692306531 40
0.25105820860141653 0.14464655044221628 40
0.2518075164972523 0.15170985282012237 40
0.25338733730463964 0.15883969273547227 40
0.25091855605008495 0.16577443216398768 40
0.25490539417332564 0.17412039464557183 40
0.2537028487299208 0.1813044369890489 40
0.2565341976345024 0.19068949984772585 40
0.25508221922826124 0.1986652926534739 40
0.25580869205917217 0.20763528705040712 40
0.2570979027951384 0.21674037500609186 40
0.25898299358397164 0.22672348105594356 40
0.2580464002982605 0.2367742245272517 40
0.25807667518933947 0.2475807932120199 40
0.2622577045663135 0.2590499371272587 40
0.26093124738667245 0.27145173416183377 40
0.2642922369368718 0.28403296693611635 40
0.2643697379249066 0.29748209259040653 40
0.26741254076725374 0.3117366189956415 40
0.26743261807996116 0.32771681653472223 40
0.2686212546333239 0.34286743914870604 40
0.2684787644341876 0.3620713274198398 40
0.2720073182675141 0.38060993862475595 40
0.27266286218192787 0.4014778488505987 40
0.2728865984500374 0.423296688910079 40
0.2765205116361815 0.4474270993078505 40
0.2802889059764305 0.4747663732895793 40
0.28081812787172256 0.5029880793338056 40
0.2849850620321486 0.536206892966733 40
0.2883855475782333 0.5728695871708859 40
0.2907780221988657 0.6136672134615039 40
0.3000810568479124 0.6594803023073759 40
0.3093013022363005 0.7093783518298761 40
0.31457684131477415 0.7696582939091741 40
0.3233554442604337 0.8415807202466891 40
0.3329472218671895 0.9258580013346744 40
0.3653706615288447 1.0 40
0.45851541791713996 0.998092312981672 40
0.5517218807428951 0.9961771824295977 40
0.6455607524991018 0.9930092521443341 40
0.7346983900337359 0.9916563753458214 40
0.8248992926445834 0.9924097419227065 40
0.9108770961524514 0.9929812713662434 40
1.0 0.9916678994328383 40
0.2537028487299208 0.1813044369890489 40
0.5682957176379398 0.9947721790382781 95
0.040316449447660024 0.35511624597172287 95
0.28081812787172256 0.5029880793338056 40
0.08308257622441806 0.004319864716181141 95
0.2642922369368718 0.28403296693611635 40
0.26743261807996116 0.32771681653472223 40
0.06710138948259271 0.13666461695644982 95
0.4560262184264749 0.9974180630089202 95
0.03349209773312896 0.41580488325525056 95
0.008061730901605543 0.7593648846381629 95
0.2436069437738737 0.05787518075633179 40
0.24547192266839815 0.08955781597959478 40
0.08308257622441806 0.004319864716181141 95
0.4560262184264749 0.9974180630089202 95
0.07714688623347468 0.054978010303993824 95
0.2455876232913817 0.07292408151403527 40
0.9108770961524514 0.9929812713662434 40
0.07083597522362271 0.08081759148728544 95
0.2508960427625139 0.11895362462196284 40
0.2642922369368718 0.28403296693611635 40
0.02750346190713173 0.5271087754053257 95
0.244273169029433 0.07793446229580486 40
0.251031106268467 0.13162337029328258 40
0.045709128391097614 0.336726333412746 95
0.011220115871243287 0.6482601846731204 95
0.25141746321954267 0.1382590692306531 40
0.07784371129844456 0.03849829707909884 95
0.07734811081157611 0.04880946704167981 95
0.06560847302089404 0.16627463063254022 95
0.25024804600073813 0.11309924834849712 40
0.2455876232913817 0.07292408151403527 40
0.033039860417845415 0.44011119980812297 95
0.07083597522362271 0.08081759148728544 95
0.07282507884941732 0.09896591929164952 95
0.25141746321954267 0.1382590692306531 40
0.28081812787172256 0.5029880793338056 40
0.05255378978555792 0.2406310813105769 95
0.2565341976345024 0.19068949984772585 40
0.045709128391097614 0.336726333412746 95
0.045709128391097614 0.336726333412746 95
0.7346983900337359 0.9916563753458214 40
0.25508221922826124 0.1986652926534739 40
0.0762969272943692 0.07085484258302865 95
0.019469928982925194 0.564059622092539 95
0.25580869205917217 0.20763528705040712 40
0.2537028487299208 0.1813044369890489 40
0.08901867513304655 0.023572317095227852 95
0.019469928982925194 0.564059622092539 95
0.045709128391097614 0.336726333412746 95
0.06075329704926649 0.20962671491782348 95
0.0762969272943692 0.07085484258302865 95
0.06546712617927712 0.15905948851169918 95
0.5517218807428951 0.9961771824295977 40
0.050558180559221726 0.2774784642624606 95
0.08901867513304655 0.023572317095227852 95
0.6712004417429436 1.0 95
0.6455607524991018 0.9930092521443341 40
0.25490539417332564 0.17412039464557183 40
0.03978666514764182 0.3735845571363007 95
0.009504604145338246 0.9910822316093266 95
0.25141746321954267 0.1382590692306531 40
0.011220115871243287 0.6482601846731204 95
0.7346983900337359 0.9916563753458214 40
0.3456223155913168 0.9957320740592045 95
0.009579167318377591 0.7006110603825514 95
0.08408815470380102 0.009671681890597595 95
0.2765205116361815 0.4474270993078505 40
0.06560847302089404 0.16627463063254022 95
0.24198158408181084 0.0469326245413694 40
0.05999444675808621 0.19134486102996112 95
0.006785830385985702 0.012996096290999378 40
0.24391234493789252 0.06745020526176528 40
0.24463572424535532 0.04244523753949244 40
0.07734811081157611 0.04880946704167981 95
0.2570979027951384 0.21674037500609186 40
0.045709128391097614 0.336726333412746 95
0.24547192266839815 0.08955781597959478 40
0.019469928982925194 0.564059622092539 95
0.033039860417845415 0.44011119980812297 95
0.2720073182675141 0.38060993862475595 40
0.12327268537298773 0.9924675632424083 95
0.05255378978555792 0.2406310813105769 95
0.07399508751558462 0.07539426301591082 95
0.2332883361176318 0.9942665420971384 95
0.2883855475782333 0.5728695871708859 40
0.040316449447660024 0.35511624597172287 95
0.008061730901605543 0.7593648846381629 95
0.0026415073162806687 0.8271522751826288 95
0.26743261807996116 0.32771681653472223 40
0.2436069437738737 0.05787518075633179 40
0.2684787644341876 0.3620713274198398 40
0.08308257622441806 0.004319864716181141 95
0.042340439143645325 0.3052924715304907 95
0.06546712617927712 0.15905948851169918 95
0.244273169029433 0.07793446229580486 40
0.040316449447660024 0.35511624597172287 95
0.06902766185498951 0.08630920239382504 95
0.052431294638793834 0.251831815763524 95
0.24391234493789252 0.06745020526176528 40
0.0026415073162806687 0.8271522751826288 95
0.0762969272943692 0.07085484258302865 95
0.07714688623347468 0.054978010303993824 95
0.25490539417332564 0.17412039464557183 40
0.009579167318377591 0.7006110603825514 95
0.08901867513304655 0.023572317095227852 95
0.4560262184264749 0.9974180630089202 95
0.2849850620321486 0.536206892966733 40
0.6455607524991018 0.9930092521443341 40
0.06546712617927712 0.15905948851169918 95
0.2728865984500374 0.423296688910079 40
0.24463572424535532 0.04244523753949244 40
0.02750346190713173 0.5271087754053257 95
0.2684787644341876 0.3620713274198398 40
0.45851541791713996 0.998092312981672 40
0.244273169029433 0.07793446229580486 40
0.784707371347851 0.9975470396051629 95
