0.41668964150846555 1.0 95
0.29687610878701937 0.9014088280004082 95
0.3858971311402658 0.8267230504321996 95
0.2968373336599149 0.751849201302605 95
0.17317335698565703 0.6858851495742307 95
0.27936998165626487 0.6324595470886653 95
0.2325573686755454 0.5823521303602909 95
0.19124638308960373 0.5365107941878957 95
0.2169024155888327 0.4949920862827002 95
0.17677814808353495 0.45590126409572646 95
0.2501858390876052 0.4228137610685293 95
0.21479587819861293 0.3892176109086081 95
0.12541448299113198 0.3586635235206729 95
0.13368202439400179 0.3304683621277438 95
0.1582101277727784 0.30527175765681447 95
0.1477278716488765 0.2812715717306414 95
0.011765543679072621 0.25487460794455347 95
0.13045338636473422 0.23566673309649216 95
0.02588864021891113 0.21458544341213426 95
0.0 0.1941870178684523 95
0.010819975095324048 0.17551771627688517 95
0.9187435047541548 0.17102808085280077 95
0.1381850657559808 0.14367915583565988 95
0.16389590408211457 0.12816465198061203 95
0.30028350172713125 0.11341426070042038 95
0.4630064069735548 0.09977390786423082 95
0.5028058033083311 0.08548789816982011 95
0.556434434440486 0.07243611614504555 95
0.6015792710693226 0.0590839673355063 95
0.6563612318998411 0.04739336075260433 95
0.7460750008408138 0.03497628739084638 95
0.8622748744093194 0.02292246537045491 95
0.8881753790112372 0.011715098472174725 95
1.0 0.0 95
0.41668964150846555 1.0 40
0.29687610878701937 0.9014088280004082 40
0.3858971311402658 0.8267230504321996 40
0.2968373336599149 0.751849201302605 40
0.17317335698565703 0.6858851495742307 40
0.27936998165626487 0.6324595470886653 40
0.2325573686755454 0.5823521303602909 40
0.19124638308960373 0.5365107941878957 40
0.2169024155888327 0.4949920862827002 40
0.17677814808353495 0.45590126409572646 40
0.2501858390876052 0.4228137610685293 40
0.21479587819861293 0.3892176109086081 40
0.12541448299113198 0.3586635235206729 40
0.13368202439400179 0.3304683621277438 40
0.1582101277727784 0.30527175765681447 40
0.1477278716488765 0.2812715717306414 40
0.011765543679072621 0.25487460794455347 40
0.13045338636473422 0.23566673309649216 40
0.02588864021891113 0.21458544341213426 40
0.0 0.1941870178684523 40
0.010819975095324048 0.17551771627688517 40
0.9187435047541548 0.17102808085280077 40
0.1381850657559808 0.14367915583565988 40
0.16389590408211457 0.12816465198061203 40
0.30028350172713125 0.11341426070042038 40
0.4630064069735548 0.09977390786423082 40
0.5028058033083311 0.08548789816982011 40
0.556434434440486 0.07243611614504555 40
0.6015792710693226 0.0590839673355063 40
0.6563612318998411 0.04739336075260433 40
0.7460750008408138 0.03497628739084638 40
0.8622748744093194 0.02292246537045491 40
0.8881753790112372 0.011715098472174725 40
1.0 0.0 40
0.16389590408211457 0.12816465198061203 40
0.2968373336599149 0.751849201302605 40
0.6015792710693226 0.0590839673355063 95
0.2968373336599149 0.751849201302605 40
1.0 0.0 95
0.19124638308960373 0.5365107941878957 40
0.29687610878701937 0.9014088280004082 40
0.0 0.1941870178684523 95
0.6015792710693226 0.0590839673355063 40
0.5028058033083311 0.08548789816982011 95
0.17317335698565703 0.6858851495742307 95
0.2501858390876052 0.4228137610685293 40
0.13368202439400179 0.3304683621277438 95
0.02588864021891113 0.21458544341213426 40
0.7460750008408138 0.03497628739084638 95
0.010819975095324048 0.17551771627688517 95
1.0 0.0 95
0.1477278716488765 0.2812715717306414 95
0.30028350172713125 0.11341426070042038 95
0.556434434440486 0.07243611614504555 95
0.13368202439400179 0.3304683621277438 40
0.556434434440486 0.07243611614504555 40
0.011765543679072621 0.25487460794455347 95
1.0 0.0 95
0.30028350172713125 0.11341426070042038 40
0.16389590408211457 0.12816465198061203 40
0.1381850657559808 0.14367915583565988 95
0.6015792710693226 0.0590839673355063 95
0.8622748744093194 0.02292246537045491 40
0.6015792710693226 0.0590839673355063 40
0.2968373336599149 0.751849201302605 95
0.010819975095324048 0.17551771627688517 95
0.41668964150846555 1.0 40
0.29687610878701937 0.9014088280004082 40
0.2968373336599149 0.751849201302605 95
0.8622748744093194 0.02292246537045491 40
0.12541448299113198 0.3586635235206729 95
0.556434434440486 0.07243611614504555 40
1.0 0.0 40
0.2169024155888327 0.4949920862827002 95
0.29687610878701937 0.9014088280004082 40
0.3858971311402658 0.8267230504321996 40
0.16389590408211457 0.12816465198061203 95
0.02588864021891113 0.21458544341213426 95
0.13368202439400179 0.3304683621277438 95
0.2968373336599149 0.751849201302605 40
0.5028058033083311 0.08548789816982011 40
1.0 0.0 95
0.1381850657559808 0.14367915583565988 40
0.8622748744093194 0.02292246537045491 95
0.21479587819861293 0.3892176109086081 95
0.16389590408211457 0.12816465198061203 40
0.1477278716488765 0.2812715717306414 40
0.13368202439400179 0.3304683621277438 40
0.010819975095324048 0.17551771627688517 40
1.0 0.0 40
0.6563612318998411 0.04739336075260433 95
1.0 0.0 95
0.2968373336599149 0.751849201302605 95
0.17677814808353495 0.45590126409572646 95
