0.08354329052055087 0.0 95
0.08324058160561333 0.0038065618769312273 95
0.08574942153397966 0.010127052756670626 95
0.08255038625377195 0.014225099868523012 95
0.08497375568674176 0.018706460448984875 95
0.07967328382493179 0.02462376587869849 95
0.07837660546851541 0.029738102608695485 95
0.07901899990037675 0.034171342005946036 95
0.07696078382125972 0.03874506566145348 95
0.07739190703778799 0.044774091974497075 95
0.07756168856372635 0.049900911703150724 95
0.07720478067610521 0.055239775474070975 95
0.07562579014615785 0.06073041790588324 95
0.07568639342384718 0.06510972069438159 95
0.07528682100313058 0.07113177904824314 95
0.07387647206834186 0.07695038105719684 95
0.07369857079884348 0.08197029659221043 95
0.07391846366109593 0.08840728793323568 95
0.07297206680566366 0.09355922966687784 95
0.06957676136541222 0.09899720709253265 95
0.07151819883278211 0.10565759530440721 95
0.06946666941652169 0.11121997709638466 95
0.06976195339363313 0.11724093807222621 95
0.07069036563586899 0.12466246149833031 95
0.07079059203020867 0.13120569294105447 95
0.06978108903407416 0.1381772995265807 95
0.06777470916871779 0.14534844818863707 95
0.06667844658745112 0.15234839547031162 95
0.06256122121134512 0.159435223783824 95
0.06632516429104099 0.1676796857446404 95
0.06619783500664125 0.1761491977815345 95
0.06150126023116074 0.18429292086379997 95
0.0626768588853336 0.1935129877866068 95
0.057394640073082245 0.20158726849468384 95
0.060498672042596284 0.21163644455974806 95
0.05680818264947191 0.22152951826296904 95
0.058301843813527036 0.23193232997569976 95
0.056659304754332666 0.24337614269196012 95
0.05530124988887656 0.25465964051125667 95
0.05003709609568469 0.266862582601329 95
0.048600380901401626 0.27991457077252174 95
0.05038085370319254 0.29363583076545047 95
0.04822976318132863 0.30822624095680046 95
0.04396239269182262 0.3233144152783882 95
0.04602926154530535 0.34046985778213723 95
0.038817720252093256 0.358575404886033 95
0.03533486359963391 0.37845321621078987 95
0.03670497280635463 0.3990221430730949 95
0.03298127306407198 0.4212850211818156 95
0.027948867794992473 0.44601915406749926 95
0.029181339484803805 0.47305473346734167 95
0.02829117021020484 0.5017497955859102 95
0.026496395269752164 0.5351384227969901 95
0.01634205683774528 0.5729562162384074 95
0.012825284869494365 0.6140827719061507 95
0.009908118825517358 0.661215719135828 95
0.014913414538484387 0.7121317122569008 95
0.010276431999964796 0.774514137839274 95
0.0099049532624152 0.8445295301660796 95
0.0 0.931472924093124 95
0.03855342146911572 0.9933298191788726 95
0.1446805779942428 0.9933879793371253 95
0.2543622688398051 0.9957660042783831 95
0.359029457759074 0.9975279061211147 95
0.468814314291281 0.9984707758890723 95
0.5741350539152384 1.0 95
0.6811704924680294 0.9962137581137087 95
0.7892677303372151 0.9982400632285291 95
0.8941014904421916 0.9982586392278391 95
1.0 0.9987259324597028 95
0.0 0.0 40
0.005417178013172277 0.007654871751017598 40
0.24845371082191492 0.016791923740163524 40
0.24988741119176386 0.022244426413305658 40
0.2543542957078515 0.028060380564082173 40
0.25429970770440974 0.03214502284163677 40
0.253571354654786 0.03640981842910249 40
0.2514253457596265 0.04252630491372202 40
0.2523420891594078 0.047644083460982 40
0.25291403199678864 0.05253034973611032 40
0.25448625398209007 0.05788946502637304 40
0.25356157977842214 0.06225948421992036 40
0.25401656964218794 0.0673981606034335 40
0.25445718297730063 0.07261371874412131 40
0.2571612748526702 0.0782094905944517 40
0.2543269243980362 0.08374428690271443 40
0.2571214251626794 0.08979536568745684 40
0.25622702276318765 0.09486964711298222 40
0.25734925815000853 0.10135902107926573 40
0.2577922590197184 0.1069299133296086 40
0.2583927465918834 0.11320122742855702 40
0.2593795887589288 0.11911659795952917 40
0.26244423994048566 0.1264238000033289 40
0.26424884455782294 0.1326954916766603 40
0.2645059190145828 0.13941126326729525 40
0.2609475643800688 0.14531656581682592 40
0.26065061909081344 0.15264420923252484 40
0.26298314769521464 0.16081180993300462 40
0.2641969649173401 0.16751963534358483 40
0.26496377767222123 0.17583335178329218 40
0.2664379982168056 0.18412138233721292 40
0.26466620484706477 0.19235522980890601 40
0.267293539579048 0.20094651623283077 40
0.26761817963581164 0.2099346908016536 40
0.2705434762640382 0.22046428496656445 40
0.26762153495837737 0.23002086053783405 40
0.27047864497451907 0.2415545520951131 40
0.2701009582640301 0.25148780957409983 40
0.270495464231311 0.26317250287712307 40
0.2746124218902492 0.27586269149851456 40
0.27312452563785955 0.28852201010919687 40
0.2765328205410676 0.3029999623255698 40
0.27777694826281474 0.31804371547520194 40
0.2764471627867996 0.33443400474515705 40
0.27781270321543544 0.3508584235730983 40
0.28135701191474016 0.37022083936880745 40
0.2826534430214506 0.3898147397401637 40
0.2856412700136935 0.4114064752868815 40
0.28725475772583325 0.43458472735278375 40
0.2908849732700868 0.45957018330571253 40
0.29116393431817084 0.48816520041794176 40
0.29318804005417276 0.5192184294003982 40
0.3003205723988578 0.5532757148353128 40
0.30505662763380165 0.5922413561914265 40
0.3070748056867028 0.635351626442653 40
0.31620233273740234 0.6863452133823875 40
0.32428119487989704 0.74092031699764 40
0.33200772956823327 0.8058499148874823 40
0.3406176739926298 0.8841115916208919 40
0.35553581653764466 0.9764293001721067 40
0.4355517218797475 0.9986700337808646 40
0.5305548598836164 1.0 40
0.6269750002475538 0.9925605574179143 40
0.7217819916629291 0.993468048002452 40
0.8134027481191229 0.9931979847914245 40
0.9068764718404503 0.9928379322415082 40
1.0 0.993591612692795 40
0.06667844658745112 0.15234839547031162 95
0.3406176739926298 0.8841115916208919 40
0.25429970770440974 0.03214502284163677 40
0.26761817963581164 0.2099346908016536 40
0.9068764718404503 0.9928379322415082 40
0.6811704924680294 0.9962137581137087 95
0.06619783500664125 0.1761491977815345 95
0.08574942153397966 0.010127052756670626 95
0.009908118825517358 0.661215719135828 95
0.24988741119176386 0.022244426413305658 40
0.2593795887589288 0.11911659795952917 40
0.2514253457596265 0.04252630491372202 40
0.07297206680566366 0.09355922966687784 95
0.0 0.931472924093124 95
0.08324058160561333 0.0038065618769312273 95
0.06957676136541222 0.09899720709253265 95
0.08574942153397966 0.010127052756670626 95
0.06619783500664125 0.1761491977815345 95
0.7217819916629291 0.993468048002452 40
0.07696078382125972 0.03874506566145348 95
0.25734925815000853 0.10135902107926573 40
0.07967328382493179 0.02462376587869849 95
0.07720478067610521 0.055239775474070975 95
0.26298314769521464 0.16081180993300462 40
0.03533486359963391 0.37845321621078987 95
0.2645059190145828 0.13941126326729525 40
0.0 0.0 40
0.05038085370319254 0.29363583076545047 95
0.253571354654786 0.03640981842910249 40
0.2514253457596265 0.04252630491372202 40
0.07151819883278211 0.10565759530440721 95
0.2543622688398051 0.9957660042783831 95
0.01634205683774528 0.5729562162384074 95
0.07739190703778799 0.044774091974497075 95
0.07901899990037675 0.034171342005946036 95
0.7892677303372151 0.9982400632285291 95
0.07079059203020867 0.13120569294105447 95
0.6269750002475538 0.9925605574179143 40
1.0 0.9987259324597028 95
1.0 0.9987259324597028 95
0.26762153495837737 0.23002086053783405 40
0.07967328382493179 0.02462376587869849 95
0.07720478067610521 0.055239775474070975 95
0.2701009582640301 0.25148780957409983 40
0.26761817963581164 0.2099346908016536 40
0.2543542957078515 0.028060380564082173 40
0.25356157977842214 0.06225948421992036 40
0.07297206680566366 0.09355922966687784 95
0.7217819916629291 0.993468048002452 40
0.03533486359963391 0.37845321621078987 95
0.06667844658745112 0.15234839547031162 95
0.2765328205410676 0.3029999623255698 40
0.26496377767222123 0.17583335178329218 40
0.05038085370319254 0.29363583076545047 95
0.07901899990037675 0.034171342005946036 95
0.027948867794992473 0.44601915406749926 95
0.1446805779942428 0.9933879793371253 95
0.005417178013172277 0.007654871751017598 40
0.2664379982168056 0.18412138233721292 40
0.31620233273740234 0.6863452133823875 40
0.07391846366109593 0.08840728793323568 95
0.1446805779942428 0.9933879793371253 95
0.07720478067610521 0.055239775474070975 95
0.5305548598836164 1.0 40
0.027948867794992473 0.44601915406749926 95
0.07069036563586899 0.12466246149833031 95
0.26466620484706477 0.19235522980890601 40
0.2641969649173401 0.16751963534358483 40
0.05003709609568469 0.266862582601329 95
1.0 0.9987259324597028 95
0.07901899990037675 0.034171342005946036 95
0.07739190703778799 0.044774091974497075 95
0.24845371082191492 0.016791923740163524 40
0.06632516429104099 0.1676796857446404 95
0.2765328205410676 0.3029999623255698 40
0.07967328382493179 0.02462376587869849 95
0.0 0.931472924093124 95
0.26496377767222123 0.17583335178329218 40
0.08497375568674176 0.018706460448984875 95
0.3003205723988578 0.5532757148353128 40
0.2826534430214506 0.3898147397401637 40
0.3003205723988578 0.5532757148353128 40
1.0 0.9987259324597028 95
0.30505662763380165 0.5922413561914265 40
0.012825284869494365 0.6140827719061507 95
0.08497375568674176 0.018706460448984875 95
0.27047864497451907 0.2415545520951131 40
0.2543622688398051 0.9957660042783831 95
0.06667844658745112 0.15234839547031162 95
0.05003709609568469 0.266862582601329 95
0.2641969649173401 0.16751963534358483 40
0.2577922590197184 0.1069299133296086 40
0.2856412700136935 0.4114064752868815 40
0.2664379982168056 0.18412138233721292 40
0.27312452563785955 0.28852201010919687 40
0.27777694826281474 0.31804371547520194 40
1.0 0.9987259324597028 95
0.06976195339363313 0.11724093807222621 95
0.0099049532624152 0.8445295301660796 95
0.0626768588853336 0.1935129877866068 95
0.27777694826281474 0.31804371547520194 40
0.9068764718404503 0.9928379322415082 40
0.0 0.0 40
0.07079059203020867 0.13120569294105447 95
0.267293539579048 0.20094651623283077 40
0.04602926154530535 0.34046985778213723 95
0.2641969649173401 0.16751963534358483 40
0.07901899990037675 0.034171342005946036 95
0.010276431999964796 0.774514137839274 95
0.03855342146911572 0.9933298191788726 95
0.2593795887589288 0.11911659795952917 40
0.06978108903407416 0.1381772995265807 95
0.03670497280635463 0.3990221430730949 95
0.25448625398209007 0.05788946502637304 40
0.06150126023116074 0.18429292086379997 95
0.26244423994048566 0.1264238000033289 40
0.027948867794992473 0.44601915406749926 95
0.25448625398209007 0.05788946502637304 40
0.4355517218797475 0.9986700337808646 40
