0.17910865319528355 1.0 95
0.24220361913306887 0.9081584886720703 95
0.13916555058433924 0.8220379657435983 95
0.14311696230013188 0.749829965582334 95
0.09233810920431532 0.6847432621764318 95
0.04898336025280247 0.6259698164470269 95
0.13147828939253914 0.5778256789265077 95
0.10777441634873049 0.5319204183102381 95
0.03777876431003105 0.4901565090965613 95
0.12429504574807791 0.45205291481034693 95
0.04365563925269403 0.4171576295984729 95
0.12172883206163068 0.38664626952871134 95
0.06447594658510823 0.35634380793210546 95
0.14960140515580359 0.33063296286250554 95
0.10306505279582942 0.30451714878228936 95
0.08806515704574185 0.2810075617498305 95
0.13187245007648707 0.2581240110144846 95
0.00828505362274753 0.2359451605610929 95
0.05198190630872194 0.21588978137385165 95
0.010903767268109326 0.1964699782082974 95
0.026313711619039695 0.1793824864741916 95
0.0 0.1622332160330569 95
1.0 0.161364403043982 95
0.10352851585703923 0.1316294614744038 95
0.17867897986131448 0.11814325006242707 95
0.27201198480115535 0.10519906139039056 95
0.32390397019266826 0.09230729555309643 95
0.3493994434077739 0.07936798739414357 95
0.42399550474797326 0.0675449090401109 95
0.4967045250270099 0.05531707091822742 95
0.5233393305118318 0.04377902153140229 95
0.574251204170275 0.032515665886527115 95
0.6165361698294789 0.022227542494896137 95
0.6256641432938865 0.010475747541156955 95
0.724861379063191 0.0 95
0.17910865319528355 1.0 40
0.24220361913306887 0.9081584886720703 40
0.13916555058433924 0.8220379657435983 40
0.14311696230013188 0.749829965582334 40
0.09233810920431532 0.6847432621764318 40
0.04898336025280247 0.6259698164470269 40
0.13147828939253914 0.5778256789265077 40
0.10777441634873049 0.5319204183102381 40
0.03777876431003105 0.4901565090965613 40
0.12429504574807791 0.45205291481034693 40
0.04365563925269403 0.4171576295984729 40
0.12172883206163068 0.38664626952871134 40
0.06447594658510823 0.35634380793210546 40
0.14960140515580359 0.33063296286250554 40
0.10306505279582942 0.30451714878228936 40
0.08806515704574185 0.2810075617498305 40
0.13187245007648707 0.2581240110144846 40
0.00828505362274753 0.2359451605610929 40
0.05198190630872194 0.21588978137385165 40
0.010903767268109326 0.1964699782082974 40
0.026313711619039695 0.1793824864741916 40
0.0 0.1622332160330569 40
1.0 0.161364403043982 40
0.10352851585703923 0.1316294614744038 40
0.17867897986131448 0.11814325006242707 40
0.27201198480115535 0.10519906139039056 40
0.32390397019266826 0.09230729555309643 40
0.3493994434077739 0.07936798739414357 40
0.42399550474797326 0.0675449090401109 40
0.4967045250270099 0.05531707091822742 40
0.5233393305118318 0.04377902153140229 40
0.574251204170275 0.032515665886527115 40
0.6165361698294789 0.022227542494896137 40
0.6256641432938865 0.010475747541156955 40
0.724861379063191 0.0 40
0.4967045250270099 0.05531707091822742 95
0.17910865319528355 1.0 40
0.13916555058433924 0.8220379657435983 40
0.24220361913306887 0.9081584886720703 40
0.13187245007648707 0.2581240110144846 40
0.13916555058433924 0.8220379657435983 95
0.12429504574807791 0.45205291481034693 95
0.574251204170275 0.032515665886527115 95
0.724861379063191 0.0 95
0.24220361913306887 0.9081584886720703 40
0.12172883206163068 0.38664626952871134 40
0.04898336025280247 0.6259698164470269 40
0.10352851585703923 0.1316294614744038 40
0.0 0.1622332160330569 40
0.724861379063191 0.0 40
0.05198190630872194 0.21588978137385165 95
0.27201198480115535 0.10519906139039056 95
0.12429504574807791 0.45205291481034693 95
0.00828505362274753 0.2359451605610929 95
0.3493994434077739 0.07936798739414357 95
0.13916555058433924 0.8220379657435983 95
0.13147828939253914 0.5778256789265077 40
0.12429504574807791 0.45205291481034693 95
0.10777441634873049 0.5319204183102381 95
0.6165361698294789 0.022227542494896137 95
0.3493994434077739 0.07936798739414357 40
0.04898336025280247 0.6259698164470269 95
1.0 0.161364403043982 40
0.17867897986131448 0.11814325006242707 40
0.12172883206163068 0.38664626952871134 40
0.10777441634873049 0.5319204183102381 95
0.574251204170275 0.032515665886527115 95
0.17910865319528355 1.0 95
0.08806515704574185 0.2810075617498305 95
0.09233810920431532 0.6847432621764318 40
0.724861379063191 0.0 95
0.10352851585703923 0.1316294614744038 40
0.13187245007648707 0.2581240110144846 95
0.04898336025280247 0.6259698164470269 95
0.6165361698294789 0.022227542494896137 40
0.17867897986131448 0.11814325006242707 95
0.3493994434077739 0.07936798739414357 40
0.09233810920431532 0.6847432621764318 95
0.09233810920431532 0.6847432621764318 95
0.09233810920431532 0.6847432621764318 40
0.12429504574807791 0.45205291481034693 95
0.14960140515580359 0.33063296286250554 40
0.13187245007648707 0.2581240110144846 95
0.5233393305118318 0.04377902153140229 40
0.574251204170275 0.032515665886527115 95
0.03777876431003105 0.4901565090965613 95
0.6165361698294789 0.022227542494896137 95
0.010903767268109326 0.1964699782082974 95
0.4967045250270099 0.05531707091822742 40
0.32390397019266826 0.09230729555309643 95
0.27201198480115535 0.10519906139039056 40
0.06447594658510823 0.35634380793210546 95
1.0 0.161364403043982 95
