0.5209760053323574 1.0 95
0.2933795573879578 0.8990873208861064 95
0.4027463677697508 0.8233163986977506 95
0.2348087511511746 0.7482493446792854 95
0.21876050572800962 0.6856951760658072 95
0.27710514657312124 0.6295453890980701 95
0.22236126096656245 0.5793504617258323 95
0.10225641967285835 0.5311526126705822 95
0.21826570373835075 0.49164866348701314 95
0.19178025891590164 0.4530714210483356 95
0.21921427747238534 0.419894269563151 95
0.18498155177048875 0.3871849270359206 95
0.1151840094520286 0.35549979009448457 95
0.1874227945526257 0.3292756758988958 95
0.14570782191973555 0.3038477391523327 95
0.18338197583875976 0.2785970652623532 95
0.08919631253942005 0.2550737475786697 95
0.15472937894917893 0.2348213399297625 95
0.0690539637679163 0.21387169665077455 95
0.0021082861687827022 0.19277148466949812 95
0.0 0.17444362002563035 95
0.824850480698594 0.1686714212879885 95
0.1830531157580956 0.1424920267476596 95
0.259599235989851 0.12710469011768302 95
0.2871041901621637 0.11263067424289566 95
0.43312571912697057 0.09922434596246624 95
0.525905142354804 0.08585995212051566 95
0.5927480107072117 0.07250232425639548 95
0.571955290091263 0.05831936177460493 95
0.6413224603407617 0.046687634573755764 95
0.7580007253820935 0.03528873502904948 95
0.849801071827698 0.02268651864467832 95
0.8899364597554674 0.011791927189424492 95
1.0 0.0 95
0.5209760053323574 1.0 40
0.2933795573879578 0.8990873208861064 40
0.4027463677697508 0.8233163986977506 40
0.2348087511511746 0.7482493446792854 40
0.21876050572800962 0.6856951760658072 40
0.27710514657312124 0.6295453890980701 40
0.22236126096656245 0.5793504617258323 40
0.10225641967285835 0.5311526126705822 40
0.21826570373835075 0.49164866348701314 40
0.19178025891590164 0.4530714210483356 40
0.21921427747238534 0.419894269563151 40
0.18498155177048875 0.3871849270359206 40
0.1151840094520286 0.35549979009448457 40
0.1874227945526257 0.3292756758988958 40
0.14570782191973555 0.3038477391523327 40
0.18338197583875976 0.2785970652623532 40
0.08919631253942005 0.2550737475786697 40
0.15472937894917893 0.2348213399297625 40
0.0690539637679163 0.21387169665077455 40
0.0021082861687827022 0.19277148466949812 40
0.0 0.17444362002563035 40
0.824850480698594 0.1686714212879885 40
0.1830531157580956 0.1424920267476596 40
0.259599235989851 0.12710469011768302 40
0.2871041901621637 0.11263067424289566 40
0.43312571912697057 0.09922434596246624 40
0.525905142354804 0.08585995212051566 40
0.5927480107072117 0.07250232425639548 40
0.571955290091263 0.05831936177460493 40
0.6413224603407617 0.046687634573755764 40
0.7580007253820935 0.03528873502904948 40
0.849801071827698 0.02268651864467832 40
0.8899364597554674 0.011791927189424492 40
1.0 0.0 40
0.19178025891590164 0.4530714210483356 95
0.2871041901621637 0.11263067424289566 40
0.0 0.17444362002563035 95
0.27710514657312124 0.6295453890980701 95
0.08919631253942005 0.2550737475786697 95
0.2933795573879578 0.8990873208861064 95
0.21826570373835075 0.49164866348701314 95
0.4027463677697508 0.8233163986977506 40
0.525905142354804 0.08585995212051566 95
0.21826570373835075 0.49164866348701314 40
0.5209760053323574 1.0 40
0.2933795573879578 0.8990873208861064 95
0.14570782191973555 0.3038477391523327 40
0.5209760053323574 1.0 40
0.7580007253820935 0.03528873502904948 95
0.1874227945526257 0.3292756758988958 95
0.2348087511511746 0.7482493446792854 40
0.1830531157580956 0.1424920267476596 95
0.18498155177048875 0.3871849270359206 95
0.849801071827698 0.02268651864467832 40
0.19178025891590164 0.4530714210483356 40
0.849801071827698 0.02268651864467832 40
0.15472937894917893 0.2348213399297625 40
0.2348087511511746 0.7482493446792854 40
0.15472937894917893 0.2348213399297625 40
0.824850480698594 0.1686714212879885 40
0.1874227945526257 0.3292756758988958 40
0.0690539637679163 0.21387169665077455 95
1.0 0.0 40
0.525905142354804 0.08585995212051566 40
0.571955290091263 0.05831936177460493 40
0.0690539637679163 0.21387169665077455 95
0.18338197583875976 0.2785970652623532 95
0.6413224603407617 0.046687634573755764 95
0.10225641967285835 0.5311526126705822 40
0.21826570373835075 0.49164866348701314 40
0.8899364597554674 0.011791927189424492 40
0.21921427747238534 0.419894269563151 40
0.824850480698594 0.1686714212879885 95
0.6413224603407617 0.046687634573755764 40
0.8899364597554674 0.011791927189424492 95
0.0 0.17444362002563035 95
0.18498155177048875 0.3871849270359206 95
0.1151840094520286 0.35549979009448457 95
0.22236126096656245 0.5793504617258323 40
0.0690539637679163 0.21387169665077455 95
0.21921427747238534 0.419894269563151 40
0.2933795573879578 0.8990873208861064 95
0.7580007253820935 0.03528873502904948 40
0.8899364597554674 0.011791927189424492 95
0.18498155177048875 0.3871849270359206 40
0.0021082861687827022 0.19277148466949812 40
0.259599235989851 0.12710469011768302 95
0.525905142354804 0.08585995212051566 40
0.22236126096656245 0.5793504617258323 40
0.2348087511511746 0.7482493446792854 95
0.0690539637679163 0.21387169665077455 40
0.849801071827698 0.02268651864467832 40
0.824850480698594 0.1686714212879885 95
0.7580007253820935 0.03528873502904948 95
