0.084883744210968 0.0 95
0.08306698441917668 0.005508015233183322 95
0.08572528866338958 0.010459514894665223 95
0.0853040185625235 0.014704620160457331 95
0.09163547276324373 0.020844891793000676 95
0.07875439108426505 0.025006869013556175 95
0.08107824471097312 0.031104482169325823 95
0.07920453601554416 0.03535997750380362 95
0.07894739441825084 0.040196014793031865 95
0.07605684282287095 0.044655927056272984 95
0.07853941297560321 0.05155604411919194 95
0.0778778678447374 0.056401945201184266 95
0.07643125367545554 0.060853830440476 95
0.07433409071052735 0.06599452763425848 95
0.07493861968079431 0.0716148291359269 95
0.07584778960340625 0.07823492888015073 95
0.07562506618782161 0.08419862104122681 95
0.07268418347175949 0.08886793425426744 95
0.07130387043327865 0.09510859615913589 95
0.07508675027024848 0.10168733815186148 95
0.0741248603294403 0.10781298051781694 95
0.07186169569909205 0.11348366070572202 95
0.06964867109228542 0.11983687661775377 95
0.07264609132863875 0.1269813064482117 95
0.06848461045620748 0.13249214337799806 95
0.06728924492075661 0.13985031211706805 95
0.06697580096732791 0.14723546581188704 95
0.06621479181609302 0.15521090454678033 95
0.0630407270411971 0.16227845451806852 95
0.06421843525731341 0.1707880988831218 95
0.0626631055623642 0.17901156160973308 95
0.058612606745577264 0.18729008598109131 95
0.06360871621983703 0.19686682770672922 95
0.062112421234403685 0.20615127677371006 95
0.05511896364327026 0.2154741953540852 95
0.05547901909892718 0.22556746061630684 95
0.05624904490816292 0.2372421585364992 95
0.05536360942289942 0.24817109761084016 95
0.04954413709848907 0.26005383060413 95
0.05181637014345671 0.27241891147849334 95
0.051422004518811786 0.2865981740350296 95
0.04545978130786324 0.3005513173812245 95
0.04479600430444239 0.31631673374316527 95
0.04351814152431933 0.33260022190552535 95
0.04250410600134461 0.3495281857295551 95
0.03619891479223793 0.3681962140580777 95
0.03710366781684787 0.3885196389346354 95
0.035653487300149174 0.41071369399699004 95
0.03373185078757619 0.4341894954841589 95
0.033916181108803595 0.4598326054221707 95
0.02715917709961094 0.48841172591687326 95
0.020579054859354094 0.5212349559288889 95
0.02078223533730199 0.5566641878193832 95
0.017169025153574678 0.596598722684073 95
0.0075996526487252655 0.6417712311191194 95
0.010505396615848143 0.6915608544851553 95
0.010807354955527143 0.7486202090577475 95
0.009311909304321115 0.8136986005030804 95
0.0015261465291239585 0.8961207233080599 95
0.0 0.9872921937493155 95
0.11199094511958549 0.9927955590447026 95
0.22208461093795226 0.9944776419775501 95
0.3344931618996658 0.9958384151765374 95
0.44371551528237696 0.9972543416934445 95
0.5536949392322728 0.9990038750914587 95
0.6676955154960866 1.0 95
0.7807070275495118 0.9991284169378908 95
0.8868629995809949 0.9976287246689468 95
1.0 0.9987535239788743 95
0.0 0.0 40
7.098076092658562e-05 0.005631032778637142 40
0.0015838894148326467 0.011172973253650976 40
0.2304968260008591 0.01653768114731682 40
0.23636983387268798 0.021825211354721034 40
0.2334621917471749 0.02627014773324185 40
0.23380963424953508 0.032029018040802014 40
0.2331555458311461 0.03564737937505872 40
0.23432584124863143 0.04127047966232828 40
0.23409450237027613 0.046494519493002845 40
0.23389456079537904 0.05129308998826294 40
0.2345394150982052 0.057008378540089055 40
0.23414609254949828 0.061390180780482057 40
0.23594191904911038 0.06683093465677657 40
0.23523317099380295 0.07207595872172912 40
0.23578369495182497 0.0767578225722242 40
0.2343639659525087 0.08246223537753569 40
0.2370772152574994 0.08833924214455509 40
0.23728345306329435 0.09408234034911335 40
0.23630324177212597 0.09954392766493601 40
0.23873888698789844 0.10623707081111512 40
0.24044133422216057 0.11253122387048273 40
0.24050845523061262 0.11863225532192877 40
0.24033613394764897 0.12415234497776068 40
0.24201046995876913 0.13052719085170847 40
0.24183116170188163 0.13742167626773633 40
0.2409243772696783 0.14382604975354588 40
0.24116212496487216 0.15116728970310167 40
0.2451345956214866 0.15933848394972225 40
0.24359876188279353 0.16630321930334083 40
0.2465416291880639 0.17472369092477918 40
0.24358467936307182 0.18258733970795538 40
0.2460755242267748 0.19064609551766104 40
0.24734990512002208 0.19935755445309308 40
0.2477094073157205 0.2085974734623308 40
0.24990112361860894 0.21809969218744374 40
0.24873941253737739 0.2280789417078018 40
0.24831316214147253 0.23805571355357652 40
0.25067247526927566 0.24972463325102 40
0.2536327132211123 0.2612832912885753 40
0.2529484661939955 0.27345504354532657 40
0.2541272614399012 0.2871585305890455 40
0.25323256240061653 0.2999352729906741 40
0.25531297598355723 0.31471852200915174 40
0.2541598989103819 0.33037957640268856 40
0.25633874897300735 0.34782187066059994 40
0.26053881150887326 0.3659572911035091 40
0.25841503528280196 0.3864028043591675 40
0.26103928140453414 0.40712329617843257 40
0.2660769128566426 0.42929472193037577 40
0.2661559341949862 0.4544196603640999 40
0.2702485204033753 0.48247456697999125 40
0.2682690456232378 0.5134948441280015 40
0.27264382233100654 0.5469869646163188 40
0.2783080060224743 0.5838348331547464 40
0.28317200808047227 0.6259993569493849 40
0.28714520765477297 0.6747367503811861 40
0.29745248649385486 0.7282171308010522 40
0.3079834858156294 0.7906401318707234 40
0.3146478917672641 0.8675357108255511 40
0.323668755601537 0.95565300171112 40
0.3822116514670755 1.0 40
0.4695366412553817 0.9997363948471303 40
0.5601985957048609 0.9975011403115216 40
0.6508322694118398 0.9956655754751612 40
0.7354789092294952 0.9945216492349953 40
0.823501481122825 0.9944363304412853 40
0.9102855439253089 0.9944727716485386 40
1.0 0.9935429197725956 40
0.23523317099380295 0.07207595872172912 40
0.24050845523061262 0.11863225532192877 40
0.04351814152431933 0.33260022190552535 95
0.24050845523061262 0.11863225532192877 40
0.3146478917672641 0.8675357108255511 40
0.05547901909892718 0.22556746061630684 95
0.23380963424953508 0.032029018040802014 40
0.3079834858156294 0.7906401318707234 40
0.035653487300149174 0.41071369399699004 95
0.062112421234403685 0.20615127677371006 95
0.07508675027024848 0.10168733815186148 95
0.11199094511958549 0.9927955590447026 95
0.03710366781684787 0.3885196389346354 95
0.2541272614399012 0.2871585305890455 40
0.03710366781684787 0.3885196389346354 95
0.07605684282287095 0.044655927056272984 95
0.05181637014345671 0.27241891147849334 95
0.23409450237027613 0.046494519493002845 40
0.0015261465291239585 0.8961207233080599 95
0.07130387043327865 0.09510859615913589 95
0.23409450237027613 0.046494519493002845 40
0.05536360942289942 0.24817109761084016 95
0.7807070275495118 0.9991284169378908 95
0.03373185078757619 0.4341894954841589 95
0.23432584124863143 0.04127047966232828 40
0.08107824471097312 0.031104482169325823 95
0.7807070275495118 0.9991284169378908 95
0.08306698441917668 0.005508015233183322 95
0.2702485204033753 0.48247456697999125 40
0.2460755242267748 0.19064609551766104 40
0.05536360942289942 0.24817109761084016 95
0.823501481122825 0.9944363304412853 40
0.24831316214147253 0.23805571355357652 40
0.9102855439253089 0.9944727716485386 40
0.2541598989103819 0.33037957640268856 40
0.2409243772696783 0.14382604975354588 40
0.5536949392322728 0.9990038750914587 95
0.7354789092294952 0.9945216492349953 40
0.2451345956214866 0.15933848394972225 40
0.09163547276324373 0.020844891793000676 95
0.24116212496487216 0.15116728970310167 40
0.24990112361860894 0.21809969218744374 40
0.24734990512002208 0.19935755445309308 40
0.23578369495182497 0.0767578225722242 40
0.06728924492075661 0.13985031211706805 95
0.23873888698789844 0.10623707081111512 40
0.27264382233100654 0.5469869646163188 40
0.23409450237027613 0.046494519493002845 40
0.09163547276324373 0.020844891793000676 95
0.0853040185625235 0.014704620160457331 95
0.03710366781684787 0.3885196389346354 95
0.07264609132863875 0.1269813064482117 95
0.07605684282287095 0.044655927056272984 95
0.23873888698789844 0.10623707081111512 40
0.07562506618782161 0.08419862104122681 95
0.07584778960340625 0.07823492888015073 95
0.9102855439253089 0.9944727716485386 40
0.22208461093795226 0.9944776419775501 95
0.08107824471097312 0.031104482169325823 95
0.25841503528280196 0.3864028043591675 40
0.0 0.9872921937493155 95
0.03710366781684787 0.3885196389346354 95
0.05511896364327026 0.2154741953540852 95
0.24734990512002208 0.19935755445309308 40
0.0075996526487252655 0.6417712311191194 95
0.23414609254949828 0.061390180780482057 40
1.0 0.9935429197725956 40
1.0 0.9935429197725956 40
0.07875439108426505 0.025006869013556175 95
0.26053881150887326 0.3659572911035091 40
0.2409243772696783 0.14382604975354588 40
0.26053881150887326 0.3659572911035091 40
0.07268418347175949 0.08886793425426744 95
0.3822116514670755 1.0 40
0.035653487300149174 0.41071369399699004 95
0.05181637014345671 0.27241891147849334 95
0.11199094511958549 0.9927955590447026 95
0.24044133422216057 0.11253122387048273 40
0.28317200808047227 0.6259993569493849 40
0.017169025153574678 0.596598722684073 95
1.0 0.9987535239788743 95
0.3146478917672641 0.8675357108255511 40
0.04545978130786324 0.3005513173812245 95
0.6676955154960866 1.0 95
0.2682690456232378 0.5134948441280015 40
0.23630324177212597 0.09954392766493601 40
0.2541598989103819 0.33037957640268856 40
0.24358467936307182 0.18258733970795538 40
0.05181637014345671 0.27241891147849334 95
0.07130387043327865 0.09510859615913589 95
0.2660769128566426 0.42929472193037577 40
0.04479600430444239 0.31631673374316527 95
0.05624904490816292 0.2372421585364992 95
0.08107824471097312 0.031104482169325823 95
0.0075996526487252655 0.6417712311191194 95
0.02078223533730199 0.5566641878193832 95
0.07894739441825084 0.040196014793031865 95
0.3146478917672641 0.8675357108255511 40
0.010807354955527143 0.7486202090577475 95
0.05624904490816292 0.2372421585364992 95
0.3822116514670755 1.0 40
0.020579054859354094 0.5212349559288889 95
0.24359876188279353 0.16630321930334083 40
0.24359876188279353 0.16630321930334083 40
0.0 0.9872921937493155 95
0.2345394150982052 0.057008378540089055 40
0.08107824471097312 0.031104482169325823 95
0.2529484661939955 0.27345504354532657 40
0.035653487300149174 0.41071369399699004 95
0.2331555458311461 0.03564737937505872 40
0.07433409071052735 0.06599452763425848 95
0.03619891479223793 0.3681962140580777 95
0.07186169569909205 0.11348366070572202 95
0.04545978130786324 0.3005513173812245 95
0.009311909304321115 0.8136986005030804 95
0.08306698441917668 0.005508015233183322 95
0.2345394150982052 0.057008378540089055 40
0.23728345306329435 0.09408234034911335 40
