0.3384122310686298 1.0 95
0.3402671259565561 0.9043669882430735 95
0.36907082843652556 0.825092765117023 95
0.26904429354427456 0.7506707183493636 95
0.2338321227486169 0.685382764456531 95
0.09832770968489275 0.625158574463765 95
0.19305433602985458 0.5797276878787496 95
0.11636312244690815 0.5322798864515786 95
0.0949228586370813 0.49084741385545755 95
0.16074945947856684 0.4502641208524785 95
0.164005913578868 0.4165039910782521 95
0.20600200205874222 0.385648536392989 95
0.24302174406376092 0.3549316364701217 95
0.15125945012320044 0.3269241766078307 95
0.15840985149834702 0.30177720783392303 95
0.15408621753989044 0.27691212754477873 95
0.1854808248350988 0.2545923928578659 95
0.08445535467816426 0.23187917270688102 95
0.1532187988991669 0.21138264839089893 95
0.0 0.19123503330162014 95
0.10087909832671152 0.17340386427256402 95
0.5514858637374435 0.1618297493139749 95
0.15116486579886732 0.14064069647530808 95
0.19578101732530212 0.12512375757409763 95
0.32457946310712726 0.1112366207854708 95
0.43821664448790226 0.0973316683652811 95
0.5390614075922414 0.08440570075440199 95
0.541201752139995 0.07100170628708982 95
0.7014253455239657 0.058743823193356456 95
0.7197056439773557 0.04567107592537844 95
0.8253214338708826 0.03392543736210653 95
0.8509474644041211 0.021610995608440757 95
0.9881914843869872 0.011722663825207804 95
1.0 0.0 95
0.3384122310686298 1.0 40
0.3402671259565561 0.9043669882430735 40
0.36907082843652556 0.825092765117023 40
0.26904429354427456 0.7506707183493636 40
0.2338321227486169 0.685382764456531 40
0.09832770968489275 0.625158574463765 40
0.19305433602985458 0.5797276878787496 40
0.11636312244690815 0.5322798864515786 40
0.0949228586370813 0.49084741385545755 40
0.16074945947856684 0.4502641208524785 40
0.164005913578868 0.4165039910782521 40
0.20600200205874222 0.385648536392989 40
0.24302174406376092 0.3549316364701217 40
0.15125945012320044 0.3269241766078307 40
0.15840985149834702 0.30177720783392303 40
0.15408621753989044 0.27691212754477873 40
0.1854808248350988 0.2545923928578659 40
0.08445535467816426 0.23187917270688102 40
0.1532187988991669 0.21138264839089893 40
0.0 0.19123503330162014 40
0.10087909832671152 0.17340386427256402 40
0.5514858637374435 0.1618297493139749 40
0.15116486579886732 0.14064069647530808 40
0.19578101732530212 0.12512375757409763 40
0.32457946310712726 0.1112366207854708 40
0.43821664448790226 0.0973316683652811 40
0.5390614075922414 0.08440570075440199 40
0.541201752139995 0.07100170628708982 40
0.7014253455239657 0.058743823193356456 40
0.7197056439773557 0.04567107592537844 40
0.8253214338708826 0.03392543736210653 40
0.8509474644041211 0.021610995608440757 40
0.9881914843869872 0.011722663825207804 40
1.0 0.0 40
0.43821664448790226 0.0973316683652811 95
0.1532187988991669 0.21138264839089893 95
0.20600200205874222 0.385648536392989 95
0.541201752139995 0.07100170628708982 95
0.16074945947856684 0.4502641208524785 95
0.541201752139995 0.07100170628708982 40
0.15840985149834702 0.30177720783392303 40
0.16074945947856684 0.4502641208524785 95
0.09832770968489275 0.625158574463765 95
0.8253214338708826 0.03392543736210653 95
0.15408621753989044 0.27691212754477873 95
0.2338321227486169 0.685382764456531 40
0.11636312244690815 0.5322798864515786 40
0.3402671259565561 0.9043669882430735 40
0.1532187988991669 0.21138264839089893 40
0.7014253455239657 0.058743823193356456 95
0.3402671259565561 0.9043669882430735 40
0.16074945947856684 0.4502641208524785 40
0.7014253455239657 0.058743823193356456 95
0.11636312244690815 0.5322798864515786 40
0.16074945947856684 0.4502641208524785 95
1.0 0.0 95
0.43821664448790226 0.0973316683652811 40
0.24302174406376092 0.3549316364701217 95
0.20600200205874222 0.385648536392989 40
0.19305433602985458 0.5797276878787496 95
0.0949228586370813 0.49084741385545755 40
0.164005913578868 0.4165039910782521 40
0.15408621753989044 0.27691212754477873 40
0.3402671259565561 0.9043669882430735 95
0.3384122310686298 1.0 40
0.16074945947856684 0.4502641208524785 40
0.19305433602985458 0.5797276878787496 95
0.1854808248350988 0.2545923928578659 95
0.0949228586370813 0.49084741385545755 40
0.7014253455239657 0.058743823193356456 95
0.2338321227486169 0.685382764456531 40
1.0 0.0 95
0.09832770968489275 0.625158574463765 95
0.2338321227486169 0.685382764456531 95
0.08445535467816426 0.23187917270688102 40
0.36907082843652556 0.825092765117023 40
0.10087909832671152 0.17340386427256402 40
0.9881914843869872 0.011722663825207804 95
0.32457946310712726 0.1112366207854708 95
0.09832770968489275 0.625158574463765 40
0.5390614075922414 0.08440570075440199 40
0.36907082843652556 0.825092765117023 40
0.15125945012320044 0.3269241766078307 95
0.08445535467816426 0.23187917270688102 40
0.3384122310686298 1.0 40
1.0 0.0 40
0.5390614075922414 0.08440570075440199 40
0.3402671259565561 0.9043669882430735 95
0.541201752139995 0.07100170628708982 95
0.24302174406376092 0.3549316364701217 40
0.8253214338708826 0.03392543736210653 95
0.5390614075922414 0.08440570075440199 40
1.0 0.0 95
0.24302174406376092 0.3549316364701217 40
