0.2046458995333017 1.0 95
0.22955882068296182 0.9081289380808416 95
0.11919214712562724 0.8207304877587901 95
0.20394839596400538 0.7513319793746176 95
0.18313816519217457 0.6889385153455365 95
0.0796310270720074 0.6292260588298376 95
0.21239383557616098 0.5821292184864032 95
0.1145170499868757 0.5332431581203785 95
0.09611072561739976 0.4920653319855991 95
0.11826392280527118 0.45410025231202755 95
0.12733376613282488 0.41965913008776584 95
0.1440580886162047 0.38846766965510354 95
0.1523318235594582 0.3596391136076724 95
0.1737472322573802 0.33193491614760334 95
0.09270337401005463 0.305246051034206 95
0.11711157029879436 0.2809113530134581 95
0.08010438877226735 0.25917109654337733 95
0.05937473047668704 0.23757430307845384 95
0.07508711494181286 0.21704049638939105 95
0.02332273128117981 0.19651047307530164 95
0.0 0.17958728645509223 95
0.1438231300956831 0.1650555878727682 95
1.0 0.16402763498282352 95
0.13347283305062857 0.13328293962044716 95
0.17383344032874437 0.11865999047567502 95
0.3038696797859327 0.1054056235892844 95
0.2907872792175209 0.09229566328839761 95
0.37476081264344346 0.07985386256564454 95
0.3816847148667429 0.06620827444793119 95
0.46842221151341373 0.05467978461702145 95
0.5320652710559308 0.043584232264242725 95
0.5410576837588957 0.03229417839768494 95
0.6385419933185746 0.020873945664414983 95
0.5738631827611493 0.00903116555261034 95
0.7958453819978125 0.0 95
0.2046458995333017 1.0 40
0.22955882068296182 0.9081289380808416 40
0.11919214712562724 0.8207304877587901 40
0.20394839596400538 0.7513319793746176 40
0.18313816519217457 0.6889385153455365 40
0.0796310270720074 0.6292260588298376 40
0.21239383557616098 0.5821292184864032 40
0.1145170499868757 0.5332431581203785 40
0.09611072561739976 0.4920653319855991 40
0.11826392280527118 0.45410025231202755 40
0.12733376613282488 0.41965913008776584 40
0.1440580886162047 0.38846766965510354 40
0.1523318235594582 0.3596391136076724 40
0.1737472322573802 0.33193491614760334 40
0.09270337401005463 0.305246051034206 40
0.11711157029879436 0.2809113530134581 40
0.08010438877226735 0.25917109654337733 40
0.05937473047668704 0.23757430307845384 40
0.07508711494181286 0.21704049638939105 40
0.02332273128117981 0.19651047307530164 40
0.0 0.17958728645509223 40
0.1438231300956831 0.1650555878727682 40
1.0 0.16402763498282352 40
0.13347283305062857 0.13328293962044716 40
0.17383344032874437 0.11865999047567502 40
0.3038696797859327 0.1054056235892844 40
0.2907872792175209 0.09229566328839761 40
0.37476081264344346 0.07985386256564454 40
0.3816847148667429 0.06620827444793119 40
0.46842221151341373 0.05467978461702145 40
0.5320652710559308 0.043584232264242725 40
0.5410576837588957 0.03229417839768494 40
0.6385419933185746 0.020873945664414983 40
0.5738631827611493 0.00903116555261034 40
0.7958453819978125 0.0 40
0.09611072561739976 0.4920653319855991 40
0.17383344032874437 0.11865999047567502 95
0.3038696797859327 0.1054056235892844 40
0.1438231300956831 0.1650555878727682 40
0.12733376613282488 0.41965913008776584 40
0.11826392280527118 0.45410025231202755 95
0.21239383557616098 0.5821292184864032 40
0.07508711494181286 0.21704049638939105 40
0.1145170499868757 0.5332431581203785 40
0.11826392280527118 0.45410025231202755 40
0.6385419933185746 0.020873945664414983 40
0.13347283305062857 0.13328293962044716 95
0.11826392280527118 0.45410025231202755 40
0.0796310270720074 0.6292260588298376 95
0.46842221151341373 0.05467978461702145 95
0.18313816519217457 0.6889385153455365 95
0.11826392280527118 0.45410025231202755 40
0.1145170499868757 0.5332431581203785 95
0.20394839596400538 0.7513319793746176 40
0.2046458995333017 1.0 95
0.11711157029879436 0.2809113530134581 40
0.5738631827611493 0.00903116555261034 40
0.1145170499868757 0.5332431581203785 95
0.1438231300956831 0.1650555878727682 95
0.2907872792175209 0.09229566328839761 40
0.3816847148667429 0.06620827444793119 40
0.3038696797859327 0.1054056235892844 40
0.5320652710559308 0.043584232264242725 95
0.1440580886162047 0.38846766965510354 95
0.12733376613282488 0.41965913008776584 95
0.37476081264344346 0.07985386256564454 40
0.2907872792175209 0.09229566328839761 95
0.09270337401005463 0.305246051034206 95
1.0 0.16402763498282352 40
0.11711157029879436 0.2809113530134581 40
0.11711157029879436 0.2809113530134581 40
0.7958453819978125 0.0 40
0.46842221151341373 0.05467978461702145 95
0.37476081264344346 0.07985386256564454 95
0.1438231300956831 0.1650555878727682 95
0.0 0.17958728645509223 95
0.2907872792175209 0.09229566328839761 95
0.1737472322573802 0.33193491614760334 40
0.11919214712562724 0.8207304877587901 95
0.2907872792175209 0.09229566328839761 40
0.5320652710559308 0.043584232264242725 40
0.11711157029879436 0.2809113530134581 40
0.09270337401005463 0.305246051034206 40
0.02332273128117981 0.19651047307530164 40
0.46842221151341373 0.05467978461702145 40
0.09611072561739976 0.4920653319855991 95
1.0 0.16402763498282352 95
0.11919214712562724 0.8207304877587901 40
0.18313816519217457 0.6889385153455365 40
0.46842221151341373 0.05467978461702145 40
0.18313816519217457 0.6889385153455365 40
0.1145170499868757 0.5332431581203785 95
0.3038696797859327 0.1054056235892844 40
