0.0902135210036854 0.0 95
0.0904758038263115 0.0061707134145681485 95
0.09003863557423201 0.009643896593550857 95
0.09146258314004194 0.015415088721382317 95
0.09451750148290534 0.02034362963510901 95
0.0847854778112355 0.024400950619734803 95
0.08597662191308267 0.030932031352126417 95
0.08474742833628882 0.03599045625518206 95
0.08468654343282705 0.040991883776732956 95
0.08447142709828527 0.04598815634626343 95
0.08404194478787538 0.05037103105690619 95
0.08094368860329104 0.05558142286338626 95
0.08434070281252222 0.06154856281132739 95
0.08046305714535279 0.06596062989161273 95
0.08209820122017919 0.07220429053289165 95
0.08156634642314664 0.07799190663378908 95
0.07935640974429463 0.08369618407375173 95
0.07691055928713596 0.08864691672529125 95
0.07590074211495187 0.09440775157762009 95
0.0797212876126988 0.10167792384474973 95
0.0771348753711031 0.1071507477985926 95
0.07725326607191232 0.11289993410829807 95
0.07465608696337274 0.11941956561331377 95
0.07565501084395256 0.12615234048663293 95
0.07270845044754316 0.132367815916935 95
0.07330020304145071 0.1395372231778901 95
0.07302920325989554 0.1476713548448492 95
0.07288663964051684 0.1550886945001947 95
0.07052047548518475 0.16237222290180567 95
0.07245038115826345 0.17082847139949392 95
0.06849573097854202 0.17864872460053186 95
0.06830918894401458 0.18763831842651388 95
0.06518828232429161 0.1957281018100655 95
0.06968783267239177 0.20554289577360083 95
0.06588860335742834 0.21592449431512756 95
0.06351911052384303 0.22600240893417536 95
0.06031702509433472 0.2364970353563724 95
0.06036771228675152 0.24741268106733888 95
0.05549023633169807 0.2592763164916198 95
0.05699816916652731 0.2713208917745158 95
0.055335920691845605 0.2849400837456913 95
0.054127355722883026 0.2991080262460886 95
0.049772817611778424 0.3153404273246711 95
0.0476887738037829 0.3309930468737731 95
0.04733419407251944 0.34883433384353923 95
0.044929533673906584 0.36764462598107256 95
0.0421586891214041 0.3873188744165821 95
0.03602112812410063 0.4087947148237183 95
0.038417439642752446 0.4325781950067637 95
0.03386214785167613 0.4578663087611363 95
0.032439295577434704 0.4864866759021077 95
0.031204092988729778 0.5168432275579877 95
0.02842247739757621 0.5525734660767735 95
0.02412627851489849 0.5919518847479599 95
0.01730025919215614 0.6354841032519868 95
0.016126276487661177 0.6865527486946232 95
0.010743069900438076 0.7431732904150279 95
0.008418039995104718 0.8085792737732925 95
0.0 0.8891321546570069 95
0.001417972163010852 0.9806390341545997 95
0.1021317674536746 0.9921236491091736 95
0.21588201753727657 0.9935643421573821 95
0.32961889742923256 0.9941510463599229 95
0.43887603351071597 0.9964577645572067 95
0.551201326293352 0.9975959973418758 95
0.6646787923204606 0.9952306431832989 95
0.7735953239452799 1.0 95
0.8862526508924717 0.9963782363467575 95
1.0 0.9976942086237557 95
0.0 0.0 40
0.0004753380345378947 0.006055108784146956 40
0.00413984731675975 0.01236262561702239 40
0.23592616875812986 0.018183105573079936 40
0.23942509929010825 0.021585029333159284 40
0.23968274608827103 0.02646716554693263 40
0.23986849236298438 0.0330681666207829 40
0.24080066709289719 0.036761332050336146 40
0.2437600813143805 0.0426551072646977 40
0.23917323990886538 0.04667425998520575 40
0.24140900661563075 0.0529631394358038 40
0.24072966988568184 0.05696877086546135 40
0.2422456290776691 0.06307265079606983 40
0.24166795890823262 0.06705785169926805 40
0.24267977472909127 0.07323995606034929 40
0.24352820271358727 0.07850647387268692 40
0.24303818272082922 0.08407157271628411 40
0.24482724339261622 0.09002193729549642 40
0.24482442265144921 0.09562020707210368 40
0.24502286294820141 0.10138278821910592 40
0.24445711617056312 0.10651827692559317 40
0.24682687129533948 0.11258570580710857 40
0.2453030634390952 0.11773306811575061 40
0.24835937534315186 0.12496845747135171 40
0.2467325132586997 0.13074411540018865 40
0.24869251235623258 0.1377591837932362 40
0.24897510224456618 0.14437673988181138 40
0.24914868947914445 0.1512228108247891 40
0.24985185217172742 0.15872728533540348 40
0.24920545010155426 0.16558034816470604 40
0.2518794594800944 0.17414736916871332 40
0.25459414778122286 0.18204949378096727 40
0.2503120377375095 0.18979714152567778 40
0.2543879844605536 0.19908097032149033 40
0.2543428158487832 0.20762947045935184 40
0.2568371048084388 0.2173895743984182 40
0.2541281333724671 0.22755685408497678 40
0.25633095868979966 0.23684657726981823 40
0.2596632267512559 0.24816581700380652 40
0.26018552361601044 0.2591993578867526 40
0.2595735956470193 0.27172686672076435 40
0.26129286058752693 0.2843272154641524 40
0.2608710400264821 0.29751453720542687 40
0.26131726249153636 0.3123198471531889 40
0.261309011948522 0.3279814270094616 40
0.26317952700364156 0.34373269285403535 40
0.26396741311804445 0.36213042556572295 40
0.2667173160611108 0.38135673389028757 40
0.26903398262188977 0.40198918360419167 40
0.2689514876474281 0.42469163753156547 40
0.274911222131769 0.44894321421187294 40
0.27657993059608255 0.47604341352840535 40
0.2808260345441003 0.5048006232171156 40
0.2806746873872019 0.5378837607889336 40
0.2871527228022266 0.5749813157692711 40
0.28927257840500153 0.617058173325838 40
0.2971607747933777 0.6607422265280913 40
0.30296520405206534 0.7142870842507881 40
0.30948990877458266 0.7748163169135401 40
0.3188079565532588 0.8492058476996058 40
0.33307907710885676 0.9300852209740827 40
0.36789622331816907 1.0 40
0.46266111134022647 0.997722013797185 40
0.5512853576412092 0.9950659919848543 40
0.6451167279798997 0.9925822580961355 40
0.7345314548727727 0.991492958585623 40
0.8230928166216391 0.9920554054536049 40
0.9095555070420023 0.9919135160785001 40
1.0 0.9909795625402259 40
0.07565501084395256 0.12615234048663293 95
0.03386214785167613 0.4578663087611363 95
0.0476887738037829 0.3309930468737731 95
0.24897510224456618 0.14437673988181138 40
0.24303818272082922 0.08407157271628411 40
0.032439295577434704 0.4864866759021077 95
0.02842247739757621 0.5525734660767735 95
0.2595735956470193 0.27172686672076435 40
0.0902135210036854 0.0 95
0.07052047548518475 0.16237222290180567 95
0.09451750148290534 0.02034362963510901 95
0.2467325132586997 0.13074411540018865 40
0.001417972163010852 0.9806390341545997 95
0.2518794594800944 0.17414736916871332 40
0.25633095868979966 0.23684657726981823 40
0.25459414778122286 0.18204949378096727 40
0.08046305714535279 0.06596062989161273 95
0.07725326607191232 0.11289993410829807 95
0.6451167279798997 0.9925822580961355 40
0.05699816916652731 0.2713208917745158 95
0.1021317674536746 0.9921236491091736 95
0.261309011948522 0.3279814270094616 40
0.2596632267512559 0.24816581700380652 40
0.2422456290776691 0.06307265079606983 40
0.24835937534315186 0.12496845747135171 40
0.24267977472909127 0.07323995606034929 40
0.0004753380345378947 0.006055108784146956 40
0.24869251235623258 0.1377591837932362 40
0.05699816916652731 0.2713208917745158 95
0.08156634642314664 0.07799190663378908 95
0.07725326607191232 0.11289993410829807 95
0.044929533673906584 0.36764462598107256 95
0.2871527228022266 0.5749813157692711 40
0.0476887738037829 0.3309930468737731 95
0.3188079565532588 0.8492058476996058 40
0.016126276487661177 0.6865527486946232 95
0.23942509929010825 0.021585029333159284 40
0.02412627851489849 0.5919518847479599 95
0.24920545010155426 0.16558034816470604 40
0.0421586891214041 0.3873188744165821 95
0.8862526508924717 0.9963782363467575 95
0.23986849236298438 0.0330681666207829 40
0.24482724339261622 0.09002193729549642 40
0.2689514876474281 0.42469163753156547 40
0.0847854778112355 0.024400950619734803 95
0.26131726249153636 0.3123198471531889 40
0.06036771228675152 0.24741268106733888 95
0.0904758038263115 0.0061707134145681485 95
0.06031702509433472 0.2364970353563724 95
0.055335920691845605 0.2849400837456913 95
0.08046305714535279 0.06596062989161273 95
0.30296520405206534 0.7142870842507881 40
0.044929533673906584 0.36764462598107256 95
0.001417972163010852 0.9806390341545997 95
0.23592616875812986 0.018183105573079936 40
0.24835937534315186 0.12496845747135171 40
0.0476887738037829 0.3309930468737731 95
0.2595735956470193 0.27172686672076435 40
0.26129286058752693 0.2843272154641524 40
0.07590074211495187 0.09440775157762009 95
0.26018552361601044 0.2591993578867526 40
0.02842247739757621 0.5525734660767735 95
0.010743069900438076 0.7431732904150279 95
0.261309011948522 0.3279814270094616 40
0.0797212876126988 0.10167792384474973 95
0.24352820271358727 0.07850647387268692 40
0.2453030634390952 0.11773306811575061 40
0.8230928166216391 0.9920554054536049 40
0.0004753380345378947 0.006055108784146956 40
0.09146258314004194 0.015415088721382317 95
0.2596632267512559 0.24816581700380652 40
0.24502286294820141 0.10138278821910592 40
0.2595735956470193 0.27172686672076435 40
0.07302920325989554 0.1476713548448492 95
0.07288663964051684 0.1550886945001947 95
0.2806746873872019 0.5378837607889336 40
0.06031702509433472 0.2364970353563724 95
0.2667173160611108 0.38135673389028757 40
0.07465608696337274 0.11941956561331377 95
0.05549023633169807 0.2592763164916198 95
0.24482724339261622 0.09002193729549642 40
0.0476887738037829 0.3309930468737731 95
0.08447142709828527 0.04598815634626343 95
0.09146258314004194 0.015415088721382317 95
0.24080066709289719 0.036761332050336146 40
0.031204092988729778 0.5168432275579877 95
0.06830918894401458 0.18763831842651388 95
0.07935640974429463 0.08369618407375173 95
0.261309011948522 0.3279814270094616 40
0.0902135210036854 0.0 95
0.2467325132586997 0.13074411540018865 40
0.30296520405206534 0.7142870842507881 40
0.03386214785167613 0.4578663087611363 95
0.08209820122017919 0.07220429053289165 95
0.008418039995104718 0.8085792737732925 95
0.07302920325989554 0.1476713548448492 95
0.08156634642314664 0.07799190663378908 95
0.054127355722883026 0.2991080262460886 95
0.001417972163010852 0.9806390341545997 95
0.008418039995104718 0.8085792737732925 95
0.07302920325989554 0.1476713548448492 95
0.0004753380345378947 0.006055108784146956 40
0.0847854778112355 0.024400950619734803 95
0.01730025919215614 0.6354841032519868 95
0.27657993059608255 0.47604341352840535 40
0.26396741311804445 0.36213042556572295 40
0.25633095868979966 0.23684657726981823 40
0.032439295577434704 0.4864866759021077 95
0.2541281333724671 0.22755685408497678 40
0.23968274608827103 0.02646716554693263 40
0.6451167279798997 0.9925822580961355 40
0.01730025919215614 0.6354841032519868 95
0.5512853576412092 0.9950659919848543 40
0.23592616875812986 0.018183105573079936 40
0.06849573097854202 0.17864872460053186 95
0.010743069900438076 0.7431732904150279 95
0.33307907710885676 0.9300852209740827 40
0.008418039995104718 0.8085792737732925 95
