0.08244421788301864 0.0 95
0.08415322948441292 0.0037485475042044994 95
0.0832096276277842 0.008044260822617775 95
0.08451876716142015 0.014119779367859304 95
0.08635503720033921 0.01844457418581475 95
0.07753168649788628 0.022967852944007064 95
0.07815930241536743 0.02899770776926644 95
0.07685901967921137 0.0332310745981311 95
0.07612618760323504 0.03844739890786427 95
0.07733861211045766 0.045089269721133286 95
0.07554981386077082 0.04882160087899235 95
0.0754071960658592 0.0548121822460429 95
0.07553373092610599 0.06049102185785746 95
0.07573315795790792 0.0662481048336723 95
0.07284451346574726 0.0704441349364938 95
0.07257878970138633 0.07648704661728084 95
0.07361924819535559 0.08252548453654146 95
0.07161471818547087 0.08765957455545108 95
0.07061363975172023 0.09343067015743446 95
0.07286966823133942 0.10048544184026334 95
0.06840635838830862 0.10538908681353731 95
0.07207358170464369 0.11273774360672822 95
0.06847479573559058 0.11850310231693562 95
0.06944222051582709 0.12475588961358783 95
0.06639083427779291 0.13117373948482547 95
0.06662852168834914 0.138555385875471 95
0.06862858986365482 0.14650503276995921 95
0.06618482750099718 0.15348687313043172 95
0.06488754223479463 0.16087326240929123 95
0.06604690214764232 0.16922619704399408 95
0.06388455085505133 0.17773915397473097 95
0.060637564686974704 0.1861908958623206 95
0.05942706679930657 0.19455934222268653 95
0.05942469812129214 0.20345174159871007 95
0.058222080006714215 0.2134728672829612 95
0.05520892315113056 0.22366468042635157 95
0.054402438737871886 0.23471183355315542 95
0.05376386869065372 0.24519738967245308 95
0.051665734547460186 0.25761691804959497 95
0.050965875885878816 0.26989578515241963 95
0.04952843128142603 0.28326369956584974 95
0.04625648256856442 0.2975121666470597 95
0.046051965001319965 0.3125705292167526 95
0.04508037641800281 0.32931786087693354 95
0.04261884150317919 0.3459407315006261 95
0.04048731314926734 0.36406000354119883 95
0.0381296927669934 0.3848663855349408 95
0.036021674490429395 0.40626096945998286 95
0.035284006803569676 0.4288588101260307 95
0.031918592794910015 0.4540686462613109 95
0.028346887099380484 0.4827596206531479 95
0.028249528847472203 0.5129261652299855 95
0.02416341595536095 0.5473259615842377 95
0.02151094297869975 0.5852192662356206 95
0.015726064668924518 0.6291743913717727 95
0.01555773363314956 0.6780393853916197 95
0.014417665844335306 0.7326994154531693 95
0.011432932394864733 0.7964477919890616 95
0.002457235291738793 0.8740887008581734 95
0.0 0.9639380673426122 95
0.07596872782691792 0.9939545756257774 95
0.17522436443619807 0.9962613301235328 95
0.27952692412163244 0.9978134707866707 95
0.38632972215794503 0.9984519725148492 95
0.48981629442583946 0.9996901633826728 95
0.5939654465569423 0.9985377551863576 95
0.6930190609902708 1.0 95
0.797217287284189 0.9995883156596569 95
0.8998439762191154 0.9997305404219273 95
1.0 0.9996016358554741 95
0.0 0.0 40
0.0036964822422102398 0.007218985685509882 40
0.001768500337841026 0.012333631493068565 40
0.24354541606684754 0.018838479599679023 40
0.24400359897269794 0.022678954524118004 40
0.24922074081156054 0.02878942626010056 40
0.24754942434781085 0.032441870595798304 40
0.24843818922031335 0.037823897787351526 40
0.2487218780214092 0.0431600407411747 40
0.2470447735449268 0.04699498690993714 40
0.24835077388086496 0.05357777697793458 40
0.2489049830201657 0.05779124866886002 40
0.24853252896730146 0.06285870252137364 40
0.24878930582817554 0.0680725675593268 40
0.2506978094295479 0.07372140464826309 40
0.2509350333059552 0.07942014285273599 40
0.2498733337481812 0.0839749203513204 40
0.2508070707944738 0.089864398314719 40
0.25015777116245186 0.09489270045803135 40
0.2509948174853363 0.10081392892944505 40
0.2545651995068977 0.10750103758028699 40
0.25186216869730205 0.11207074919900063 40
0.2535560658143713 0.11849241273464232 40
0.2531461769835505 0.12455853670638442 40
0.255948087039216 0.13145111451391878 40
0.2563549266071438 0.13740354936224417 40
0.25719876613818343 0.1447805457074606 40
0.2561754114430182 0.15102927190025592 40
0.2584070790176565 0.15933293843723634 40
0.25778508821531426 0.1655787340240955 40
0.25684617622211775 0.17352661305792239 40
0.25872938118698013 0.18105119467463873 40
0.25879135959421284 0.19012111658497893 40
0.2634524753841061 0.19878378074419156 40
0.26047609448449105 0.20664554580771446 40
0.26436143434339354 0.21662118285042475 40
0.2652803180299731 0.22659052502538005 40
0.2632379858590858 0.23625582014188673 40
0.2668413450092493 0.2469669168965465 40
0.26713987332597294 0.2581990174835306 40
0.2680494205073134 0.26970894185700733 40
0.26644957192074176 0.28278947329802356 40
0.269223763959946 0.2964507532829009 40
0.26891252002092847 0.3098669085378224 40
0.27205426398474986 0.32529476718807626 40
0.2719758425313757 0.34160945125470876 40
0.27064614738065523 0.35881735933153536 40
0.27580725138271117 0.37720111184269156 40
0.2757757213140364 0.39745474646953943 40
0.27887629430551536 0.4198787815913324 40
0.2825144484131971 0.4439331402748186 40
0.28157606110146716 0.4700938988843745 40
0.2884104891802676 0.4978810694153779 40
0.2878651287101873 0.5297075603773479 40
0.29356827903096216 0.5661176091786598 40
0.30049279706650533 0.6045001246998433 40
0.3064651587277162 0.6487252001402416 40
0.311151812114656 0.7004526473602691 40
0.32054088049344254 0.7571670261685511 40
0.3286793218862068 0.8241177809868702 40
0.3398477213010162 0.9062884399479266 40
0.3558890103735812 0.9941910635604606 40
0.4482104179002829 1.0 40
0.5431121975909003 0.997350253520329 40
0.6336034137487343 0.9949889133733677 40
0.7280108457293822 0.9942775154991339 40
0.8193937375493296 0.9951585229297133 40
0.9075116390621583 0.995873167362639 40
1.0 0.9940169673580166 40
0.17522436443619807 0.9962613301235328 95
0.25778508821531426 0.1655787340240955 40
0.07257878970138633 0.07648704661728084 95
0.26047609448449105 0.20664554580771446 40
0.07685901967921137 0.0332310745981311 95
0.06662852168834914 0.138555385875471 95
0.0 0.0 40
0.2584070790176565 0.15933293843723634 40
0.26713987332597294 0.2581990174835306 40
0.02416341595536095 0.5473259615842377 95
0.25015777116245186 0.09489270045803135 40
0.26644957192074176 0.28278947329802356 40
0.2506978094295479 0.07372140464826309 40
0.27887629430551536 0.4198787815913324 40
0.0036964822422102398 0.007218985685509882 40
0.06662852168834914 0.138555385875471 95
0.06840635838830862 0.10538908681353731 95
0.2545651995068977 0.10750103758028699 40
0.2561754114430182 0.15102927190025592 40
0.2668413450092493 0.2469669168965465 40
0.011432932394864733 0.7964477919890616 95
0.07596872782691792 0.9939545756257774 95
0.24843818922031335 0.037823897787351526 40
0.2680494205073134 0.26970894185700733 40
0.028346887099380484 0.4827596206531479 95
0.25872938118698013 0.18105119467463873 40
0.2825144484131971 0.4439331402748186 40
0.311151812114656 0.7004526473602691 40
0.2561754114430182 0.15102927190025592 40
0.07061363975172023 0.09343067015743446 95
0.07553373092610599 0.06049102185785746 95
0.9075116390621583 0.995873167362639 40
0.07554981386077082 0.04882160087899235 95
0.2498733337481812 0.0839749203513204 40
0.0036964822422102398 0.007218985685509882 40
0.001768500337841026 0.012333631493068565 40
0.4482104179002829 1.0 40
0.05942469812129214 0.20345174159871007 95
0.2634524753841061 0.19878378074419156 40
0.07553373092610599 0.06049102185785746 95
0.24843818922031335 0.037823897787351526 40
0.26436143434339354 0.21662118285042475 40
0.06639083427779291 0.13117373948482547 95
0.0832096276277842 0.008044260822617775 95
0.25778508821531426 0.1655787340240955 40
0.2508070707944738 0.089864398314719 40
0.07207358170464369 0.11273774360672822 95
0.7280108457293822 0.9942775154991339 40
0.311151812114656 0.7004526473602691 40
0.08451876716142015 0.014119779367859304 95
0.0381296927669934 0.3848663855349408 95
0.2509350333059552 0.07942014285273599 40
0.050965875885878816 0.26989578515241963 95
0.054402438737871886 0.23471183355315542 95
0.2509350333059552 0.07942014285273599 40
0.07207358170464369 0.11273774360672822 95
0.26891252002092847 0.3098669085378224 40
0.24754942434781085 0.032441870595798304 40
0.2561754114430182 0.15102927190025592 40
0.07815930241536743 0.02899770776926644 95
0.3064651587277162 0.6487252001402416 40
0.24835077388086496 0.05357777697793458 40
0.2563549266071438 0.13740354936224417 40
0.3558890103735812 0.9941910635604606 40
0.38632972215794503 0.9984519725148492 95
0.797217287284189 0.9995883156596569 95
0.25684617622211775 0.17352661305792239 40
0.2632379858590858 0.23625582014188673 40
0.27580725138271117 0.37720111184269156 40
0.32054088049344254 0.7571670261685511 40
0.25879135959421284 0.19012111658497893 40
0.3558890103735812 0.9941910635604606 40
0.2668413450092493 0.2469669168965465 40
0.25879135959421284 0.19012111658497893 40
0.07753168649788628 0.022967852944007064 95
0.06862858986365482 0.14650503276995921 95
0.6336034137487343 0.9949889133733677 40
0.25015777116245186 0.09489270045803135 40
0.6930190609902708 1.0 95
0.2489049830201657 0.05779124866886002 40
0.0036964822422102398 0.007218985685509882 40
0.05942469812129214 0.20345174159871007 95
0.2825144484131971 0.4439331402748186 40
0.07257878970138633 0.07648704661728084 95
0.054402438737871886 0.23471183355315542 95
0.25778508821531426 0.1655787340240955 40
0.2489049830201657 0.05779124866886002 40
0.797217287284189 0.9995883156596569 95
0.07815930241536743 0.02899770776926644 95
0.2632379858590858 0.23625582014188673 40
0.001768500337841026 0.012333631493068565 40
0.0832096276277842 0.008044260822617775 95
0.255948087039216 0.13145111451391878 40
0.051665734547460186 0.25761691804959497 95
0.01555773363314956 0.6780393853916197 95
0.2509350333059552 0.07942014285273599 40
0.08451876716142015 0.014119779367859304 95
0.0 0.9639380673426122 95
0.2634524753841061 0.19878378074419156 40
0.0 0.9639380673426122 95
0.25872938118698013 0.18105119467463873 40
0.3064651587277162 0.6487252001402416 40
0.26436143434339354 0.21662118285042475 40
0.8998439762191154 0.9997305404219273 95
0.07573315795790792 0.0662481048336723 95
0.2506978094295479 0.07372140464826309 40
0.2489049830201657 0.05779124866886002 40
0.02416341595536095 0.5473259615842377 95
0.2878651287101873 0.5297075603773479 40
0.06862858986365482 0.14650503276995921 95
0.25186216869730205 0.11207074919900063 40
0.2757757213140364 0.39745474646953943 40
0.014417665844335306 0.7326994154531693 95
0.06862858986365482 0.14650503276995921 95
0.058222080006714215 0.2134728672829612 95
0.0 0.0 40
0.0 0.9639380673426122 95
