0.08510938627196624 0.0 95
0.08543164942738478 0.004440010541848583 95
0.0858439136247758 0.01020984123193768 95
0.08464733967828157 0.01485932412306938 95
0.08876771638622984 0.020291872181413515 95
0.08781883172078347 0.02473894418094511 95
0.08096258884894372 0.029404214329223105 95
0.08412281560604519 0.03557807388104006 95
0.07949062959304053 0.039410596332857456 95
0.07947738267901165 0.04436270728862563 95
0.07799627354094686 0.04931647468653051 95
0.07869334497325063 0.054583528574206355 95
0.07851851606325494 0.061285480596952505 95
0.0775961677988846 0.06546951015118707 95
0.07792539371290033 0.07201104315708917 95
0.07644543955967599 0.07657514886521098 95
0.0760898224410485 0.082726913441532 95
0.07375957903849703 0.08857031168444805 95
0.07505791100081112 0.09384406226865578 95
0.07662787585910685 0.10031727029232597 95
0.0720906038491431 0.10534475829441699 95
0.07295891274664185 0.11158713751409843 95
0.07588500726544928 0.1189480598235421 95
0.07027424523991986 0.12415362213300256 95
0.07148402926764347 0.13115871888065667 95
0.07241491994313609 0.13857243588170737 95
0.06813370410848568 0.14503008714688737 95
0.06651706304051659 0.15216017176223295 95
0.0690467659449274 0.16031190139588306 95
0.06672420919527561 0.1675081518649148 95
0.06728841395851815 0.17620258691519128 95
0.065001631776457 0.1845634482598519 95
0.06584573448307988 0.19370954160996828 95
0.06299299965794937 0.2025753287231323 95
0.06271999966839012 0.21184416228658468 95
0.06110152682685422 0.22219737384033422 95
0.05766098482493763 0.23196525251304873 95
0.06012175960751136 0.24367659332195163 95
0.0591804475755604 0.2546718118797246 95
0.05608510277016557 0.2672721335263747 95
0.05187240617033697 0.27965804651739096 95
0.048664228253161954 0.2932723854270826 95
0.04961725722836908 0.3080370818867526 95
0.04909635666719684 0.323529695819902 95
0.04511647855548272 0.33964741760904177 95
0.0390152510275012 0.3582679907338326 95
0.03669659341987579 0.37733598135329705 95
0.034326442362281606 0.39843218635947786 95
0.03479162624161952 0.42041560034211173 95
0.034121145819177724 0.4451688021983367 95
0.02845871401978014 0.47162834618082533 95
0.030073730352414493 0.5013611997171326 95
0.024675800548706786 0.5331943330713589 95
0.019840924036748565 0.5698373244495444 95
0.01769374960592459 0.6101809421323264 95
0.012511243247730643 0.6581836683488529 95
0.015458611638615968 0.7099853814305515 95
0.009610039738699621 0.7711108694854026 95
0.0045448379029764206 0.8412847527439775 95
0.0 0.9263591241470329 95
0.029371828955625914 0.9964073883186658 95
0.1427193998793081 0.9940668178603451 95
0.2511319598945437 0.9959608020271711 95
0.35897099846482705 0.9979814135288275 95
0.46728837138563173 0.998602213900697 95
0.5722143202677983 1.0 95
0.6823943864708918 0.996725144202299 95
0.7888781481898277 0.9986119007731528 95
0.89575552922219 0.9986839062953544 95
1.0 0.9987617308199802 95
0.0010131738938074187 0.0 40
0.0 0.005852002240001709 40
0.0026948201468093226 0.012112223121720172 40
0.23426096685605563 0.016391626012618423 40
0.24016915911799153 0.021739650822723965 40
0.23771304236353974 0.026271214331908824 40
0.2379102470445817 0.031090840480592637 40
0.23651507143308986 0.036084804401331924 40
0.24026736365703413 0.04161590297830622 40
0.23722691261690398 0.04615963528680631 40
0.23856764161292404 0.05205384240698313 40
0.23984239326645623 0.05685040809455176 40
0.23817898197503237 0.06206535287653674 40
0.2391775988199734 0.06643766960148617 40
0.24016335586281418 0.07258982854517365 40
0.24137027513360212 0.07771502588862952 40
0.24096555756616644 0.08369449852716676 40
0.2418649168177677 0.08876567650725797 40
0.23981401994426876 0.09422385388654397 40
0.24165147865062495 0.10028801383171743 40
0.24505288732396616 0.10683701305912402 40
0.24380399305191322 0.11200078087870946 40
0.2440390726753097 0.11849662311549963 40
0.24624303113173793 0.12531741200482424 40
0.24821974114493567 0.13076097900220598 40
0.24567063671698625 0.1369841849226615 40
0.24888638030369667 0.14494308576032497 40
0.2473724658060388 0.1513980004726649 40
0.2477715806463026 0.1585702169352011 40
0.24778368122869257 0.1660775758883237 40
0.25141922077267437 0.17450091198758974 40
0.25004609696127256 0.18223158946918394 40
0.25111798812061564 0.19028789931846507 40
0.2518764351887884 0.1988652321463495 40
0.25289857551431727 0.2086715332062236 40
0.25483572406631366 0.2180989526690563 40
0.25169391524182566 0.22798775224187579 40
0.25766319818084016 0.23777133524735083 40
0.25448795320375106 0.24840252403331756 40
0.2593962352129625 0.26037255675493753 40
0.2574104838143809 0.27212267843145643 40
0.2601223257827358 0.28544461226751205 40
0.2596730376166203 0.2991446228679654 40
0.260333278638906 0.3136717818342105 40
0.26215989674075907 0.32932645571876135 40
0.26167756809092635 0.345694018746998 40
0.2611690959549878 0.36424923231816064 40
0.26455751630771973 0.3831345930583931 40
0.2668725431938583 0.40427808085898953 40
0.2715456056264857 0.4263933536814815 40
0.2733998834965499 0.4511121850578086 40
0.27221966501979605 0.4788683051625436 40
0.2789350657057126 0.5070708052755623 40
0.2796979685775284 0.5412189308465513 40
0.2856955060761687 0.5792431601263276 40
0.2901197786763344 0.6194381207439373 40
0.2936063797980054 0.665644721193686 40
0.3041221575739939 0.71838682550374 40
0.3120907789760064 0.7783142116121223 40
0.31986448099386744 0.8523910306763043 40
0.3318582664759986 0.9373492126478807 40
0.3731882810905186 0.9986102717164997 40
0.46225569503841774 1.0 40
0.5549543915346515 0.9973215872604297 40
0.6466491894833868 0.9945971416552495 40
0.7327769881996139 0.993692650793875 40
0.8223757120976345 0.9937111649311049 40
0.9106962224842087 0.9939885217757463 40
1.0 0.9928850866729798 40
0.2518764351887884 0.1988652321463495 40
0.24888638030369667 0.14494308576032497 40
0.019840924036748565 0.5698373244495444 95
0.6466491894833868 0.9945971416552495 40
0.07662787585910685 0.10031727029232597 95
0.24016335586281418 0.07258982854517365 40
0.24026736365703413 0.04161590297830622 40
0.07662787585910685 0.10031727029232597 95
0.46728837138563173 0.998602213900697 95
0.034326442362281606 0.39843218635947786 95
0.2601223257827358 0.28544461226751205 40
0.01769374960592459 0.6101809421323264 95
0.024675800548706786 0.5331943330713589 95
0.08096258884894372 0.029404214329223105 95
0.2901197786763344 0.6194381207439373 40
0.05608510277016557 0.2672721335263747 95
0.07505791100081112 0.09384406226865578 95
0.23651507143308986 0.036084804401331924 40
0.029371828955625914 0.9964073883186658 95
0.2440390726753097 0.11849662311549963 40
0.2440390726753097 0.11849662311549963 40
0.05608510277016557 0.2672721335263747 95
1.0 0.9987617308199802 95
0.7327769881996139 0.993692650793875 40
0.31986448099386744 0.8523910306763043 40
0.04961725722836908 0.3080370818867526 95
0.2511319598945437 0.9959608020271711 95
0.23984239326645623 0.05685040809455176 40
0.2668725431938583 0.40427808085898953 40
0.0775961677988846 0.06546951015118707 95
0.27221966501979605 0.4788683051625436 40
0.05187240617033697 0.27965804651739096 95
0.27221966501979605 0.4788683051625436 40
0.2473724658060388 0.1513980004726649 40
0.04511647855548272 0.33964741760904177 95
0.24888638030369667 0.14494308576032497 40
0.02845871401978014 0.47162834618082533 95
0.07241491994313609 0.13857243588170737 95
0.07949062959304053 0.039410596332857456 95
0.08543164942738478 0.004440010541848583 95
0.05766098482493763 0.23196525251304873 95
0.7888781481898277 0.9986119007731528 95
1.0 0.9987617308199802 95
0.0760898224410485 0.082726913441532 95
0.2596730376166203 0.2991446228679654 40
0.23981401994426876 0.09422385388654397 40
0.07505791100081112 0.09384406226865578 95
0.06728841395851815 0.17620258691519128 95
0.024675800548706786 0.5331943330713589 95
0.07792539371290033 0.07201104315708917 95
0.07869334497325063 0.054583528574206355 95
0.06584573448307988 0.19370954160996828 95
0.24026736365703413 0.04161590297830622 40
0.2379102470445817 0.031090840480592637 40
0.23817898197503237 0.06206535287653674 40
1.0 0.9987617308199802 95
0.04511647855548272 0.33964741760904177 95
0.015458611638615968 0.7099853814305515 95
0.2379102470445817 0.031090840480592637 40
0.24888638030369667 0.14494308576032497 40
0.030073730352414493 0.5013611997171326 95
0.07799627354094686 0.04931647468653051 95
0.030073730352414493 0.5013611997171326 95
1.0 0.9928850866729798 40
0.024675800548706786 0.5331943330713589 95
0.3120907789760064 0.7783142116121223 40
0.0 0.9263591241470329 95
0.012511243247730643 0.6581836683488529 95
0.3318582664759986 0.9373492126478807 40
0.0720906038491431 0.10534475829441699 95
0.030073730352414493 0.5013611997171326 95
0.25448795320375106 0.24840252403331756 40
0.3041221575739939 0.71838682550374 40
0.89575552922219 0.9986839062953544 95
0.06271999966839012 0.21184416228658468 95
0.009610039738699621 0.7711108694854026 95
0.2391775988199734 0.06643766960148617 40
0.08510938627196624 0.0 95
0.24778368122869257 0.1660775758883237 40
0.03669659341987579 0.37733598135329705 95
0.009610039738699621 0.7711108694854026 95
0.07644543955967599 0.07657514886521098 95
0.25289857551431727 0.2086715332062236 40
0.25004609696127256 0.18223158946918394 40
0.05187240617033697 0.27965804651739096 95
0.0720906038491431 0.10534475829441699 95
0.07505791100081112 0.09384406226865578 95
0.25004609696127256 0.18223158946918394 40
0.2477715806463026 0.1585702169352011 40
0.07869334497325063 0.054583528574206355 95
1.0 0.9987617308199802 95
0.7327769881996139 0.993692650793875 40
0.012511243247730643 0.6581836683488529 95
0.46728837138563173 0.998602213900697 95
0.2574104838143809 0.27212267843145643 40
0.07027424523991986 0.12415362213300256 95
0.06651706304051659 0.15216017176223295 95
0.015458611638615968 0.7099853814305515 95
0.08876771638622984 0.020291872181413515 95
0.0045448379029764206 0.8412847527439775 95
0.05187240617033697 0.27965804651739096 95
0.030073730352414493 0.5013611997171326 95
0.07375957903849703 0.08857031168444805 95
0.2418649168177677 0.08876567650725797 40
0.009610039738699621 0.7711108694854026 95
0.07027424523991986 0.12415362213300256 95
0.08096258884894372 0.029404214329223105 95
0.08781883172078347 0.02473894418094511 95
0.2440390726753097 0.11849662311549963 40
0.03669659341987579 0.37733598135329705 95
0.07588500726544928 0.1189480598235421 95
0.31986448099386744 0.8523910306763043 40
0.0045448379029764206 0.8412847527439775 95
0.04909635666719684 0.323529695819902 95
0.0026948201468093226 0.012112223121720172 40
0.07505791100081112 0.09384406226865578 95
0.26455751630771973 0.3831345930583931 40
