0.3343439625937775 1.0 95
0.2981521566284921 0.9047809400822084 95
0.37239522476147235 0.8249449326062416 95
0.1773607286475015 0.7475947899940638 95
0.17182873762120665 0.6846301955452744 95
0.10652585859800516 0.6256733703100185 95
0.18522258215980525 0.5786016269237672 95
0.10923475830806265 0.5297909622965402 95
0.025285061530250005 0.4876124703972735 95
0.1086778421995475 0.4496245520806295 95
0.08431837160332493 0.4145714658016456 95
0.1486534199297198 0.3842162389889843 95
0.09302340251420073 0.35387131637401537 95
0.12122437692796612 0.3261343296347029 95
0.20314907798753207 0.3008172227587512 95
0.11569597270380871 0.2753044728757113 95
0.09884361133746479 0.25313079382426296 95
0.028828208503274114 0.2307369590887938 95
0.052779597917626035 0.21038515511330566 95
0.0 0.19076642076878608 95
0.015551337730390913 0.17234440741896248 95
0.47107665800300974 0.16019429600250903 95
0.07850653521616419 0.1402339433400859 95
0.13448322824701323 0.12470347321024619 95
0.32768349595345153 0.11062400178653105 95
0.3175340865198649 0.09691039741787817 95
0.47153726935757384 0.08370914023838923 95
0.510234097640372 0.07022460983108678 95
0.621921050873645 0.05851305296392335 95
0.6712456878897166 0.04544905006759456 95
0.723857461080509 0.03392350944974086 95
0.845339982722785 0.022748250182566883 95
0.946090727790557 0.010994900684552798 95
1.0 0.0 95
0.3343439625937775 1.0 40
0.2981521566284921 0.9047809400822084 40
0.37239522476147235 0.8249449326062416 40
0.1773607286475015 0.7475947899940638 40
0.17182873762120665 0.6846301955452744 40
0.10652585859800516 0.6256733703100185 40
0.18522258215980525 0.5786016269237672 40
0.10923475830806265 0.5297909622965402 40
0.025285061530250005 0.4876124703972735 40
0.1086778421995475 0.4496245520806295 40
0.08431837160332493 0.4145714658016456 40
0.1486534199297198 0.3842162389889843 40
0.09302340251420073 0.35387131637401537 40
0.12122437692796612 0.3261343296347029 40
0.20314907798753207 0.3008172227587512 40
0.11569597270380871 0.2753044728757113 40
0.09884361133746479 0.25313079382426296 40
0.028828208503274114 0.2307369590887938 40
0.052779597917626035 0.21038515511330566 40
0.0 0.19076642076878608 40
0.015551337730390913 0.17234440741896248 40
0.47107665800300974 0.16019429600250903 40
0.07850653521616419 0.1402339433400859 40
0.13448322824701323 0.12470347321024619 40
0.32768349595345153 0.11062400178653105 40
0.3175340865198649 0.09691039741787817 40
0.47153726935757384 0.08370914023838923 40
0.510234097640372 0.07022460983108678 40
0.621921050873645 0.05851305296392335 40
0.6712456878897166 0.04544905006759456 40
0.723857461080509 0.03392350944974086 40
0.845339982722785 0.022748250182566883 40
0.946090727790557 0.010994900684552798 40
1.0 0.0 40
0.47153726935757384 0.08370914023838923 40
0.10652585859800516 0.6256733703100185 95
0.47107665800300974 0.16019429600250903 40
0.946090727790557 0.010994900684552798 95
0.47153726935757384 0.08370914023838923 40
0.510234097640372 0.07022460983108678 40
0.09302340251420073 0.35387131637401537 95
0.723857461080509 0.03392350944974086 95
0.12122437692796612 0.3261343296347029 95
0.723857461080509 0.03392350944974086 40
0.32768349595345153 0.11062400178653105 95
0.07850653521616419 0.1402339433400859 95
0.37239522476147235 0.8249449326062416 40
0.09302340251420073 0.35387131637401537 95
0.2981521566284921 0.9047809400822084 95
0.47107665800300974 0.16019429600250903 95
0.08431837160332493 0.4145714658016456 95
0.1086778421995475 0.4496245520806295 40
0.37239522476147235 0.8249449326062416 95
0.0 0.19076642076878608 95
0.47107665800300974 0.16019429600250903 40
0.028828208503274114 0.2307369590887938 40
0.37239522476147235 0.8249449326062416 95
0.015551337730390913 0.17234440741896248 40
0.6712456878897166 0.04544905006759456 95
0.47107665800300974 0.16019429600250903 40
0.621921050873645 0.05851305296392335 95
0.20314907798753207 0.3008172227587512 95
0.13448322824701323 0.12470347321024619 95
0.11569597270380871 0.2753044728757113 40
0.09884361133746479 0.25313079382426296 40
0.32768349595345153 0.11062400178653105 40
0.47153726935757384 0.08370914023838923 95
0.10652585859800516 0.6256733703100185 40
0.3343439625937775 1.0 95
0.621921050873645 0.05851305296392335 95
0.723857461080509 0.03392350944974086 40
1.0 0.0 40
0.47107665800300974 0.16019429600250903 40
0.47153726935757384 0.08370914023838923 95
0.09884361133746479 0.25313079382426296 40
0.621921050873645 0.05851305296392335 95
0.07850653521616419 0.1402339433400859 40
0.2981521566284921 0.9047809400822084 40
1.0 0.0 95
0.3175340865198649 0.09691039741787817 95
0.1773607286475015 0.7475947899940638 95
0.37239522476147235 0.8249449326062416 40
0.1773607286475015 0.7475947899940638 95
0.510234097640372 0.07022460983108678 95
0.1486534199297198 0.3842162389889843 95
0.2981521566284921 0.9047809400822084 40
0.052779597917626035 0.21038515511330566 40
0.09884361133746479 0.25313079382426296 40
0.1086778421995475 0.4496245520806295 40
0.07850653521616419 0.1402339433400859 95
0.47153726935757384 0.08370914023838923 95
0.0 0.19076642076878608 95
0.0 0.19076642076878608 40
0.20314907798753207 0.3008172227587512 95
