0.08595333127657015 0.0 95
0.0883621884854811 0.0048828579879132365 95
0.08816170741068538 0.009669788444028306 95
0.08860718256254704 0.014922788419054422 95
0.08976552431570493 0.020465668396189175 95
0.08278387482105318 0.02481256980915549 95
0.08342170721673178 0.030696860493694664 95
0.08208341782757905 0.03479474958785176 95
0.08171296646965019 0.04033367172555562 95
0.08016368848384098 0.044714795832417435 95
0.0805802911826222 0.049406771554986614 95
0.07955022212148515 0.0557296758361561 95
0.07905673036727916 0.060919996728343154 95
0.07787188762390226 0.06572301270292492 95
0.07617130525882312 0.07077116036911732 95
0.07842230825525998 0.0775622107192899 95
0.0781955462603721 0.08321452727634544 95
0.0751940078266687 0.08779947364855659 95
0.07368371082639039 0.09400893409899619 95
0.07559029093991215 0.09992145154022083 95
0.0746785326417151 0.1058366324161894 95
0.07336561112915385 0.11164221791088999 95
0.07482188371739451 0.11893009478688066 95
0.07204052288185718 0.12454452656055984 95
0.06999524849896145 0.1313408070168603 95
0.07254513458366 0.1390017307772277 95
0.06873470846005043 0.1457445590280495 95
0.06789995761712199 0.1530225817991335 95
0.06684394102159952 0.16049162253450053 95
0.06737473789038101 0.16889512137380802 95
0.0666188116223415 0.17757435875378785 95
0.06331149269117917 0.18535459048705272 95
0.06619287538164646 0.19516564364829125 95
0.06165580119443499 0.2033249347701766 95
0.06019789172775063 0.2128675594729663 95
0.06134434045258365 0.2239587788225894 95
0.06052810189579639 0.23418414702577176 95
0.05858892309057622 0.24493057640547364 95
0.05510069262259477 0.25722014850639985 95
0.053777496671402844 0.2689849352088208 95
0.05280042708531172 0.2825784255139398 95
0.048677764741603194 0.2966399504956844 95
0.05273185905011409 0.3118213233816226 95
0.046624784928820426 0.3278845871766958 95
0.04612393502785734 0.34425166035742044 95
0.045591480813483735 0.3627018309236901 95
0.04153924435208177 0.383531610667235 95
0.03681178839931783 0.4045242419608788 95
0.037161455269432604 0.426394157716878 95
0.03609747274604656 0.4527261321482213 95
0.032163636628645735 0.4800244112779725 95
0.03280096088465015 0.5106175028736647 95
0.03127965321654851 0.5432982983054018 95
0.026056565663085982 0.5827750286572848 95
0.022355168525703597 0.6250788263038833 95
0.023793767735827233 0.6729778166358145 95
0.016406970767802502 0.7288819551166318 95
0.015022636892656526 0.7914644169154458 95
0.005275971706102512 0.8688951534010761 95
0.0 0.9580868427608935 95
0.07127316947251476 0.9938243042690391 95
0.17581628025846074 0.9932319219672036 95
0.28178648493409825 0.9942881320136954 95
0.38212969060496266 0.9955762416909028 95
0.48943583491225484 0.9966741684714172 95
0.5911083084631417 0.9959208890772574 95
0.6930478547260593 1.0 95
0.7970952432168024 0.9965097747022299 95
0.8985114320872881 0.9973731313297955 95
1.0 0.9965736328409738 95
0.0 0.0 40
0.003052468654406819 0.006560689422091626 40
0.002519837813294366 0.013655763915425818 40
0.24168075125099478 0.01747896321701171 40
0.2436198019007707 0.02254536586137464 40
0.24817235136761792 0.0275239504626775 40
0.2454227345698491 0.03225527410107649 40
0.24785824552877664 0.038330468169106124 40
0.24850932984871352 0.04341190005614033 40
0.24781347547321136 0.04832015355562535 40
0.24733563498240466 0.05357599030108754 40
0.24874233883967906 0.058581207414093485 40
0.24804657685619105 0.06380321323017993 40
0.24858900617840374 0.06875009804307321 40
0.24900379733119785 0.07371158019475764 40
0.24786509867660558 0.07850967368990412 40
0.2490834655457843 0.08420105507754252 40
0.2509787682086113 0.09065457057871247 40
0.24877638920650633 0.0951209779187456 40
0.24998596789897204 0.10092813312605406 40
0.25051852714190737 0.10673142273427669 40
0.25071297430975076 0.1124210639325157 40
0.25144202227919205 0.11869010337009044 40
0.2558787519455268 0.12600527259674835 40
0.2564344062875856 0.13194072911136373 40
0.25671925361555875 0.13808027836520306 40
0.25425011206343767 0.14447336418968287 40
0.25498285290947903 0.15159163492882352 40
0.257675264962357 0.15936602079517342 40
0.2597400921966765 0.1669013856401764 40
0.256219180209438 0.17381336567807754 40
0.2606182059967625 0.18206298146307337 40
0.26061139416224444 0.19107758929654325 40
0.2611762868033129 0.19883483267899793 40
0.26459725566245773 0.2077359038746229 40
0.2620044000670055 0.21667766083113085 40
0.2649242497365521 0.22693480602497176 40
0.2649238225643759 0.23704434781808761 40
0.26426330807155185 0.24719429900080953 40
0.2659632419524827 0.2585432102279035 40
0.26659202173077706 0.27000030859202895 40
0.26649824122885185 0.2833596902974428 40
0.2683851402144543 0.2968575119009272 40
0.2710688580465832 0.31077125103961345 40
0.2716033469214915 0.3257610330944121 40
0.2716605251630655 0.3422523836026748 40
0.27217710096112824 0.3600354776344841 40
0.27643783758075713 0.37796019936112735 40
0.2746000686358055 0.3981228273597722 40
0.27730146650855214 0.4204975541534302 40
0.2768370642781093 0.44529616428538255 40
0.2822665569679113 0.4708119730448831 40
0.2853156116371593 0.4983532624548043 40
0.28808161039597 0.5305074730696641 40
0.2899535750986022 0.5668623880819058 40
0.2981992432482519 0.6069687926686023 40
0.3066475186989503 0.6499345654606495 40
0.30871365634280057 0.7013262880961195 40
0.31648164570023457 0.7588023894723728 40
0.3300754006906388 0.8258012078546164 40
0.3362011312725066 0.9085421626037583 40
0.3563971145552519 0.9952436181148844 40
0.4469582440719081 1.0 40
0.5411811889544431 0.998035480363896 40
0.6367081264322904 0.9958226067329133 40
0.7308960291289647 0.9949411760238102 40
0.8189455897083485 0.995326889713167 40
0.9089697327822801 0.9954962999626665 40
1.0 0.9943021223361281 40
0.8189455897083485 0.995326889713167 40
0.256219180209438 0.17381336567807754 40
0.07559029093991215 0.09992145154022083 95
0.28808161039597 0.5305074730696641 40
0.257675264962357 0.15936602079517342 40
0.032163636628645735 0.4800244112779725 95
0.26459725566245773 0.2077359038746229 40
0.5411811889544431 0.998035480363896 40
0.3362011312725066 0.9085421626037583 40
0.25425011206343767 0.14447336418968287 40
0.27730146650855214 0.4204975541534302 40
0.06737473789038101 0.16889512137380802 95
0.2606182059967625 0.18206298146307337 40
0.07905673036727916 0.060919996728343154 95
0.2558787519455268 0.12600527259674835 40
0.0883621884854811 0.0048828579879132365 95
0.48943583491225484 0.9966741684714172 95
0.0805802911826222 0.049406771554986614 95
0.27217710096112824 0.3600354776344841 40
0.048677764741603194 0.2966399504956844 95
0.2716033469214915 0.3257610330944121 40
0.07617130525882312 0.07077116036911732 95
0.07617130525882312 0.07077116036911732 95
0.24786509867660558 0.07850967368990412 40
0.256219180209438 0.17381336567807754 40
0.2716605251630655 0.3422523836026748 40
0.07127316947251476 0.9938243042690391 95
0.257675264962357 0.15936602079517342 40
0.8985114320872881 0.9973731313297955 95
0.06165580119443499 0.2033249347701766 95
0.048677764741603194 0.2966399504956844 95
0.08816170741068538 0.009669788444028306 95
0.2716033469214915 0.3257610330944121 40
0.28808161039597 0.5305074730696641 40
0.07617130525882312 0.07077116036911732 95
0.2768370642781093 0.44529616428538255 40
0.05858892309057622 0.24493057640547364 95
0.26659202173077706 0.27000030859202895 40
0.045591480813483735 0.3627018309236901 95
0.25425011206343767 0.14447336418968287 40
0.07336561112915385 0.11164221791088999 95
0.08278387482105318 0.02481256980915549 95
0.05273185905011409 0.3118213233816226 95
0.016406970767802502 0.7288819551166318 95
0.25144202227919205 0.11869010337009044 40
0.002519837813294366 0.013655763915425818 40
0.05273185905011409 0.3118213233816226 95
0.25671925361555875 0.13808027836520306 40
0.07787188762390226 0.06572301270292492 95
0.0751940078266687 0.08779947364855659 95
0.2683851402144543 0.2968575119009272 40
0.26426330807155185 0.24719429900080953 40
0.24900379733119785 0.07371158019475764 40
0.2564344062875856 0.13194072911136373 40
0.05280042708531172 0.2825784255139398 95
0.24877638920650633 0.0951209779187456 40
0.0746785326417151 0.1058366324161894 95
0.25425011206343767 0.14447336418968287 40
0.06789995761712199 0.1530225817991335 95
0.2436198019007707 0.02254536586137464 40
0.25071297430975076 0.1124210639325157 40
0.2611762868033129 0.19883483267899793 40
0.4469582440719081 1.0 40
0.2981992432482519 0.6069687926686023 40
0.3066475186989503 0.6499345654606495 40
0.25425011206343767 0.14447336418968287 40
0.016406970767802502 0.7288819551166318 95
0.7308960291289647 0.9949411760238102 40
0.06134434045258365 0.2239587788225894 95
0.0666188116223415 0.17757435875378785 95
0.07368371082639039 0.09400893409899619 95
0.2981992432482519 0.6069687926686023 40
0.03127965321654851 0.5432982983054018 95
0.06019789172775063 0.2128675594729663 95
0.2768370642781093 0.44529616428538255 40
0.25671925361555875 0.13808027836520306 40
0.27730146650855214 0.4204975541534302 40
0.256219180209438 0.17381336567807754 40
0.7970952432168024 0.9965097747022299 95
0.2716605251630655 0.3422523836026748 40
0.07905673036727916 0.060919996728343154 95
0.27217710096112824 0.3600354776344841 40
0.05280042708531172 0.2825784255139398 95
0.03681178839931783 0.4045242419608788 95
0.9089697327822801 0.9954962999626665 40
0.045591480813483735 0.3627018309236901 95
0.38212969060496266 0.9955762416909028 95
0.053777496671402844 0.2689849352088208 95
0.03127965321654851 0.5432982983054018 95
0.25051852714190737 0.10673142273427669 40
0.2659632419524827 0.2585432102279035 40
0.04612393502785734 0.34425166035742044 95
0.026056565663085982 0.5827750286572848 95
0.05858892309057622 0.24493057640547364 95
0.07842230825525998 0.0775622107192899 95
0.25051852714190737 0.10673142273427669 40
0.005275971706102512 0.8688951534010761 95
0.05280042708531172 0.2825784255139398 95
0.5911083084631417 0.9959208890772574 95
0.2606182059967625 0.18206298146307337 40
0.27643783758075713 0.37796019936112735 40
1.0 0.9943021223361281 40
0.04612393502785734 0.34425166035742044 95
0.24850932984871352 0.04341190005614033 40
0.26649824122885185 0.2833596902974428 40
0.38212969060496266 0.9955762416909028 95
0.037161455269432604 0.426394157716878 95
0.0751940078266687 0.08779947364855659 95
0.48943583491225484 0.9966741684714172 95
0.06789995761712199 0.1530225817991335 95
1.0 0.9943021223361281 40
0.0883621884854811 0.0048828579879132365 95
0.2558787519455268 0.12600527259674835 40
0.38212969060496266 0.9955762416909028 95
0.07905673036727916 0.060919996728343154 95
0.0746785326417151 0.1058366324161894 95
0.0781955462603721 0.08321452727634544 95
