0.07999074421701999 0.0 95
0.08247531111198438 0.005403005340707405 95
0.08238803790730453 0.010479604681745651 95
0.08209092700912639 0.01522902820170453 95
0.08239482753225098 0.018937816876140063 95
0.07646072142874437 0.024359099375987806 95
0.07734242830060452 0.030709002279253602 95
0.07657856687748349 0.035561072634693505 95
0.07554296763514429 0.040291506269793935 95
0.07413982560034138 0.04484816982456624 95
0.07588492207533555 0.05075946969747084 95
0.07225722957752173 0.05482147038995588 95
0.07165754387036827 0.060518772011463474 95
0.07406230695492758 0.06698355873088999 95
0.07049899908052451 0.07160219177955363 95
0.06995694536451309 0.07665219888612468 95
0.07103327018180289 0.08312532776448373 95
0.07041483474733663 0.08864996892607553 95
0.07036322448525696 0.0952125769553467 95
0.07023450196236142 0.10107444195244573 95
0.06783284388737182 0.10659545738757252 95
0.06822432577521417 0.11281253700231754 95
0.06674833614402617 0.11888223041005114 95
0.06621756574287788 0.1253812109045761 95
0.06444588216165664 0.1319944682537933 95
0.06723538766646298 0.1399725801185352 95
0.06559623149931415 0.14691603818372342 95
0.06165070635994975 0.15365900247663822 95
0.06172346950998902 0.16122763863185946 95
0.06405553159492855 0.1699013244183049 95
0.05815840586513507 0.17758819749549018 95
0.057713378320276426 0.18635390094781956 95
0.0573844131952916 0.19513713773905222 95
0.05960103844058603 0.204526611931395 95
0.056235889744313386 0.21419606663551757 95
0.05366127213811648 0.22424951755074926 95
0.052011328124736786 0.2350762968947806 95
0.055428771330530986 0.24596243580347504 95
0.0499192768152707 0.2578450886869595 95
0.05120985396985578 0.2702626709331843 95
0.04738089673192762 0.2833300198271205 95
0.0483699024182484 0.298239039260614 95
0.04271872861059925 0.31269156203047427 95
0.0416961686446974 0.3293764905629579 95
0.040342286985899194 0.34593832786295997 95
0.038182380629435235 0.36398814673548596 95
0.03409575754270969 0.3846555012567019 95
0.0359024680048352 0.40614561979204217 95
0.03311888541295142 0.4287244308383747 95
0.028401455676186845 0.4544714722007355 95
0.02534497689894055 0.4824884455974324 95
0.021910051951910686 0.513132848928811 95
0.02398366232873517 0.5469271492991497 95
0.017958764575370437 0.584369985267056 95
0.012738523621690158 0.6288107518025896 95
0.013221795588346638 0.6770935818562652 95
0.010678998989876043 0.7318877843849386 95
0.007058003209374319 0.7950636608622046 95
0.0 0.872534208101219 95
2.5582023584822677e-05 0.9620306890269742 95
0.07540471825133527 0.9915911657049379 95
0.17497962614305557 0.9938829014640485 95
0.2784230310348659 0.995377302602293 95
0.3866742741529126 0.9961913194639941 95
0.4882597206566336 0.9970748253891395 95
0.5938643021773533 0.996098816083615 95
0.6960823293349409 1.0 95
0.7977643157777653 0.9971453573935716 95
0.8994618460116595 0.9978430918871368 95
1.0 0.9968767768005989 95
0.0 0.0 40
0.0015082205879692959 0.005677787421668631 40
0.0040948656540972656 0.01184786401087209 40
0.23549716576845803 0.01667847096837525 40
0.23956419339034862 0.021558394383255033 40
0.2398520957473849 0.02644108847624356 40
0.23985676385904905 0.03270341093903545 40
0.24154831971508928 0.03671015612070495 40
0.24286450974198218 0.04187039528247585 40
0.23890786393592897 0.046028132274840594 40
0.23992385450879233 0.05167559132001746 40
0.24084107986748934 0.05672037410562261 40
0.2397557068838514 0.06155174117155981 40
0.24352900425597016 0.0677248528719803 40
0.24321767878201073 0.07327534787292869 40
0.24360029260960517 0.07820433268026782 40
0.24392437318457727 0.0842771892065257 40
0.24348225980018412 0.08887710558947551 40
0.24292468917000282 0.09453511982927987 40
0.2447965532066251 0.10091503142500596 40
0.24569822613499404 0.10649240293199755 40
0.24705322635310614 0.11234412062280705 40
0.24616265308131774 0.11777321476035846 40
0.24685016892230022 0.12424104251221557 40
0.24727212270952026 0.13061718991621418 40
0.24868087854363355 0.1374089186658446 40
0.2482638163426919 0.14424454719462865 40
0.250409710020072 0.15132143069274015 40
0.2506739558187432 0.15865913662188644 40
0.25041098563066855 0.16562506294857796 40
0.2504094910545047 0.17335590577614335 40
0.2519092529941363 0.18113059396245373 40
0.25051528444314486 0.18971635226718814 40
0.251923267544084 0.1982800562326505 40
0.25672287780354636 0.20789897288468795 40
0.25442697631463795 0.21665277637662603 40
0.2542450355030767 0.2274337521412259 40
0.25555030663926076 0.23688197090040908 40
0.2586650229598073 0.2481538720903874 40
0.26002594052426004 0.2593599149580413 40
0.2566738007915641 0.2711754381386822 40
0.2609751279375622 0.284278621637458 40
0.26025704577422276 0.2972460494800242 40
0.26232494314691746 0.31233030084586033 40
0.26109322335059826 0.32794871736495684 40
0.2666787672366139 0.3444275220926771 40
0.26319703157416124 0.3621746496271556 40
0.2682924426662492 0.3812585900423428 40
0.2692086090474247 0.40185402785460933 40
0.26871604471140254 0.4248115720961333 40
0.27447869133101715 0.44888936773118365 40
0.2717958768674429 0.4765655719630038 40
0.2802467469409895 0.5048881383052424 40
0.28291953180520024 0.5382468361764815 40
0.28773803047191066 0.5747447326636662 40
0.2894312379543234 0.6172232867996434 40
0.2962742347742151 0.6612615678706163 40
0.3063885625916384 0.714543663280111 40
0.309910799987125 0.7750090763753109 40
0.32070324651653176 0.8466567128138897 40
0.33151518052761564 0.933288621702792 40
0.36986773679762613 1.0 40
0.46043107593209537 0.9976831967299575 40
0.5542385344647129 0.9952111070696606 40
0.6438704957018226 0.9928734297018474 40
0.7333767827692942 0.9916536455131394 40
0.8241146030160431 0.9918379370065465 40
0.9105780715189555 0.9916898009983578 40
1.0 0.9906090530255616 40
0.07406230695492758 0.06698355873088999 95
0.07023450196236142 0.10107444195244573 95
0.06559623149931415 0.14691603818372342 95
0.057713378320276426 0.18635390094781956 95
0.24685016892230022 0.12424104251221557 40
0.251923267544084 0.1982800562326505 40
0.24154831971508928 0.03671015612070495 40
0.2542450355030767 0.2274337521412259 40
0.46043107593209537 0.9976831967299575 40
0.05366127213811648 0.22424951755074926 95
0.040342286985899194 0.34593832786295997 95
0.7333767827692942 0.9916536455131394 40
0.6960823293349409 1.0 95
0.23992385450879233 0.05167559132001746 40
0.24727212270952026 0.13061718991621418 40
0.07023450196236142 0.10107444195244573 95
0.36986773679762613 1.0 40
0.05960103844058603 0.204526611931395 95
0.06674833614402617 0.11888223041005114 95
0.8994618460116595 0.9978430918871368 95
0.0483699024182484 0.298239039260614 95
2.5582023584822677e-05 0.9620306890269742 95
0.25442697631463795 0.21665277637662603 40
0.07554296763514429 0.040291506269793935 95
0.07036322448525696 0.0952125769553467 95
0.2962742347742151 0.6612615678706163 40
0.0 0.872534208101219 95
0.17497962614305557 0.9938829014640485 95
0.2566738007915641 0.2711754381386822 40
0.2692086090474247 0.40185402785460933 40
0.32070324651653176 0.8466567128138897 40
0.2482638163426919 0.14424454719462865 40
0.056235889744313386 0.21419606663551757 95
0.07165754387036827 0.060518772011463474 95
0.8994618460116595 0.9978430918871368 95
0.02534497689894055 0.4824884455974324 95
0.06822432577521417 0.11281253700231754 95
0.0 0.872534208101219 95
0.9105780715189555 0.9916898009983578 40
0.26232494314691746 0.31233030084586033 40
0.05815840586513507 0.17758819749549018 95
0.2717958768674429 0.4765655719630038 40
0.08239482753225098 0.018937816876140063 95
0.23985676385904905 0.03270341093903545 40
0.08247531111198438 0.005403005340707405 95
0.017958764575370437 0.584369985267056 95
0.2482638163426919 0.14424454719462865 40
0.05366127213811648 0.22424951755074926 95
0.24292468917000282 0.09453511982927987 40
0.7333767827692942 0.9916536455131394 40
0.2962742347742151 0.6612615678706163 40
0.04271872861059925 0.31269156203047427 95
0.07657856687748349 0.035561072634693505 95
0.06405553159492855 0.1699013244183049 95
0.24084107986748934 0.05672037410562261 40
0.057713378320276426 0.18635390094781956 95
0.2692086090474247 0.40185402785460933 40
0.06165070635994975 0.15365900247663822 95
0.8241146030160431 0.9918379370065465 40
0.056235889744313386 0.21419606663551757 95
0.07999074421701999 0.0 95
0.2682924426662492 0.3812585900423428 40
0.013221795588346638 0.6770935818562652 95
0.24154831971508928 0.03671015612070495 40
0.27447869133101715 0.44888936773118365 40
0.07413982560034138 0.04484816982456624 95
0.06172346950998902 0.16122763863185946 95
0.06165070635994975 0.15365900247663822 95
0.2692086090474247 0.40185402785460933 40
0.06559623149931415 0.14691603818372342 95
0.017958764575370437 0.584369985267056 95
0.028401455676186845 0.4544714722007355 95
0.08238803790730453 0.010479604681745651 95
0.28773803047191066 0.5747447326636662 40
0.24348225980018412 0.08887710558947551 40
0.028401455676186845 0.4544714722007355 95
0.25555030663926076 0.23688197090040908 40
0.05366127213811648 0.22424951755074926 95
0.0 0.872534208101219 95
0.06172346950998902 0.16122763863185946 95
0.0359024680048352 0.40614561979204217 95
0.9105780715189555 0.9916898009983578 40
0.23890786393592897 0.046028132274840594 40
0.24685016892230022 0.12424104251221557 40
0.06559623149931415 0.14691603818372342 95
0.24286450974198218 0.04187039528247585 40
0.2542450355030767 0.2274337521412259 40
0.07049899908052451 0.07160219177955363 95
0.25442697631463795 0.21665277637662603 40
0.08239482753225098 0.018937816876140063 95
0.052011328124736786 0.2350762968947806 95
0.2542450355030767 0.2274337521412259 40
0.46043107593209537 0.9976831967299575 40
0.7977643157777653 0.9971453573935716 95
0.23985676385904905 0.03270341093903545 40
0.33151518052761564 0.933288621702792 40
0.010678998989876043 0.7318877843849386 95
0.06405553159492855 0.1699013244183049 95
0.2586650229598073 0.2481538720903874 40
0.07225722957752173 0.05482147038995588 95
0.24392437318457727 0.0842771892065257 40
0.27447869133101715 0.44888936773118365 40
0.8994618460116595 0.9978430918871368 95
0.017958764575370437 0.584369985267056 95
0.4882597206566336 0.9970748253891395 95
0.2784230310348659 0.995377302602293 95
0.27447869133101715 0.44888936773118365 40
0.25041098563066855 0.16562506294857796 40
0.5938643021773533 0.996098816083615 95
0.07646072142874437 0.024359099375987806 95
0.23992385450879233 0.05167559132001746 40
0.021910051951910686 0.513132848928811 95
0.24868087854363355 0.1374089186658446 40
0.0359024680048352 0.40614561979204217 95
0.038182380629435235 0.36398814673548596 95
0.05120985396985578 0.2702626709331843 95
0.25051528444314486 0.18971635226718814 40
