0.22567182209044884 1.0 95
0.21755267825039976 0.9063996480889268 95
0.18614689609727192 0.821363916887383 95
0.137715421040157 0.7478214533812825 95
0.19870716039136097 0.6887650695047803 95
0.14558056339657796 0.6291293731859254 95
0.11476834951025094 0.5794039731315334 95
0.1257730050239016 0.5330589731383775 95
0.09395993338708386 0.49124607814540255 95
0.11972633046079059 0.4529994820404461 95
0.08759611360484065 0.41755310490281 95
0.10608554445046774 0.3854175942564324 95
0.15834647091457482 0.3583001556221203 95
0.08990134098439073 0.3295637658824574 95
0.07949999144720601 0.30375161434245423 95
0.12981284516656447 0.28007578299984726 95
0.08435321961176902 0.25649789580814414 95
0.08648628511961169 0.23517767361663056 95
0.05827006096067622 0.21524361038998274 95
0.00930771752397386 0.19443688898497877 95
0.0 0.1773328195915144 95
0.1937524799116697 0.16355292367407612 95
0.6798021492976711 0.15704677307649695 95
0.1029461214046785 0.13059170074982163 95
0.19701350041425272 0.1162210021378713 95
0.2168145772767988 0.10280887500989488 95
0.2835947233217333 0.08977463609914235 95
0.34185159258546577 0.07671723185341374 95
0.37540089117109743 0.06431166946549292 95
0.4377538293945641 0.05235216559154809 95
0.4767669952549862 0.04041620945095273 95
0.514705520372461 0.029457251888102897 95
0.5868184229022196 0.018066079659704363 95
0.5636378324875898 0.007349261113427754 95
1.0 0.0 95
0.22567182209044884 1.0 40
0.21755267825039976 0.9063996480889268 40
0.18614689609727192 0.821363916887383 40
0.137715421040157 0.7478214533812825 40
0.19870716039136097 0.6887650695047803 40
0.14558056339657796 0.6291293731859254 40
0.11476834951025094 0.5794039731315334 40
0.1257730050239016 0.5330589731383775 40
0.09395993338708386 0.49124607814540255 40
0.11972633046079059 0.4529994820404461 40
0.08759611360484065 0.41755310490281 40
0.10608554445046774 0.3854175942564324 40
0.15834647091457482 0.3583001556221203 40
0.08990134098439073 0.3295637658824574 40
0.07949999144720601 0.30375161434245423 40
0.12981284516656447 0.28007578299984726 40
0.08435321961176902 0.25649789580814414 40
0.08648628511961169 0.23517767361663056 40
0.05827006096067622 0.21524361038998274 40
0.00930771752397386 0.19443688898497877 40
0.0 0.1773328195915144 40
0.1937524799116697 0.16355292367407612 40
0.6798021492976711 0.15704677307649695 40
0.1029461214046785 0.13059170074982163 40
0.19701350041425272 0.1162210021378713 40
0.2168145772767988 0.10280887500989488 40
0.2835947233217333 0.08977463609914235 40
0.34185159258546577 0.07671723185341374 40
0.37540089117109743 0.06431166946549292 40
0.4377538293945641 0.05235216559154809 40
0.4767669952549862 0.04041620945095273 40
0.514705520372461 0.029457251888102897 40
0.5868184229022196 0.018066079659704363 40
0.5636378324875898 0.007349261113427754 40
1.0 0.0 40
0.12981284516656447 0.28007578299984726 95
0.5636378324875898 0.007349261113427754 95
0.1257730050239016 0.5330589731383775 95
0.6798021492976711 0.15704677307649695 95
0.1937524799116697 0.16355292367407612 40
0.11972633046079059 0.4529994820404461 95
0.00930771752397386 0.19443688898497877 40
0.1257730050239016 0.5330589731383775 40
0.5636378324875898 0.007349261113427754 95
0.09395993338708386 0.49124607814540255 40
0.11476834951025094 0.5794039731315334 40
0.19870716039136097 0.6887650695047803 40
0.15834647091457482 0.3583001556221203 40
0.1029461214046785 0.13059170074982163 95
0.1937524799116697 0.16355292367407612 95
0.15834647091457482 0.3583001556221203 95
0.2835947233217333 0.08977463609914235 40
0.15834647091457482 0.3583001556221203 95
0.08435321961176902 0.25649789580814414 95
0.19701350041425272 0.1162210021378713 95
0.34185159258546577 0.07671723185341374 95
0.19870716039136097 0.6887650695047803 40
0.0 0.1773328195915144 40
0.11972633046079059 0.4529994820404461 40
1.0 0.0 95
0.12981284516656447 0.28007578299984726 95
0.514705520372461 0.029457251888102897 40
0.09395993338708386 0.49124607814540255 40
0.15834647091457482 0.3583001556221203 40
0.18614689609727192 0.821363916887383 40
0.1029461214046785 0.13059170074982163 40
0.21755267825039976 0.9063996480889268 95
0.6798021492976711 0.15704677307649695 95
0.00930771752397386 0.19443688898497877 95
0.14558056339657796 0.6291293731859254 95
0.08435321961176902 0.25649789580814414 40
0.1257730050239016 0.5330589731383775 95
0.08648628511961169 0.23517767361663056 40
0.12981284516656447 0.28007578299984726 40
0.18614689609727192 0.821363916887383 40
0.11972633046079059 0.4529994820404461 95
0.12981284516656447 0.28007578299984726 40
0.08648628511961169 0.23517767361663056 40
0.15834647091457482 0.3583001556221203 95
0.15834647091457482 0.3583001556221203 95
0.08990134098439073 0.3295637658824574 40
0.514705520372461 0.029457251888102897 40
0.08759611360484065 0.41755310490281 95
0.05827006096067622 0.21524361038998274 95
0.19870716039136097 0.6887650695047803 95
0.07949999144720601 0.30375161434245423 95
0.34185159258546577 0.07671723185341374 95
0.15834647091457482 0.3583001556221203 95
0.08648628511961169 0.23517767361663056 95
0.08435321961176902 0.25649789580814414 40
0.1257730050239016 0.5330589731383775 40
0.37540089117109743 0.06431166946549292 95
0.5636378324875898 0.007349261113427754 95
