0.08666149053688531 0.0 95
0.0863765657706181 0.005408187800436827 95
0.08745422504431982 0.011157101722134582 95
0.08675099471147946 0.015322480383644236 95
0.08954723589500345 0.02070731707276894 95
0.09070724517775332 0.024332137000982208 95
0.08310110379735255 0.0300450804720141 95
0.08209664245230822 0.035878679850436676 95
0.08051780610763572 0.03952147314547611 95
0.0820301946640207 0.04541284881560947 95
0.08190522454848723 0.050953162359725905 95
0.07806758256942863 0.054546279128986366 95
0.07742634313630156 0.05994056804468788 95
0.07671528524195118 0.06535470169399833 95
0.0799141119543828 0.07205238709567874 95
0.07904468414008878 0.07700379391744891 95
0.07572270532623844 0.0826462167184525 95
0.07481488456182385 0.08854147766026878 95
0.07569639775289519 0.09397140282137612 95
0.07645616250972175 0.10007867298105634 95
0.07698519185325292 0.10641554685429157 95
0.07398423252748774 0.11159947505413023 95
0.07363915128619267 0.11826010487701916 95
0.07406254578147572 0.12438010535791479 95
0.07201700872315445 0.13074380952609324 95
0.07158407617155403 0.1379750536557588 95
0.07059009051866402 0.14552202414845258 95
0.06978549030138205 0.15215283330485382 95
0.0698348217710439 0.160030710107506 95
0.06958966485159025 0.16758498029182303 95
0.06532218337021534 0.17563628289002958 95
0.06709117930254818 0.18440523586673851 95
0.06375471013658954 0.19209931089166082 95
0.06294203847953829 0.2020997401593935 95
0.06134218078173235 0.21067247234201944 95
0.05954855814141444 0.22120743174544497 95
0.057168499066871103 0.23140028287708064 95
0.055046984690141056 0.2420262085129257 95
0.057620842200406586 0.25353301808190476 95
0.055384085548039 0.265933958478049 95
0.051626868641438076 0.27822514273027127 95
0.05142024426986694 0.29215666047276134 95
0.050330483694056134 0.30744226873741376 95
0.044480629681700516 0.3222899035322219 95
0.04977338483699574 0.3385575719920095 95
0.040660028805391865 0.35639991863777903 95
0.03895940325364053 0.375525052805625 95
0.036924974272944194 0.3963084893861251 95
0.03812203573888902 0.41834135556740004 95
0.03127798124348506 0.4434714186612088 95
0.032192727881474606 0.47027505108645246 95
0.03286318674190749 0.4981527643548909 95
0.025338378983738963 0.530344785797121 95
0.02543696259108268 0.5675048635834921 95
0.01817845764764571 0.6076346130694436 95
0.01568847279981938 0.6541150926026006 95
0.015759710263517676 0.7060517534091781 95
0.015485132086317441 0.7631760095160206 95
0.005117677953342613 0.8356574189044065 95
0.0 0.9190866371565648 95
0.022944199198305953 0.9917081186178808 95
0.13569702791460558 0.9931002571902027 95
0.24251931083095657 0.994521512101409 95
0.35240153368427146 0.9962161700965106 95
0.4595377798482704 0.9975417327083913 95
0.5718706464750536 0.9951948878134608 95
0.6792943820689585 0.996401924197884 95
0.7859290918978655 1.0 95
0.8890145140732515 0.9975433648349173 95
1.0 0.9976938736255734 95
0.0 0.0 40
0.0008890977949606127 0.0056619109509078195 40
0.001945820443757811 0.012570260545287992 40
0.2397424147752355 0.01737856917709611 40
0.24105212466505926 0.02204616636680529 40
0.24407523326166788 0.027122984276957057 40
0.24478583403080623 0.03206124163345085 40
0.24535274074626023 0.037677743604780996 40
0.24399920687985086 0.040912756931553974 40
0.24327569605092667 0.04592375689044876 40
0.24576210186737138 0.052590693321023625 40
0.24578877961997656 0.05682646668717656 40
0.2449437562081433 0.06148376823713101 40
0.2451549054856578 0.06668209709350018 40
0.2459912430593035 0.07158282692746823 40
0.24551465765127703 0.07725745624619343 40
0.24586824840367216 0.08275834342997403 40
0.24774186119367594 0.08885961060185087 40
0.24900628741183214 0.09460165628484059 40
0.24749902733851722 0.09955129324935301 40
0.24767799719348424 0.10516823717576466 40
0.2503482635332228 0.11172862093403031 40
0.2496313252099961 0.11730244762841115 40
0.2534573147876418 0.12460844317553708 40
0.2521884193037469 0.1297996224085688 40
0.25398970049961067 0.1365350266443556 40
0.25363498888118347 0.143443326391309 40
0.2558736743794603 0.15103826771569395 40
0.25479014577480846 0.1579522389832277 40
0.2572653825402234 0.16537982567977347 40
0.25540881376597274 0.17277223525002905 40
0.2581251775990912 0.18049514093599547 40
0.25609613689167804 0.1891318917725494 40
0.25803148965160805 0.1970492923843896 40
0.2604343477156468 0.20606619634030868 40
0.2603909471564956 0.21522563935885827 40
0.260570922405844 0.22500135446573966 40
0.263619143263981 0.23558458819041242 40
0.2608266352794601 0.24542373588152938 40
0.2615583280337583 0.25690229240339174 40
0.263919142922935 0.2684952675546575 40
0.2620560709805083 0.2814865407223077 40
0.2670368334366668 0.2954973082688737 40
0.2674988105060923 0.30898762752159453 40
0.2687744394637232 0.32421667139149024 40
0.2697860388490663 0.3404788825908384 40
0.2702082903381237 0.358504889157949 40
0.2718895631082564 0.37617372270903177 40
0.27322947448041546 0.39653805923983343 40
0.2740368443105871 0.41875522560190404 40
0.27786969232225195 0.4439714821453426 40
0.2808663561968824 0.4692690264687337 40
0.2844816296342818 0.49766217568889115 40
0.28741470494842863 0.5298581487322178 40
0.29038349805538327 0.5655910628902249 40
0.2970778624023292 0.6048421030175792 40
0.2998107951881567 0.6508308091776369 40
0.3051294266456987 0.70157928014489 40
0.3195958381047309 0.7577311899056857 40
0.32168758664901287 0.8290538202663901 40
0.3345980521476945 0.9113336954732466 40
0.3520962371409194 1.0 40
0.4489790239898789 0.997017519363061 40
0.543176395681018 0.9968436342062269 40
0.6357417352986581 0.993969015027493 40
0.7295763826928747 0.9907142930955994 40
0.8206320305465585 0.9907213882179631 40
0.911396187220275 0.991005789372179 40
1.0 0.9903219293560044 40
0.055384085548039 0.265933958478049 95
0.08745422504431982 0.011157101722134582 95
0.24900628741183214 0.09460165628484059 40
0.050330483694056134 0.30744226873741376 95
0.2615583280337583 0.25690229240339174 40
0.2451549054856578 0.06668209709350018 40
0.005117677953342613 0.8356574189044065 95
0.24576210186737138 0.052590693321023625 40
0.08675099471147946 0.015322480383644236 95
0.08745422504431982 0.011157101722134582 95
0.3520962371409194 1.0 40
0.08190522454848723 0.050953162359725905 95
0.07645616250972175 0.10007867298105634 95
0.08209664245230822 0.035878679850436676 95
0.07742634313630156 0.05994056804468788 95
0.263919142922935 0.2684952675546575 40
0.07671528524195118 0.06535470169399833 95
0.24251931083095657 0.994521512101409 95
0.07406254578147572 0.12438010535791479 95
0.13569702791460558 0.9931002571902027 95
0.08954723589500345 0.02070731707276894 95
0.263919142922935 0.2684952675546575 40
0.24576210186737138 0.052590693321023625 40
0.2674988105060923 0.30898762752159453 40
0.24327569605092667 0.04592375689044876 40
0.08954723589500345 0.02070731707276894 95
0.2670368334366668 0.2954973082688737 40
0.25540881376597274 0.17277223525002905 40
0.057168499066871103 0.23140028287708064 95
0.2620560709805083 0.2814865407223077 40
0.25609613689167804 0.1891318917725494 40
0.08190522454848723 0.050953162359725905 95
0.050330483694056134 0.30744226873741376 95
0.051626868641438076 0.27822514273027127 95
0.0008890977949606127 0.0056619109509078195 40
0.057168499066871103 0.23140028287708064 95
0.0 0.0 40
0.08675099471147946 0.015322480383644236 95
0.07201700872315445 0.13074380952609324 95
0.08745422504431982 0.011157101722134582 95
0.2620560709805083 0.2814865407223077 40
0.25540881376597274 0.17277223525002905 40
1.0 0.9903219293560044 40
0.06532218337021534 0.17563628289002958 95
0.24749902733851722 0.09955129324935301 40
0.32168758664901287 0.8290538202663901 40
0.01817845764764571 0.6076346130694436 95
0.24578877961997656 0.05682646668717656 40
0.05954855814141444 0.22120743174544497 95
0.07698519185325292 0.10641554685429157 95
0.09070724517775332 0.024332137000982208 95
0.7295763826928747 0.9907142930955994 40
0.08310110379735255 0.0300450804720141 95
0.2615583280337583 0.25690229240339174 40
0.27786969232225195 0.4439714821453426 40
0.24900628741183214 0.09460165628484059 40
0.0799141119543828 0.07205238709567874 95
0.2451549054856578 0.06668209709350018 40
0.03812203573888902 0.41834135556740004 95
0.25398970049961067 0.1365350266443556 40
0.2451549054856578 0.06668209709350018 40
0.2572653825402234 0.16537982567977347 40
0.0698348217710439 0.160030710107506 95
0.3051294266456987 0.70157928014489 40
0.24535274074626023 0.037677743604780996 40
0.2534573147876418 0.12460844317553708 40
0.0820301946640207 0.04541284881560947 95
0.27786969232225195 0.4439714821453426 40
0.2558736743794603 0.15103826771569395 40
0.24767799719348424 0.10516823717576466 40
0.06532218337021534 0.17563628289002958 95
0.0 0.0 40
0.32168758664901287 0.8290538202663901 40
0.07572270532623844 0.0826462167184525 95
0.263919142922935 0.2684952675546575 40
0.2620560709805083 0.2814865407223077 40
0.2397424147752355 0.01737856917709611 40
0.03895940325364053 0.375525052805625 95
0.07742634313630156 0.05994056804468788 95
0.03895940325364053 0.375525052805625 95
0.24578877961997656 0.05682646668717656 40
0.07671528524195118 0.06535470169399833 95
0.06134218078173235 0.21067247234201944 95
0.28741470494842863 0.5298581487322178 40
0.2697860388490663 0.3404788825908384 40
0.24578877961997656 0.05682646668717656 40
0.08675099471147946 0.015322480383644236 95
0.6792943820689585 0.996401924197884 95
0.8890145140732515 0.9975433648349173 95
0.001945820443757811 0.012570260545287992 40
0.022944199198305953 0.9917081186178808 95
0.08051780610763572 0.03952147314547611 95
0.055046984690141056 0.2420262085129257 95
0.6792943820689585 0.996401924197884 95
0.2534573147876418 0.12460844317553708 40
0.28741470494842863 0.5298581487322178 40
0.2970778624023292 0.6048421030175792 40
0.2697860388490663 0.3404788825908384 40
0.3051294266456987 0.70157928014489 40
0.263619143263981 0.23558458819041242 40
0.2620560709805083 0.2814865407223077 40
0.07406254578147572 0.12438010535791479 95
0.015485132086317441 0.7631760095160206 95
0.2670368334366668 0.2954973082688737 40
0.4489790239898789 0.997017519363061 40
0.2844816296342818 0.49766217568889115 40
0.0820301946640207 0.04541284881560947 95
0.25363498888118347 0.143443326391309 40
0.24478583403080623 0.03206124163345085 40
0.0 0.0 40
0.24900628741183214 0.09460165628484059 40
0.24535274074626023 0.037677743604780996 40
0.08675099471147946 0.015322480383644236 95
0.06532218337021534 0.17563628289002958 95
0.2604343477156468 0.20606619634030868 40
0.03286318674190749 0.4981527643548909 95
0.025338378983738963 0.530344785797121 95
