0.0836697458635786 0.0 95
0.08381556105054072 0.003223707055706393 95
0.08251957882028943 0.008304892171562179 95
0.0833154182123686 0.01395892214791316 95
0.08454839552269819 0.018977571337431172 95
0.09076331396113077 0.02469532588759845 95
0.07824937113471592 0.028423520024570357 95
0.07985388228539093 0.03446440499791426 95
0.07815351523669764 0.03893829395647449 95
0.07864360228147782 0.044512293441101254 95
0.07576826343331901 0.04829118623359673 95
0.07863145331670572 0.054899110465224804 95
0.07633696925745327 0.06007162463496173 95
0.07473195084092464 0.06439672655930985 95
0.07326359197372148 0.06948112346611544 95
0.0729502093817065 0.07495698023935135 95
0.07288602145183969 0.08063843984700829 95
0.07173904730666426 0.08617634027614378 95
0.07220694117606642 0.0925772775401213 95
0.0700934674284962 0.09844967684781537 95
0.07415559890738384 0.10512518951884733 95
0.07190239344805639 0.1107086639582529 95
0.07260471497834742 0.11752717560093474 95
0.06638848476346257 0.12264729517381585 95
0.07043250766954634 0.13043198228877628 95
0.06679499761204606 0.13610595496363243 95
0.06544929638170359 0.14288139586430823 95
0.06548605483773272 0.15036161523085328 95
0.06503241758345357 0.15817100332772493 95
0.06407253879422624 0.16606436261216587 95
0.06033910605372023 0.17346088816494437 95
0.05915155942938139 0.1817791556517217 95
0.06143264976003281 0.1915680098360945 95
0.06249532440440187 0.1999615885496971 95
0.060515208135184954 0.20931614783254895 95
0.0579398172726568 0.21934154445575724 95
0.05638176809227885 0.22937244071650637 95
0.054037996304839735 0.24020186613526434 95
0.054213314033968736 0.2516685066147897 95
0.051699163844106805 0.26372225263387367 95
0.048760100044438585 0.2753292891942158 95
0.049458803913481474 0.28964886219692537 95
0.04507383398369502 0.3041505159432145 95
0.04446944067016391 0.31934927019003784 95
0.040224273328004004 0.3351660955896156 95
0.04196920191803252 0.35258436373994234 95
0.03765544061343288 0.37144162724546215 95
0.03439502000837714 0.39134728910126737 95
0.035625355221352455 0.41378146845107255 95
0.03389237661572166 0.4368804700588232 95
0.028829694952890766 0.4622170165579396 95
0.02915943450533611 0.49125437075917566 95
0.022155388466437328 0.5239229128925152 95
0.021892951828937388 0.5591873646309822 95
0.01772395929470736 0.5989440487140761 95
0.009761228725830715 0.6442412225327969 95
0.010495879310024206 0.6948914673563357 95
0.008320189719983837 0.7501356690378969 95
0.008321041914468917 0.8155500676888726 95
0.0 0.8972580952106076 95
0.0023910902532032993 0.9845974082300694 95
0.11107104424008542 0.9935072890596982 95
0.22043837019178322 0.9949964174544007 95
0.3314675780155977 0.9970098109637736 95
0.4466137984022626 0.9981655153324056 95
0.5574208268278833 0.9991990627124956 95
0.6714490777910771 0.9979136801704984 95
0.7787979517634065 0.9990675010969399 95
0.8917315602857734 0.9977865518675866 95
1.0 1.0 95
0.0 0.0 40
0.002480704734216619 0.006110860879974105 40
0.003285348539505705 0.011998358369922777 40
0.24526098864291038 0.022126494444413017 40
0.24704979968583074 0.027082320956360612 40
0.25040635047617854 0.0329119121393831 40
0.24971482409185522 0.03683648327975847 40
0.25099373019101956 0.042868850904780105 40
0.24803670307707135 0.046584030032097754 40
0.24836608832916046 0.051710671686967635 40
0.2489164131790572 0.0571221236932059 40
0.24960588062778513 0.061726702437030864 40
0.24942875507834544 0.06670188827117475 40
0.25034296846879267 0.07216036264987771 40
0.25123733998247605 0.07725120394717945 40
0.25472233902092245 0.08405033200698499 40
0.25240093656842855 0.08906679337907937 40
0.25194551524756503 0.09424930005486638 40
0.2553999930845448 0.10093280048925082 40
0.25336094983397395 0.10605465074863984 40
0.25444616124259034 0.11217863549133873 40
0.25631448162582887 0.11811145109108884 40
0.25730002471094116 0.12424012158126099 40
0.25604423718369906 0.1300240452942839 40
0.2578750558372249 0.13682061810086396 40
0.25948866677317595 0.14377366262641228 40
0.25922923971214357 0.1507788114076707 40
0.2591153057228226 0.15808264954644205 40
0.26003425979051215 0.1650666284059051 40
0.25982461177321275 0.17195651878308457 40
0.2608486571348945 0.1800944299060679 40
0.2619385997173788 0.18844513315283828 40
0.26165041798798133 0.1966252094475676 40
0.264255511135076 0.20575325743453438 40
0.26531222368281765 0.21466573766601932 40
0.2658099687706931 0.22475970404233947 40
0.2662612995173197 0.2350038170517335 40
0.2648057430007674 0.2455532247984058 40
0.2664585990289553 0.2563850096133734 40
0.26941605104664024 0.2681427320369872 40
0.27068538045103974 0.28056884866930476 40
0.27347392249770813 0.29373169806450433 40
0.27265864824357694 0.30789870542508857 40
0.27300710117067356 0.32255497748699935 40
0.2750419657811874 0.339207351593682 40
0.2767871140426223 0.35574517655855326 40
0.27874144961574776 0.37446291427107636 40
0.27669909219525607 0.3941459436388043 40
0.2781796667823311 0.415923129715429 40
0.28394230953843974 0.4399388177475741 40
0.2873708646309882 0.4644715462015231 40
0.2900076428386268 0.4928634828387439 40
0.2897995791018508 0.5251646477737092 40
0.29299338882681636 0.5598729128430001 40
0.2992587359188105 0.6000959389043751 40
0.306741827336756 0.6435549876887995 40
0.30843096841017437 0.6941820461906482 40
0.32411459774892926 0.7475741645182371 40
0.32997401290998796 0.8154759058102242 40
0.3418853235125774 0.8936663906964534 40
0.3530780738689973 0.988724159067085 40
0.4385875844814489 0.9990295383022357 40
0.5358203626633887 1.0 40
0.6315754492098775 0.9933725842291703 40
0.7244677927222077 0.9932106320189582 40
0.8167074557182307 0.9940098791127961 40
0.9090163034297726 0.9935685934276839 40
1.0 0.9931258917256898 40
0.028829694952890766 0.4622170165579396 95
0.060515208135184954 0.20931614783254895 95
0.07173904730666426 0.08617634027614378 95
0.25982461177321275 0.17195651878308457 40
0.8917315602857734 0.9977865518675866 95
0.3314675780155977 0.9970098109637736 95
0.06143264976003281 0.1915680098360945 95
0.25034296846879267 0.07216036264987771 40
0.060515208135184954 0.20931614783254895 95
0.26003425979051215 0.1650666284059051 40
0.07190239344805639 0.1107086639582529 95
0.08381556105054072 0.003223707055706393 95
0.04507383398369502 0.3041505159432145 95
0.06033910605372023 0.17346088816494437 95
0.8167074557182307 0.9940098791127961 40
0.2578750558372249 0.13682061810086396 40
0.060515208135184954 0.20931614783254895 95
0.2591153057228226 0.15808264954644205 40
0.25604423718369906 0.1300240452942839 40
0.25034296846879267 0.07216036264987771 40
0.8917315602857734 0.9977865518675866 95
0.2767871140426223 0.35574517655855326 40
0.008321041914468917 0.8155500676888726 95
0.25099373019101956 0.042868850904780105 40
0.2658099687706931 0.22475970404233947 40
0.07288602145183969 0.08063843984700829 95
0.2619385997173788 0.18844513315283828 40
0.32997401290998796 0.8154759058102242 40
0.25922923971214357 0.1507788114076707 40
0.7244677927222077 0.9932106320189582 40
0.008320189719983837 0.7501356690378969 95
0.2578750558372249 0.13682061810086396 40
0.0836697458635786 0.0 95
0.2664585990289553 0.2563850096133734 40
0.04446944067016391 0.31934927019003784 95
0.04196920191803252 0.35258436373994234 95
0.08251957882028943 0.008304892171562179 95
0.07288602145183969 0.08063843984700829 95
0.3530780738689973 0.988724159067085 40
0.06544929638170359 0.14288139586430823 95
0.25444616124259034 0.11217863549133873 40
0.25472233902092245 0.08405033200698499 40
0.04507383398369502 0.3041505159432145 95
0.25604423718369906 0.1300240452942839 40
0.054213314033968736 0.2516685066147897 95
0.048760100044438585 0.2753292891942158 95
0.32411459774892926 0.7475741645182371 40
0.060515208135184954 0.20931614783254895 95
0.25922923971214357 0.1507788114076707 40
0.25099373019101956 0.042868850904780105 40
0.7244677927222077 0.9932106320189582 40
0.07260471497834742 0.11752717560093474 95
0.022155388466437328 0.5239229128925152 95
0.021892951828937388 0.5591873646309822 95
0.2591153057228226 0.15808264954644205 40
0.26003425979051215 0.1650666284059051 40
0.25336094983397395 0.10605465074863984 40
0.4466137984022626 0.9981655153324056 95
0.2664585990289553 0.2563850096133734 40
0.7787979517634065 0.9990675010969399 95
0.07043250766954634 0.13043198228877628 95
0.07815351523669764 0.03893829395647449 95
1.0 0.9931258917256898 40
0.2767871140426223 0.35574517655855326 40
0.03439502000837714 0.39134728910126737 95
0.2553999930845448 0.10093280048925082 40
0.008321041914468917 0.8155500676888726 95
0.2767871140426223 0.35574517655855326 40
0.32411459774892926 0.7475741645182371 40
0.01772395929470736 0.5989440487140761 95
0.02915943450533611 0.49125437075917566 95
0.22043837019178322 0.9949964174544007 95
0.040224273328004004 0.3351660955896156 95
0.07864360228147782 0.044512293441101254 95
0.0729502093817065 0.07495698023935135 95
0.03765544061343288 0.37144162724546215 95
0.09076331396113077 0.02469532588759845 95
0.07190239344805639 0.1107086639582529 95
0.022155388466437328 0.5239229128925152 95
0.009761228725830715 0.6442412225327969 95
0.07043250766954634 0.13043198228877628 95
0.25444616124259034 0.11217863549133873 40
0.008320189719983837 0.7501356690378969 95
0.26003425979051215 0.1650666284059051 40
0.04507383398369502 0.3041505159432145 95
0.29299338882681636 0.5598729128430001 40
0.07633696925745327 0.06007162463496173 95
0.07173904730666426 0.08617634027614378 95
0.003285348539505705 0.011998358369922777 40
0.0729502093817065 0.07495698023935135 95
0.0700934674284962 0.09844967684781537 95
0.30843096841017437 0.6941820461906482 40
0.25123733998247605 0.07725120394717945 40
0.054213314033968736 0.2516685066147897 95
0.06544929638170359 0.14288139586430823 95
0.0833154182123686 0.01395892214791316 95
0.2900076428386268 0.4928634828387439 40
0.11107104424008542 0.9935072890596982 95
0.26003425979051215 0.1650666284059051 40
0.25730002471094116 0.12424012158126099 40
0.2658099687706931 0.22475970404233947 40
0.06249532440440187 0.1999615885496971 95
0.2489164131790572 0.0571221236932059 40
0.5358203626633887 1.0 40
0.24960588062778513 0.061726702437030864 40
0.02915943450533611 0.49125437075917566 95
0.0 0.8972580952106076 95
0.008321041914468917 0.8155500676888726 95
0.0 0.0 40
0.25194551524756503 0.09424930005486638 40
0.7244677927222077 0.9932106320189582 40
0.264255511135076 0.20575325743453438 40
0.05638176809227885 0.22937244071650637 95
0.2873708646309882 0.4644715462015231 40
0.25730002471094116 0.12424012158126099 40
0.2553999930845448 0.10093280048925082 40
0.11107104424008542 0.9935072890596982 95
0.2900076428386268 0.4928634828387439 40
