0.2679413855547118 1.0 95
0.27925756936645973 0.9063324456761158 95
0.16945847629521885 0.8200721093698701 95
0.20064863091381296 0.7489055135641237 95
0.2174022555924198 0.6862544195337222 95
0.15384527175877877 0.627258905859301 95
0.19571047083542684 0.5800662257912329 95
0.1460177074673127 0.5335314224242976 95
0.08462082943592607 0.48995930379832714 95
0.10885512261131029 0.4525685269723208 95
0.11582172479458454 0.4177559287290059 95
0.1217297096726538 0.3866931905799177 95
0.13072809761320428 0.35828783920345914 95
0.19675082403423927 0.33178755422228484 95
0.11942784520490067 0.3038251176340281 95
0.09926165933209506 0.28036868054723735 95
0.08537989577587492 0.25794148619274554 95
0.054374754331690645 0.23643879930856862 95
0.05900506847604055 0.21618597786680166 95
0.0 0.19620845798454967 95
0.03600267939097166 0.1790126418928108 95
0.10049966973277769 0.16310091205768135 95
1.0 0.16285319270940551 95
0.13363700906407042 0.13239962971952543 95
0.20563739193591926 0.11830353709397284 95
0.2882903876292333 0.10486127478322023 95
0.3204193084525938 0.0919502085155788 95
0.3869752413662423 0.07899646597497784 95
0.4191315654890454 0.06645138930781931 95
0.4727032995324502 0.05439157989424961 95
0.4954710253939236 0.04342195624087717 95
0.5614156231161234 0.031432894410350465 95
0.6312913806426979 0.02122351603252047 95
0.564487862001002 0.009524934715258164 95
0.7304267182876308 0.0 95
0.2679413855547118 1.0 40
0.27925756936645973 0.9063324456761158 40
0.16945847629521885 0.8200721093698701 40
0.20064863091381296 0.7489055135641237 40
0.2174022555924198 0.6862544195337222 40
0.15384527175877877 0.627258905859301 40
0.19571047083542684 0.5800662257912329 40
0.1460177074673127 0.5335314224242976 40
0.08462082943592607 0.48995930379832714 40
0.10885512261131029 0.4525685269723208 40
0.11582172479458454 0.4177559287290059 40
0.1217297096726538 0.3866931905799177 40
0.13072809761320428 0.35828783920345914 40
0.19675082403423927 0.33178755422228484 40
0.11942784520490067 0.3038251176340281 40
0.09926165933209506 0.28036868054723735 40
0.08537989577587492 0.25794148619274554 40
0.054374754331690645 0.23643879930856862 40
0.05900506847604055 0.21618597786680166 40
0.0 0.19620845798454967 40
0.03600267939097166 0.1790126418928108 40
0.10049966973277769 0.16310091205768135 40
1.0 0.16285319270940551 40
0.13363700906407042 0.13239962971952543 40
0.20563739193591926 0.11830353709397284 40
0.2882903876292333 0.10486127478322023 40
0.3204193084525938 0.0919502085155788 40
0.3869752413662423 0.07899646597497784 40
0.4191315654890454 0.06645138930781931 40
0.4727032995324502 0.05439157989424961 40
0.4954710253939236 0.04342195624087717 40
0.5614156231161234 0.031432894410350465 40
0.6312913806426979 0.02122351603252047 40
0.564487862001002 0.009524934715258164 40
0.7304267182876308 0.0 40
0.15384527175877877 0.627258905859301 40
1.0 0.16285319270940551 40
0.03600267939097166 0.1790126418928108 95
0.054374754331690645 0.23643879930856862 40
0.10885512261131029 0.4525685269723208 40
0.054374754331690645 0.23643879930856862 95
0.11942784520490067 0.3038251176340281 40
0.05900506847604055 0.21618597786680166 40
0.16945847629521885 0.8200721093698701 40
0.2882903876292333 0.10486127478322023 95
0.09926165933209506 0.28036868054723735 95
0.1217297096726538 0.3866931905799177 40
0.03600267939097166 0.1790126418928108 40
0.3204193084525938 0.0919502085155788 40
0.03600267939097166 0.1790126418928108 40
0.6312913806426979 0.02122351603252047 40
0.4954710253939236 0.04342195624087717 95
0.2174022555924198 0.6862544195337222 95
0.08537989577587492 0.25794148619274554 40
0.3204193084525938 0.0919502085155788 95
0.3204193084525938 0.0919502085155788 40
0.4954710253939236 0.04342195624087717 95
0.2679413855547118 1.0 95
0.1217297096726538 0.3866931905799177 95
0.564487862001002 0.009524934715258164 40
0.7304267182876308 0.0 40
0.1460177074673127 0.5335314224242976 95
0.2174022555924198 0.6862544195337222 40
0.08537989577587492 0.25794148619274554 40
0.05900506847604055 0.21618597786680166 95
0.2679413855547118 1.0 95
0.20064863091381296 0.7489055135641237 40
0.09926165933209506 0.28036868054723735 40
0.2679413855547118 1.0 95
0.19675082403423927 0.33178755422228484 95
0.564487862001002 0.009524934715258164 95
0.11942784520490067 0.3038251176340281 95
1.0 0.16285319270940551 95
0.19571047083542684 0.5800662257912329 95
0.27925756936645973 0.9063324456761158 95
0.11582172479458454 0.4177559287290059 95
0.10885512261131029 0.4525685269723208 95
0.2882903876292333 0.10486127478322023 95
0.054374754331690645 0.23643879930856862 40
0.15384527175877877 0.627258905859301 95
0.4727032995324502 0.05439157989424961 95
0.2679413855547118 1.0 95
0.10049966973277769 0.16310091205768135 95
0.05900506847604055 0.21618597786680166 40
0.4954710253939236 0.04342195624087717 95
0.19675082403423927 0.33178755422228484 40
0.1460177074673127 0.5335314224242976 95
0.7304267182876308 0.0 40
0.20064863091381296 0.7489055135641237 40
0.16945847629521885 0.8200721093698701 95
0.08537989577587492 0.25794148619274554 95
0.19571047083542684 0.5800662257912329 40
0.16945847629521885 0.8200721093698701 40
