0.0844857679753821 0.0 95
0.08427240941710049 0.004730205602143041 95
0.08540014429101646 0.010435067270492381 95
0.08368584373069521 0.015094716729446846 95
0.08596946324074246 0.019231054240398917 95
0.07993827812451468 0.02593933317139029 95
0.07770454502727399 0.02949615479676212 95
0.079843534847057 0.03596597104512548 95
0.07856463786830539 0.03979863331152304 95
0.07872848885455976 0.04548112572130103 95
0.07785793066385986 0.04962300368601659 95
0.0771928076802202 0.055849087216496084 95
0.07732306176855906 0.06161626558426814 95
0.07606846958734449 0.06596562038517241 95
0.07569992241941377 0.07154278366075764 95
0.07508200890693659 0.0778315254264489 95
0.07524109907780058 0.08377442325743849 95
0.07471646260428207 0.08865927374691117 95
0.07252849215252266 0.09456730550262783 95
0.07175535918976347 0.09989294101689505 95
0.07377835990484707 0.10625661740137432 95
0.07025485477538611 0.11207390225436914 95
0.07304996429109208 0.11879133297546866 95
0.070585601452615 0.12487280470472759 95
0.07346513134469494 0.13216235877749993 95
0.06945108341977335 0.13858755657567634 95
0.070706801765573 0.14681815585889868 95
0.06434223023891358 0.15309646482532824 95
0.06547944065207113 0.16033768499205006 95
0.06356424122415778 0.16854518420136483 95
0.06278163883938297 0.17706330165714015 95
0.06392766005651196 0.1860683030059222 95
0.061958851466534924 0.19426213050844018 95
0.0609983113897747 0.20334890432806138 95
0.06264148378798998 0.21342630585951325 95
0.056594254453002646 0.2229601992890072 95
0.05936230592156183 0.23361398175444387 95
0.054237903529859556 0.24452430134814737 95
0.05237116267490487 0.2562628946181052 95
0.0526825922553064 0.26819635875027703 95
0.05090681016225792 0.2820499775317398 95
0.04969885951359977 0.2957673535014848 95
0.050444054767543545 0.310445541765306 95
0.044994989940544676 0.32684081536166265 95
0.04258317022716559 0.34247210676767065 95
0.04419005055091858 0.36143974056332256 95
0.04116393618377434 0.3811524980193569 95
0.03990111990020719 0.4019846846149128 95
0.03719067112147616 0.4246355213317697 95
0.033394654740720606 0.44976324376016025 95
0.028574902343030124 0.4770342491763086 95
0.02866064789475118 0.5051767624806538 95
0.02759517348200883 0.5389032409841651 95
0.02057077605727045 0.5781563613999469 95
0.017839326187315707 0.6200288375179667 95
0.017850034677634977 0.6649303771997789 95
0.015567885704380526 0.7196897938063704 95
0.01339642258603656 0.7812880978914198 95
0.003379391408977824 0.8559010418418955 95
0.0 0.9416989789258934 95
0.053604796390996835 0.9931655971362412 95
0.15967466761417365 0.9945049546490979 95
0.2642259533027201 0.9969423068317501 95
0.3682398865372316 0.9978139018510804 95
0.4727825283348123 0.9990139836595788 95
0.5795287246120009 1.0 95
0.6845030017344448 0.9981272246724829 95
0.7895617134980826 0.9978257304789657 95
0.8953059745369367 0.9990880050447088 95
1.0 0.9985191361143728 95
0.0 0.0 40
0.0014734906065515534 0.005027026216412536 40
0.004734980791372207 0.011944200482223858 40
0.2355972124309985 0.016135136164454618 40
0.2406009346732632 0.02192073619039921 40
0.2406903091662853 0.026303849597888385 40
0.23950754593814766 0.030650965018064736 40
0.24207162418015432 0.036791458930985586 40
0.24280214800838926 0.04052317492617118 40
0.2412723507687619 0.04686739966298427 40
0.24009839756387305 0.05074462913373111 40
0.24109690205041578 0.05591470763795179 40
0.2410804304951939 0.06122588112014915 40
0.24328301965978993 0.06660623047842455 40
0.24376491038349493 0.07279064465564095 40
0.24339084254141508 0.07722246686710689 40
0.24361772213642283 0.08364544926816253 40
0.24572971876890054 0.08944299277569326 40
0.24314806124693952 0.0939289637379196 40
0.24531606348836013 0.10049300029021294 40
0.2471184791757044 0.10653325064042704 40
0.24566446642907083 0.11104767855384085 40
0.2459184533908926 0.11705163380134902 40
0.24968516162151097 0.12434334589234732 40
0.24707324485463172 0.1299814662053075 40
0.24829599571097924 0.13673301732459256 40
0.249744364312143 0.1438153636411772 40
0.2520957733314473 0.15121002976246048 40
0.2503030385616699 0.1580883182097847 40
0.24982294753465134 0.16501384815120065 40
0.2536562114046528 0.17353159289105943 40
0.2542538984349504 0.18144858192419602 40
0.2527394773262284 0.18999882436706164 40
0.25355097376833513 0.19820487115650862 40
0.25496308771280635 0.20716397694964964 40
0.2565499553952388 0.2167254141811039 40
0.2568697303421654 0.22726511661241017 40
0.2574472428269995 0.23656229394122447 40
0.2595093027525331 0.24763173875357483 40
0.260069715916469 0.2594073950337843 40
0.257364996806197 0.27086134456872063 40
0.2598429537524903 0.28365922010758327 40
0.2608747470617705 0.29715450470240223 40
0.26469789357516854 0.31191403386048083 40
0.2609085484838624 0.3276394040341876 40
0.26459485338894007 0.34323451753601525 40
0.264216039386264 0.3619810659237855 40
0.2691069479088813 0.380926236611125 40
0.2707761156299918 0.4016721392817271 40
0.2693576223072831 0.4248731527120359 40
0.2748205200613567 0.4488220042530475 40
0.2746476742767012 0.4756414988239936 40
0.279647451880226 0.5038212899326072 40
0.2814884441188888 0.5380812784062973 40
0.28378295584654545 0.5748927518008407 40
0.2894285098541858 0.6173907094833841 40
0.29946656572756 0.6612038452019514 40
0.3062381751951978 0.7132147642176416 40
0.3138469564166691 0.7753805252479319 40
0.3186025151906163 0.8490958988861401 40
0.3323299538109384 0.933260070096989 40
0.37220427819189633 0.997523073998593 40
0.4600607145537245 0.9994435596024913 40
0.5525026038687758 1.0 40
0.6458427286818834 0.9942782168547197 40
0.7331938908354658 0.9934211675776932 40
0.8209940780624109 0.9931530875640766 40
0.909501984548368 0.9933235396864789 40
1.0 0.9922552175550978 40
0.0 0.9416989789258934 95
0.2748205200613567 0.4488220042530475 40
0.2406903091662853 0.026303849597888385 40
0.2520957733314473 0.15121002976246048 40
0.909501984548368 0.9933235396864789 40
0.24707324485463172 0.1299814662053075 40
0.24009839756387305 0.05074462913373111 40
0.08596946324074246 0.019231054240398917 95
0.07569992241941377 0.07154278366075764 95
0.2527394773262284 0.18999882436706164 40
0.07770454502727399 0.02949615479676212 95
0.0 0.0 40
0.2520957733314473 0.15121002976246048 40
0.260069715916469 0.2594073950337843 40
0.24376491038349493 0.07279064465564095 40
0.2406009346732632 0.02192073619039921 40
0.07304996429109208 0.11879133297546866 95
0.24566446642907083 0.11104767855384085 40
0.0609983113897747 0.20334890432806138 95
0.23950754593814766 0.030650965018064736 40
0.2527394773262284 0.18999882436706164 40
0.0 0.9416989789258934 95
0.061958851466534924 0.19426213050844018 95
0.2574472428269995 0.23656229394122447 40
0.0526825922553064 0.26819635875027703 95
0.004734980791372207 0.011944200482223858 40
0.0014734906065515534 0.005027026216412536 40
0.8953059745369367 0.9990880050447088 95
0.05090681016225792 0.2820499775317398 95
0.3682398865372316 0.9978139018510804 95
0.24572971876890054 0.08944299277569326 40
0.24566446642907083 0.11104767855384085 40
0.07025485477538611 0.11207390225436914 95
0.07856463786830539 0.03979863331152304 95
0.24009839756387305 0.05074462913373111 40
0.07524109907780058 0.08377442325743849 95
0.079843534847057 0.03596597104512548 95
0.5795287246120009 1.0 95
0.25496308771280635 0.20716397694964964 40
0.2565499553952388 0.2167254141811039 40
0.0609983113897747 0.20334890432806138 95
0.04419005055091858 0.36143974056332256 95
0.5525026038687758 1.0 40
0.07508200890693659 0.0778315254264489 95
0.07856463786830539 0.03979863331152304 95
0.0 0.0 40
0.249744364312143 0.1438153636411772 40
0.24982294753465134 0.16501384815120065 40
0.05936230592156183 0.23361398175444387 95
0.24829599571097924 0.13673301732459256 40
0.6845030017344448 0.9981272246724829 95
0.07377835990484707 0.10625661740137432 95
0.01339642258603656 0.7812880978914198 95
0.07304996429109208 0.11879133297546866 95
0.264216039386264 0.3619810659237855 40
0.07175535918976347 0.09989294101689505 95
0.07606846958734449 0.06596562038517241 95
0.24531606348836013 0.10049300029021294 40
0.909501984548368 0.9933235396864789 40
0.06434223023891358 0.15309646482532824 95
0.24531606348836013 0.10049300029021294 40
0.03990111990020719 0.4019846846149128 95
0.2503030385616699 0.1580883182097847 40
0.02759517348200883 0.5389032409841651 95
0.24572971876890054 0.08944299277569326 40
0.2691069479088813 0.380926236611125 40
0.24109690205041578 0.05591470763795179 40
0.249744364312143 0.1438153636411772 40
0.033394654740720606 0.44976324376016025 95
0.02759517348200883 0.5389032409841651 95
0.07606846958734449 0.06596562038517241 95
0.257364996806197 0.27086134456872063 40
0.04258317022716559 0.34247210676767065 95
0.0 0.0 40
0.0844857679753821 0.0 95
0.3062381751951978 0.7132147642176416 40
0.015567885704380526 0.7196897938063704 95
0.25496308771280635 0.20716397694964964 40
0.07606846958734449 0.06596562038517241 95
0.2410804304951939 0.06122588112014915 40
0.0844857679753821 0.0 95
0.3323299538109384 0.933260070096989 40
0.015567885704380526 0.7196897938063704 95
0.08368584373069521 0.015094716729446846 95
0.5795287246120009 1.0 95
0.25355097376833513 0.19820487115650862 40
0.0844857679753821 0.0 95
0.0 0.9416989789258934 95
0.23950754593814766 0.030650965018064736 40
0.06356424122415778 0.16854518420136483 95
0.04969885951359977 0.2957673535014848 95
0.04969885951359977 0.2957673535014848 95
0.05936230592156183 0.23361398175444387 95
0.24328301965978993 0.06660623047842455 40
0.017839326187315707 0.6200288375179667 95
0.3062381751951978 0.7132147642176416 40
0.0014734906065515534 0.005027026216412536 40
0.249744364312143 0.1438153636411772 40
0.2565499553952388 0.2167254141811039 40
0.079843534847057 0.03596597104512548 95
0.260069715916469 0.2594073950337843 40
0.079843534847057 0.03596597104512548 95
0.7895617134980826 0.9978257304789657 95
0.2574472428269995 0.23656229394122447 40
0.07346513134469494 0.13216235877749993 95
0.260069715916469 0.2594073950337843 40
0.28378295584654545 0.5748927518008407 40
0.07993827812451468 0.02593933317139029 95
0.07770454502727399 0.02949615479676212 95
0.05936230592156183 0.23361398175444387 95
0.26459485338894007 0.34323451753601525 40
0.07377835990484707 0.10625661740137432 95
0.017839326187315707 0.6200288375179667 95
0.061958851466534924 0.19426213050844018 95
0.260069715916469 0.2594073950337843 40
0.24328301965978993 0.06660623047842455 40
0.2471184791757044 0.10653325064042704 40
