0.08442416026231392 0.0 95
0.08480753668370578 0.005865595643829184 95
0.08496205118266588 0.010355122395486945 95
0.08553875212981721 0.014788452755562806 95
0.08756074857343464 0.020068398071264072 95
0.0895686317303792 0.0241918605392645 95
0.0812254891487629 0.029915197700499576 95
0.0793656517629012 0.0347055674414642 95
0.08028710526815488 0.04063204476964511 95
0.08070213888894581 0.045968710172666856 95
0.07863708751653894 0.0497148597900313 95
0.07691258202826948 0.05521517520177319 95
0.07578310415603547 0.06020126008252401 95
0.07498539806808079 0.06555491742631742 95
0.07783153388859883 0.07201824426039453 95
0.07631794255289809 0.07701499841881916 95
0.07378017534648307 0.08312216526701724 95
0.07089164295831303 0.08796942604194967 95
0.07428019136779151 0.09433320846376336 95
0.07468114086465479 0.10026343602885511 95
0.07275647491879197 0.10584629300265425 95
0.073730915341647 0.11241908260869593 95
0.07096145418795777 0.11838807574465049 95
0.07208645372366108 0.12449568335402883 95
0.07100154550583243 0.13120633604656992 95
0.06901595603975186 0.13816036047398286 95
0.06927362697209581 0.14586151396587616 95
0.0664218194689714 0.15210256154546237 95
0.06469643939662319 0.15971162989525786 95
0.06549473862132425 0.16735710229940778 95
0.06515773229544883 0.17625643980900102 95
0.06185531370298275 0.1841469306442827 95
0.06396821403505133 0.19277150355176537 95
0.06368392332054458 0.2024580564668993 95
0.06279163710810705 0.2115728130068568 95
0.05668831120816149 0.22115994830134814 95
0.059204287947768226 0.23197095373431154 95
0.05449176359566614 0.24244324009567955 95
0.055543182835788345 0.25364843879654186 95
0.05435600990913614 0.2660537451090833 95
0.05128207967195472 0.27845690982728877 95
0.04891076362789756 0.2920229704428544 95
0.047733632733024826 0.30712564630865086 95
0.04491245495404031 0.3220900403426057 95
0.048245198755275005 0.3383990322470229 95
0.0422808112467063 0.3568302251752914 95
0.037646695898698714 0.37473920951286904 95
0.03766917559659855 0.3964160447893343 95
0.03527757920106171 0.4180135280214843 95
0.027426875001351266 0.4431929507360812 95
0.027330459006698882 0.4700493137515419 95
0.02383272435112739 0.4987560496293863 95
0.026560856659484083 0.5303819264820111 95
0.02111391294509748 0.5670342007445874 95
0.01762845685199744 0.6073187087173555 95
0.01603613354548534 0.6520609559669893 95
0.011886146885284379 0.7053055401481025 95
0.007245748454104878 0.7646250975331405 95
0.006004720642294296 0.8350209765996538 95
0.0 0.9182111647846262 95
0.023761051501055133 0.9914032629885834 95
0.13426593086970978 0.9930836825804349 95
0.2405891655666921 0.9943185155629055 95
0.3534183582874005 0.9963796828354818 95
0.45769955712475324 0.9971757733609017 95
0.5717557740267338 0.9978307333466153 95
0.6784824277172851 1.0 95
0.7864731993047824 0.9977097888591193 95
0.894521134275503 0.9979674804056309 95
1.0 0.9971070983635802 95
0.0 0.0 40
0.002643104104497078 0.00723142229784097 40
0.2433594068171775 0.016651003840715158 40
0.2445294307774851 0.021478539449854814 40
0.2488868652022376 0.02718406195321169 40
0.24834056032554824 0.03135275358551961 40
0.24790999166043853 0.0366733398461475 40
0.24588496949426236 0.04088915597144202 40
0.24801736751702552 0.04731521417875236 40
0.24653490129964648 0.05130964027756744 40
0.24772171064854237 0.05639227065719599 40
0.24885787566983184 0.06241442431334347 40
0.2492527358388211 0.06744550448935273 40
0.25232431369146135 0.07358641356560802 40
0.2519936492324506 0.07865410618895619 40
0.2495869083749255 0.08330270271842771 40
0.25142354368851033 0.08981352526053701 40
0.25247043167057537 0.09523002242195867 40
0.25306510581266545 0.10109705004912485 40
0.2523732441072453 0.10698377225018227 40
0.2563265892704371 0.11331411120463025 40
0.25428087439177416 0.11924995413466166 40
0.25549645347848166 0.12553831699885665 40
0.2575566538345649 0.13217790477732122 40
0.25585128481173364 0.13842395676683664 40
0.2576509068158937 0.14619712386387718 40
0.25886858562161663 0.1537353138741241 40
0.2576568972799133 0.16028065841980646 40
0.25838168893159225 0.16748773396957167 40
0.25943836320337066 0.1758726342741503 40
0.259590624914018 0.18398965850505053 40
0.2624892903584286 0.19284497891968747 40
0.26347148514981666 0.20157312763987553 40
0.2645518003979976 0.2109011199462687 40
0.2647000924824879 0.2209406022662132 40
0.2625367339347724 0.23009099706056133 40
0.2625038052571998 0.24119038132123327 40
0.2678208326983383 0.2526357706639303 40
0.2662266662284136 0.2638969946939075 40
0.2674564362701665 0.2767257252206395 40
0.2706024783013795 0.2900171806768565 40
0.2681491610613381 0.3038135476645052 40
0.27134808630814333 0.3193366846429891 40
0.2732609726424381 0.33555616914739556 40
0.27697882848371197 0.35245385580202043 40
0.2750971413292636 0.37119723867296867 40
0.276124852768865 0.3910670039271706 40
0.27685807770118603 0.41284736064722566 40
0.27988972635385134 0.43665960462532527 40
0.28655968598661397 0.4618270764030391 40
0.28690995519674606 0.48996615843289354 40
0.28783071012502565 0.5225405359915843 40
0.2947132558703938 0.5577476699722265 40
0.2992094048876265 0.5981450438106933 40
0.30468917056607764 0.641798355124658 40
0.3091649231027368 0.6924391130994649 40
0.3214960901073855 0.7480146025496117 40
0.32732993619988954 0.8166741117431495 40
0.33835147816247285 0.8956258807288967 40
0.35313356174236965 0.9882148824868491 40
0.436680319576403 0.9981988839344011 40
0.5334415075971608 1.0 40
0.6305374316593102 0.9953353872509701 40
0.7224582542152702 0.9923496071493941 40
0.8136302775812353 0.9929964936214584 40
0.9069179843861036 0.9928477912543001 40
1.0 0.9926899549327268 40
0.35313356174236965 0.9882148824868491 40
0.07631794255289809 0.07701499841881916 95
0.2732609726424381 0.33555616914739556 40
0.2674564362701665 0.2767257252206395 40
0.073730915341647 0.11241908260869593 95
0.2519936492324506 0.07865410618895619 40
0.27697882848371197 0.35245385580202043 40
0.2681491610613381 0.3038135476645052 40
0.6784824277172851 1.0 95
0.2625367339347724 0.23009099706056133 40
0.3214960901073855 0.7480146025496117 40
0.08496205118266588 0.010355122395486945 95
0.27134808630814333 0.3193366846429891 40
0.24801736751702552 0.04731521417875236 40
0.02111391294509748 0.5670342007445874 95
0.07378017534648307 0.08312216526701724 95
0.002643104104497078 0.00723142229784097 40
0.06396821403505133 0.19277150355176537 95
0.0422808112467063 0.3568302251752914 95
0.002643104104497078 0.00723142229784097 40
0.25585128481173364 0.13842395676683664 40
0.05128207967195472 0.27845690982728877 95
0.24885787566983184 0.06241442431334347 40
0.2645518003979976 0.2109011199462687 40
0.27988972635385134 0.43665960462532527 40
0.05449176359566614 0.24244324009567955 95
0.08480753668370578 0.005865595643829184 95
0.07089164295831303 0.08796942604194967 95
0.30468917056607764 0.641798355124658 40
0.02383272435112739 0.4987560496293863 95
0.3534183582874005 0.9963796828354818 95
0.2575566538345649 0.13217790477732122 40
0.059204287947768226 0.23197095373431154 95
0.2576568972799133 0.16028065841980646 40
0.13426593086970978 0.9930836825804349 95
0.24801736751702552 0.04731521417875236 40
0.3534183582874005 0.9963796828354818 95
0.2405891655666921 0.9943185155629055 95
0.28783071012502565 0.5225405359915843 40
0.26347148514981666 0.20157312763987553 40
0.01762845685199744 0.6073187087173555 95
0.24834056032554824 0.03135275358551961 40
0.2625367339347724 0.23009099706056133 40
0.24834056032554824 0.03135275358551961 40
0.07631794255289809 0.07701499841881916 95
0.2563265892704371 0.11331411120463025 40
0.0664218194689714 0.15210256154546237 95
0.2645518003979976 0.2109011199462687 40
0.01762845685199744 0.6073187087173555 95
0.04491245495404031 0.3220900403426057 95
0.24588496949426236 0.04088915597144202 40
0.13426593086970978 0.9930836825804349 95
0.2647000924824879 0.2209406022662132 40
0.2575566538345649 0.13217790477732122 40
0.0 0.9182111647846262 95
0.25232431369146135 0.07358641356560802 40
0.07578310415603547 0.06020126008252401 95
0.45769955712475324 0.9971757733609017 95
0.08756074857343464 0.020068398071264072 95
0.32732993619988954 0.8166741117431495 40
0.08028710526815488 0.04063204476964511 95
0.08553875212981721 0.014788452755562806 95
0.08070213888894581 0.045968710172666856 95
0.07631794255289809 0.07701499841881916 95
0.07378017534648307 0.08312216526701724 95
0.25549645347848166 0.12553831699885665 40
0.28655968598661397 0.4618270764030391 40
0.25585128481173364 0.13842395676683664 40
0.07096145418795777 0.11838807574465049 95
0.007245748454104878 0.7646250975331405 95
0.9069179843861036 0.9928477912543001 40
0.2992094048876265 0.5981450438106933 40
0.24790999166043853 0.0366733398461475 40
0.7224582542152702 0.9923496071493941 40
0.06185531370298275 0.1841469306442827 95
0.6784824277172851 1.0 95
0.0895686317303792 0.0241918605392645 95
0.0422808112467063 0.3568302251752914 95
0.2674564362701665 0.2767257252206395 40
0.08442416026231392 0.0 95
1.0 0.9926899549327268 40
0.02383272435112739 0.4987560496293863 95
0.06279163710810705 0.2115728130068568 95
0.01603613354548534 0.6520609559669893 95
0.3214960901073855 0.7480146025496117 40
0.006004720642294296 0.8350209765996538 95
0.3091649231027368 0.6924391130994649 40
0.27697882848371197 0.35245385580202043 40
0.07089164295831303 0.08796942604194967 95
0.25428087439177416 0.11924995413466166 40
0.047733632733024826 0.30712564630865086 95
0.07578310415603547 0.06020126008252401 95
0.2492527358388211 0.06744550448935273 40
0.9069179843861036 0.9928477912543001 40
0.2445294307774851 0.021478539449854814 40
0.25247043167057537 0.09523002242195867 40
0.436680319576403 0.9981988839344011 40
0.002643104104497078 0.00723142229784097 40
0.27134808630814333 0.3193366846429891 40
0.2992094048876265 0.5981450438106933 40
0.047733632733024826 0.30712564630865086 95
0.24772171064854237 0.05639227065719599 40
0.436680319576403 0.9981988839344011 40
0.01603613354548534 0.6520609559669893 95
0.06515773229544883 0.17625643980900102 95
0.08496205118266588 0.010355122395486945 95
0.2519936492324506 0.07865410618895619 40
1.0 0.9971070983635802 95
0.011886146885284379 0.7053055401481025 95
0.2495869083749255 0.08330270271842771 40
0.048245198755275005 0.3383990322470229 95
0.2647000924824879 0.2209406022662132 40
0.13426593086970978 0.9930836825804349 95
0.05449176359566614 0.24244324009567955 95
0.2433594068171775 0.016651003840715158 40
0.436680319576403 0.9981988839344011 40
0.0895686317303792 0.0241918605392645 95
0.007245748454104878 0.7646250975331405 95
0.02111391294509748 0.5670342007445874 95
