0.08872052182760368 0.0 95
0.08654195530339347 0.0032518579017479727 95
0.08768886427501843 0.008047725172415442 95
0.08926027734192704 0.014232900718463823 95
0.09205720477694312 0.01865200301086808 95
0.08190835767266545 0.02313848526756935 95
0.0838191333773791 0.02972033382204147 95
0.0807455599392993 0.03341910191745198 95
0.0824547936263603 0.039681952426850596 95
0.08147000070557778 0.04460287899736081 95
0.08138785614597033 0.04928666370012017 95
0.08022411321405047 0.05489975305227554 95
0.0793580038588609 0.059310107953599145 95
0.07908280149953278 0.06521911099738502 95
0.07977491409152365 0.07128762124474539 95
0.07991571568315023 0.07703806922278034 95
0.07775380616364497 0.08275310351942913 95
0.0746347785391408 0.08736248056854998 95
0.07642806428005365 0.09441991230948273 95
0.07622066934231432 0.09989097652249282 95
0.0755743820219179 0.10619108143461733 95
0.07188504380355495 0.11163442970789997 95
0.07339908015118976 0.11884536506960981 95
0.07449118793934922 0.12559221931410208 95
0.07128436904588353 0.13170525016650225 95
0.07269642854138539 0.13886994095048194 95
0.06861721620625691 0.14584375776728078 95
0.0716428563770474 0.15421424872522385 95
0.06837166893388481 0.16147970475825837 95
0.06944009009328014 0.1697181199311371 95
0.06357088686297278 0.1772903078928291 95
0.06554237571840123 0.18704403608187242 95
0.06476243964861818 0.19525908457696597 95
0.06727958473161764 0.20483652661891172 95
0.06052889202632167 0.2148087521074189 95
0.06021672012848286 0.2249426095145873 95
0.05869008834263027 0.2355906745138052 95
0.05854599374687442 0.2468574761944305 95
0.057925499848573286 0.25929357133077213 95
0.058607758643304746 0.27118167734108184 95
0.05378471776142228 0.2844634596273544 95
0.04994177167558951 0.29893784615657043 95
0.04476328302121147 0.314560904332034 95
0.042834565506183905 0.3307796001588757 95
0.0453144760058676 0.34836552953811784 95
0.04011181916422216 0.3668498537489478 95
0.04047421183767992 0.3871075563563829 95
0.03841673572732923 0.40923602354791105 95
0.03443630014805673 0.43233832093242724 95
0.03377270618058779 0.45791459138953605 95
0.03257794037794801 0.4865895752160398 95
0.025886132448444246 0.5186337611929785 95
0.01936500954432579 0.5539476305862103 95
0.01845718781793431 0.5920240298077538 95
0.018083963390619198 0.6367254944897888 95
0.012145560920583632 0.6881195184414173 95
0.010306245714234054 0.7447686338462066 95
0.011987685417489452 0.8102145331779332 95
0.0024576296219059636 0.8915392250469841 95
0.0 0.9826913475088244 95
0.10434750254998544 0.9919039681415371 95
0.21722392136028598 0.9940174708347327 95
0.3306589028656617 0.994724727693497 95
0.4405620898580205 0.9957600899883595 95
0.5548549514093996 0.9974996111673867 95
0.6639976224758877 0.9985576570350241 95
0.7780030690539024 1.0 95
0.8864056642975248 0.99686122666042 95
1.0 0.9978780538785363 95
0.0 0.0 40
0.002984134701783365 0.005606570192593905 40
0.005484463947842262 0.012003694865699703 40
0.24277605127610266 0.017775892860103015 40
0.24474288022236443 0.021519907068682554 40
0.24491774081786555 0.026588806987665626 40
0.24861988313100575 0.03305532829804412 40
0.24883737685606183 0.03665717845637449 40
0.2485873775042323 0.04283753092115746 40
0.24771774895118356 0.04698250459745632 40
0.2480609293990595 0.05205778053498612 40
0.24711383426969294 0.05654889603634825 40
0.24800422222733665 0.06231751711155103 40
0.24923039784685444 0.06744710775685515 40
0.25016707733843885 0.07285717000850234 40
0.25005710097537065 0.0779975548745604 40
0.25029721814594674 0.08345185784932055 40
0.25271962533239095 0.08990238797724213 40
0.2511965801337966 0.0950981009356862 40
0.25275227925162835 0.10106993533870977 40
0.25359674158944395 0.10640394369735008 40
0.25450204902229673 0.11242223882702648 40
0.25336408488396245 0.11783886725413946 40
0.2536116332840111 0.1244801127991929 40
0.25485396403674254 0.13075555322796611 40
0.2588477964834562 0.1381083821671044 40
0.2572840397582 0.144342461421951 40
0.2553411100265788 0.15075313414752822 40
0.25760276003462607 0.15886407624101814 40
0.26052220872559345 0.16602864846799015 40
0.260554967585027 0.17339299958680202 40
0.26237330669611214 0.18171986693095102 40
0.26191750471342595 0.19020945781353762 40
0.2622649307885791 0.19832182035635604 40
0.2646046288123005 0.20715475917068032 40
0.263465103843395 0.21627379094284632 40
0.2652750018123027 0.22646720165281403 40
0.2634592238004442 0.23618988929302182 40
0.2679035623940546 0.24690676794305996 40
0.26560464837634146 0.2579704434887856 40
0.2667264889062633 0.269540696207163 40
0.267181030864705 0.28284550499140865 40
0.2680280238192818 0.2956703767471838 40
0.2728415455861845 0.30996677374729503 40
0.27427144535082065 0.3249457077384454 40
0.27499543787101993 0.3415430254549788 40
0.2761336599099725 0.35925685387943856 40
0.27495689181778465 0.3770659939022242 40
0.27691039823476815 0.39681737851983506 40
0.28077626145865686 0.41996021605396033 40
0.2815675322732688 0.4430816327174089 40
0.28463728089615864 0.46955192913013155 40
0.286372267845305 0.4978654759436874 40
0.2930209278717027 0.5299599520363832 40
0.29540379863256605 0.5650358966546151 40
0.30007655058274557 0.604558061755715 40
0.3058274824155947 0.6489332160099431 40
0.31087836725900303 0.7002809841974695 40
0.3184367232733341 0.7579054797275703 40
0.32781991494514734 0.8243978958072083 40
0.3387757864645101 0.9067381140979281 40
0.35874921664445797 0.9951464563252177 40
0.4450142345396037 1.0 40
0.5413735465471857 0.9984015377275673 40
0.6328432121185624 0.9960771875868842 40
0.7253704131375774 0.9943547958016311 40
0.8176392192534493 0.9952652504651971 40
0.9098485903021944 0.9958894520104834 40
1.0 0.9945589608043811 40
0.07269642854138539 0.13886994095048194 95
0.07269642854138539 0.13886994095048194 95
0.06861721620625691 0.14584375776728078 95
0.08926027734192704 0.014232900718463823 95
0.25271962533239095 0.08990238797724213 40
0.28077626145865686 0.41996021605396033 40
0.011987685417489452 0.8102145331779332 95
0.06357088686297278 0.1772903078928291 95
0.0024576296219059636 0.8915392250469841 95
0.2536116332840111 0.1244801127991929 40
0.0453144760058676 0.34836552953811784 95
0.2815675322732688 0.4430816327174089 40
0.0807455599392993 0.03341910191745198 95
0.0453144760058676 0.34836552953811784 95
0.0793580038588609 0.059310107953599145 95
0.06357088686297278 0.1772903078928291 95
0.07642806428005365 0.09441991230948273 95
0.005484463947842262 0.012003694865699703 40
0.05378471776142228 0.2844634596273544 95
0.32781991494514734 0.8243978958072083 40
0.24800422222733665 0.06231751711155103 40
0.03841673572732923 0.40923602354791105 95
0.2553411100265788 0.15075313414752822 40
0.025886132448444246 0.5186337611929785 95
0.4450142345396037 1.0 40
0.26191750471342595 0.19020945781353762 40
0.0755743820219179 0.10619108143461733 95
0.057925499848573286 0.25929357133077213 95
0.05869008834263027 0.2355906745138052 95
0.2511965801337966 0.0950981009356862 40
0.2652750018123027 0.22646720165281403 40
0.25016707733843885 0.07285717000850234 40
0.24474288022236443 0.021519907068682554 40
0.03257794037794801 0.4865895752160398 95
0.0838191333773791 0.02972033382204147 95
0.8864056642975248 0.99686122666042 95
0.2667264889062633 0.269540696207163 40
0.04476328302121147 0.314560904332034 95
0.06727958473161764 0.20483652661891172 95
0.08926027734192704 0.014232900718463823 95
0.04047421183767992 0.3871075563563829 95
0.26560464837634146 0.2579704434887856 40
0.06554237571840123 0.18704403608187242 95
1.0 0.9978780538785363 95
0.2572840397582 0.144342461421951 40
0.06727958473161764 0.20483652661891172 95
0.08872052182760368 0.0 95
0.03443630014805673 0.43233832093242724 95
0.08654195530339347 0.0032518579017479727 95
0.0807455599392993 0.03341910191745198 95
0.35874921664445797 0.9951464563252177 40
0.08022411321405047 0.05489975305227554 95
0.08768886427501843 0.008047725172415442 95
0.25359674158944395 0.10640394369735008 40
0.08022411321405047 0.05489975305227554 95
0.057925499848573286 0.25929357133077213 95
0.08022411321405047 0.05489975305227554 95
0.2679035623940546 0.24690676794305996 40
0.08654195530339347 0.0032518579017479727 95
0.2646046288123005 0.20715475917068032 40
0.8864056642975248 0.99686122666042 95
0.2588477964834562 0.1381083821671044 40
0.3058274824155947 0.6489332160099431 40
0.24277605127610266 0.017775892860103015 40
0.08654195530339347 0.0032518579017479727 95
0.08147000070557778 0.04460287899736081 95
0.24800422222733665 0.06231751711155103 40
0.25485396403674254 0.13075555322796611 40
0.03257794037794801 0.4865895752160398 95
0.0716428563770474 0.15421424872522385 95
0.07449118793934922 0.12559221931410208 95
0.07128436904588353 0.13170525016650225 95
0.06357088686297278 0.1772903078928291 95
0.25005710097537065 0.0779975548745604 40
0.012145560920583632 0.6881195184414173 95
0.35874921664445797 0.9951464563252177 40
0.5548549514093996 0.9974996111673867 95
0.32781991494514734 0.8243978958072083 40
0.24474288022236443 0.021519907068682554 40
0.06861721620625691 0.14584375776728078 95
0.0024576296219059636 0.8915392250469841 95
0.010306245714234054 0.7447686338462066 95
0.7780030690539024 1.0 95
0.286372267845305 0.4978654759436874 40
0.24771774895118356 0.04698250459745632 40
0.6639976224758877 0.9985576570350241 95
0.07775380616364497 0.08275310351942913 95
0.24800422222733665 0.06231751711155103 40
0.2652750018123027 0.22646720165281403 40
0.27495689181778465 0.3770659939022242 40
0.08147000070557778 0.04460287899736081 95
0.35874921664445797 0.9951464563252177 40
0.31087836725900303 0.7002809841974695 40
0.7780030690539024 1.0 95
0.08926027734192704 0.014232900718463823 95
0.8864056642975248 0.99686122666042 95
0.07977491409152365 0.07128762124474539 95
0.3058274824155947 0.6489332160099431 40
0.04011181916422216 0.3668498537489478 95
0.25029721814594674 0.08345185784932055 40
0.06727958473161764 0.20483652661891172 95
0.3184367232733341 0.7579054797275703 40
0.2667264889062633 0.269540696207163 40
0.07269642854138539 0.13886994095048194 95
0.2761336599099725 0.35925685387943856 40
0.07642806428005365 0.09441991230948273 95
0.24800422222733665 0.06231751711155103 40
0.0793580038588609 0.059310107953599145 95
0.26560464837634146 0.2579704434887856 40
0.08147000070557778 0.04460287899736081 95
0.04994177167558951 0.29893784615657043 95
0.27499543787101993 0.3415430254549788 40
0.6328432121185624 0.9960771875868842 40
0.018083963390619198 0.6367254944897888 95
0.07269642854138539 0.13886994095048194 95
0.26560464837634146 0.2579704434887856 40
0.04047421183767992 0.3871075563563829 95
0.06052889202632167 0.2148087521074189 95
