0.3141086010092166 1.0 95
0.17536510800049643 0.9037358925056417 95
0.20825629725849765 0.823185592556903 95
0.08417044821462759 0.7489442263281262 95
0.16937266960101707 0.6896093939557136 95
0.17004714912467 0.6337465695811851 95
0.1734310637533372 0.584585959791624 95
0.09166504035405333 0.5379769304315607 95
0.11862187101701507 0.49567825423341044 95
0.10525616002000099 0.45762512511821973 95
0.12703581627673113 0.4226582911723611 95
0.10519092927535792 0.39003649708439314 95
0.12298892240982502 0.35994434839040595 95
0.15016551157586577 0.33209816104637735 95
0.14715115735525272 0.3060297271189764 95
0.11704987625441055 0.28212006272812623 95
0.07499000788564303 0.2570602082853974 95
0.025097946455465887 0.23503173367840716 95
0.022698674505717244 0.21471555029947512 95
0.0 0.19531597211175986 95
0.0031449302968387183 0.17599104272161434 95
1.0 0.17329063962913246 95
0.11473324010374585 0.14292546202560033 95
0.11541994161666515 0.12703987866591032 95
0.3461797102609191 0.1138574549403847 95
0.416615445345781 0.10053284856325054 95
0.36101653956459645 0.0854042674790959 95
0.4322046613037973 0.07136395912749613 95
0.5630314342561287 0.05941791535850786 95
0.6153715595154334 0.04715266262023012 95
0.6538866028396644 0.03449198293910903 95
0.6758726426338402 0.02145294399050193 95
0.7971606643582169 0.011353589476070547 95
0.8769345874436071 0.0 95
0.3141086010092166 1.0 40
0.17536510800049643 0.9037358925056417 40
0.20825629725849765 0.823185592556903 40
0.08417044821462759 0.7489442263281262 40
0.16937266960101707 0.6896093939557136 40
0.17004714912467 0.6337465695811851 40
0.1734310637533372 0.584585959791624 40
0.09166504035405333 0.5379769304315607 40
0.11862187101701507 0.49567825423341044 40
0.10525616002000099 0.45762512511821973 40
0.12703581627673113 0.4226582911723611 40
0.10519092927535792 0.39003649708439314 40
0.12298892240982502 0.35994434839040595 40
0.15016551157586577 0.33209816104637735 40
0.14715115735525272 0.3060297271189764 40
0.11704987625441055 0.28212006272812623 40
0.07499000788564303 0.2570602082853974 40
0.025097946455465887 0.23503173367840716 40
0.022698674505717244 0.21471555029947512 40
0.0 0.19531597211175986 40
0.0031449302968387183 0.17599104272161434 40
1.0 0.17329063962913246 40
0.11473324010374585 0.14292546202560033 40
0.11541994161666515 0.12703987866591032 40
0.3461797102609191 0.1138574549403847 40
0.416615445345781 0.10053284856325054 40
0.36101653956459645 0.0854042674790959 40
0.4322046613037973 0.07136395912749613 40
0.5630314342561287 0.05941791535850786 40
0.6153715595154334 0.04715266262023012 40
0.6538866028396644 0.03449198293910903 40
0.6758726426338402 0.02145294399050193 40
0.7971606643582169 0.011353589476070547 40
0.8769345874436071 0.0 40
0.6538866028396644 0.03449198293910903 40
0.4322046613037973 0.07136395912749613 95
0.11862187101701507 0.49567825423341044 95
0.14715115735525272 0.3060297271189764 95
0.20825629725849765 0.823185592556903 40
0.7971606643582169 0.011353589476070547 40
0.6758726426338402 0.02145294399050193 95
0.0 0.19531597211175986 95
0.10525616002000099 0.45762512511821973 40
0.3461797102609191 0.1138574549403847 95
0.07499000788564303 0.2570602082853974 95
0.4322046613037973 0.07136395912749613 95
0.09166504035405333 0.5379769304315607 95
0.022698674505717244 0.21471555029947512 95
0.3141086010092166 1.0 95
0.8769345874436071 0.0 95
0.09166504035405333 0.5379769304315607 95
0.11704987625441055 0.28212006272812623 40
0.12298892240982502 0.35994434839040595 95
0.14715115735525272 0.3060297271189764 40
0.17004714912467 0.6337465695811851 40
0.022698674505717244 0.21471555029947512 40
0.022698674505717244 0.21471555029947512 95
0.11862187101701507 0.49567825423341044 95
0.8769345874436071 0.0 95
0.0 0.19531597211175986 40
0.16937266960101707 0.6896093939557136 40
0.17536510800049643 0.9037358925056417 40
0.10519092927535792 0.39003649708439314 40
0.16937266960101707 0.6896093939557136 40
0.16937266960101707 0.6896093939557136 95
0.3461797102609191 0.1138574549403847 40
0.07499000788564303 0.2570602082853974 95
0.15016551157586577 0.33209816104637735 95
0.09166504035405333 0.5379769304315607 95
0.14715115735525272 0.3060297271189764 40
0.16937266960101707 0.6896093939557136 95
0.0031449302968387183 0.17599104272161434 95
0.12298892240982502 0.35994434839040595 95
0.022698674505717244 0.21471555029947512 95
0.15016551157586577 0.33209816104637735 40
0.0031449302968387183 0.17599104272161434 40
0.20825629725849765 0.823185592556903 40
0.3461797102609191 0.1138574549403847 40
0.1734310637533372 0.584585959791624 40
0.09166504035405333 0.5379769304315607 40
0.20825629725849765 0.823185592556903 40
0.3461797102609191 0.1138574549403847 95
0.0 0.19531597211175986 95
0.4322046613037973 0.07136395912749613 40
0.1734310637533372 0.584585959791624 40
0.15016551157586577 0.33209816104637735 95
0.20825629725849765 0.823185592556903 95
0.10519092927535792 0.39003649708439314 40
0.416615445345781 0.10053284856325054 95
0.14715115735525272 0.3060297271189764 95
0.14715115735525272 0.3060297271189764 95
0.025097946455465887 0.23503173367840716 40
0.8769345874436071 0.0 40
0.10519092927535792 0.39003649708439314 95
