0.22718429549810915 1.0 95
0.27426818371185824 0.9073401275189 95
0.24777417540665694 0.8221557685372411 95
0.23416616783621758 0.750811203953966 95
0.16070305399865725 0.6840827432650352 95
0.07285912475988503 0.625515651805548 95
0.15439465421909718 0.5778331491382201 95
0.13668824688208514 0.5315474029619816 95
0.06953678258150982 0.4898285567119857 95
0.13114632123785047 0.45216884220022663 95
0.08858005166868964 0.4167288448773909 95
0.14316372765986823 0.3862646967873446 95
0.11713932931476742 0.3557273223667437 95
0.20140570625902104 0.32997774180210643 95
0.12929945929330788 0.30411498853196833 95
0.09428919431602992 0.27961903357613194 95
0.13276579905000652 0.25860835865786574 95
0.05158281451990982 0.2355278027638908 95
0.06030955035288307 0.2161095234702417 95
0.0 0.19648933417023187 95
0.05791539481388709 0.17906556769264936 95
0.021218666823576357 0.16190089041352607 95
1.0 0.16144785511834428 95
0.15398165041194767 0.1316465889985903 95
0.16372574849330754 0.11738101284766825 95
0.3173395093850987 0.10569724893164839 95
0.3851268819905408 0.09169663609565092 95
0.38262712461310905 0.07854800299996022 95
0.47118590261839 0.06701122295380102 95
0.5245113743349534 0.055254078544444245 95
0.54631475300993 0.043631043335446776 95
0.6192679635722761 0.03201344019899209 95
0.6438096305393818 0.02101590515253204 95
0.6653628672517564 0.00987436186606892 95
0.7954122527747258 0.0 95
0.22718429549810915 1.0 40
0.27426818371185824 0.9073401275189 40
0.24777417540665694 0.8221557685372411 40
0.23416616783621758 0.750811203953966 40
0.16070305399865725 0.6840827432650352 40
0.07285912475988503 0.625515651805548 40
0.15439465421909718 0.5778331491382201 40
0.13668824688208514 0.5315474029619816 40
0.06953678258150982 0.4898285567119857 40
0.13114632123785047 0.45216884220022663 40
0.08858005166868964 0.4167288448773909 40
0.14316372765986823 0.3862646967873446 40
0.11713932931476742 0.3557273223667437 40
0.20140570625902104 0.32997774180210643 40
0.12929945929330788 0.30411498853196833 40
0.09428919431602992 0.27961903357613194 40
0.13276579905000652 0.25860835865786574 40
0.05158281451990982 0.2355278027638908 40
0.06030955035288307 0.2161095234702417 40
0.0 0.19648933417023187 40
0.05791539481388709 0.17906556769264936 40
0.021218666823576357 0.16190089041352607 40
1.0 0.16144785511834428 40
0.15398165041194767 0.1316465889985903 40
0.16372574849330754 0.11738101284766825 40
0.3173395093850987 0.10569724893164839 40
0.3851268819905408 0.09169663609565092 40
0.38262712461310905 0.07854800299996022 40
0.47118590261839 0.06701122295380102 40
0.5245113743349534 0.055254078544444245 40
0.54631475300993 0.043631043335446776 40
0.6192679635722761 0.03201344019899209 40
0.6438096305393818 0.02101590515253204 40
0.6653628672517564 0.00987436186606892 40
0.7954122527747258 0.0 40
0.20140570625902104 0.32997774180210643 40
0.20140570625902104 0.32997774180210643 40
0.16070305399865725 0.6840827432650352 40
0.15398165041194767 0.1316465889985903 40
0.13114632123785047 0.45216884220022663 40
0.38262712461310905 0.07854800299996022 95
0.14316372765986823 0.3862646967873446 40
0.7954122527747258 0.0 95
0.3173395093850987 0.10569724893164839 40
0.6438096305393818 0.02101590515253204 40
0.27426818371185824 0.9073401275189 95
0.7954122527747258 0.0 95
0.23416616783621758 0.750811203953966 95
0.7954122527747258 0.0 95
0.16070305399865725 0.6840827432650352 95
0.23416616783621758 0.750811203953966 40
0.08858005166868964 0.4167288448773909 95
0.15398165041194767 0.1316465889985903 40
0.47118590261839 0.06701122295380102 40
0.12929945929330788 0.30411498853196833 40
0.3851268819905408 0.09169663609565092 40
0.05158281451990982 0.2355278027638908 40
0.13114632123785047 0.45216884220022663 40
0.54631475300993 0.043631043335446776 95
0.6438096305393818 0.02101590515253204 95
0.3851268819905408 0.09169663609565092 40
0.13114632123785047 0.45216884220022663 40
1.0 0.16144785511834428 40
0.14316372765986823 0.3862646967873446 95
0.27426818371185824 0.9073401275189 40
0.7954122527747258 0.0 95
0.38262712461310905 0.07854800299996022 40
0.20140570625902104 0.32997774180210643 40
0.6438096305393818 0.02101590515253204 40
1.0 0.16144785511834428 40
0.54631475300993 0.043631043335446776 95
0.021218666823576357 0.16190089041352607 40
0.06030955035288307 0.2161095234702417 95
0.6438096305393818 0.02101590515253204 40
0.27426818371185824 0.9073401275189 40
0.24777417540665694 0.8221557685372411 40
0.27426818371185824 0.9073401275189 95
0.22718429549810915 1.0 40
0.24777417540665694 0.8221557685372411 40
0.5245113743349534 0.055254078544444245 95
0.13114632123785047 0.45216884220022663 95
0.15398165041194767 0.1316465889985903 40
0.06953678258150982 0.4898285567119857 40
0.24777417540665694 0.8221557685372411 40
0.13668824688208514 0.5315474029619816 95
0.06953678258150982 0.4898285567119857 40
0.6438096305393818 0.02101590515253204 40
0.54631475300993 0.043631043335446776 40
0.13668824688208514 0.5315474029619816 95
0.24777417540665694 0.8221557685372411 40
0.7954122527747258 0.0 95
0.7954122527747258 0.0 95
0.08858005166868964 0.4167288448773909 95
