0.09217386471268095 0.0 95
0.0934275329875212 0.004671345840394593 95
0.09254108607175776 0.009596790193219686 95
0.09480159541914311 0.01588262165664192 95
0.09581452215802899 0.019465920320978165 95
0.088648702127352 0.025859929515515117 95
0.08625280054153124 0.029307973298449384 95
0.08753869199103786 0.03600827877200834 95
0.08669239691036855 0.04098394976395491 95
0.08719296563597294 0.04607135525215805 95
0.08748077324051748 0.05109587409215702 95
0.08243032106068872 0.055920546396736916 95
0.08366888741050948 0.060894297372387225 95
0.08179469315918507 0.06581021959137871 95
0.08289916298984733 0.07222732592594709 95
0.08132669234198502 0.07710127746417024 95
0.08291456165863216 0.08376165183359686 95
0.07926889711162581 0.08853314515543857 95
0.07878208878387857 0.09458889671270168 95
0.07767547799589561 0.10040936835793576 95
0.07767756096179673 0.10705862116360948 95
0.07723856615584447 0.11264094946311026 95
0.07675802309176563 0.11943980467371801 95
0.07834376148452322 0.12641206621586934 95
0.07636182283961115 0.1329840864877506 95
0.07619601811748608 0.13992479612024414 95
0.07566234513145444 0.14800746728801475 95
0.07351543786675324 0.15464328956306284 95
0.0758992759002359 0.16281686817185576 95
0.07289523366120144 0.17045237911880165 95
0.07087912540576674 0.1785987193400043 95
0.07052839071051403 0.18801600873784674 95
0.0693832663007219 0.1965880397795968 95
0.0719223316448045 0.20556979542566342 95
0.06496794367113651 0.21514872762665377 95
0.06387965208198657 0.22574935915240102 95
0.06414678341669643 0.2365791645370878 95
0.060268353927013484 0.24662288794196305 95
0.05919241207658827 0.25903960089665373 95
0.059271724391483274 0.271421379576154 95
0.05670450284941676 0.28476402008278257 95
0.05445619013246888 0.2988267128235416 95
0.054453788651983595 0.31421288944480413 95
0.05269691193574803 0.3306397379982196 95
0.05035346555368833 0.3475968013462178 95
0.04410987914375859 0.36599454391860053 95
0.04291234741244007 0.3865950941758173 95
0.040060709093918796 0.4085196547950101 95
0.040738486337669286 0.43090323644400097 95
0.03527624258392435 0.4563400063030893 95
0.03351567078265938 0.4848625649774917 95
0.029487547917537167 0.5162890661333702 95
0.028489379414077337 0.549538866601034 95
0.023586326933279465 0.5886953319575432 95
0.017749207154936036 0.6331889275604091 95
0.02093899873112607 0.680983817237536 95
0.015767758326401867 0.7365891062127947 95
0.014473046872986915 0.802665016347636 95
0.01288508140126269 0.8776602217806426 95
0.0 0.9706933071580246 95
0.0942800479537359 0.993749432039087 95
0.20653472863401925 0.9955569241400982 95
0.32224869281060564 0.9973682142673344 95
0.43253327447295725 0.9985846604120844 95
0.5505441587465024 0.9994651353104957 95
0.6638008750759069 0.9980974811734471 95
0.7727594880599048 0.9993730266552125 95
0.8887273415199344 0.9983653681891986 95
1.0 1.0 95
0.0 0.0 40
6.0355469528665555e-05 0.005845850008383818 40
0.0013851192050615205 0.01249737647019255 40
0.25034164981591717 0.017874937598363914 40
0.2568118813877417 0.02206363092884571 40
0.2528594001075911 0.02618319758808743 40
0.2528091119256492 0.0314302239774434 40
0.25439163904147577 0.036642574819053246 40
0.2534763380112315 0.04232169739208936 40
0.25368270986947433 0.046803395290093364 40
0.2541203642275235 0.052225861120647865 40
0.2535773177917057 0.05686168628945236 40
0.2544487210474886 0.06276089125462533 40
0.2559909155732552 0.06742068642345607 40
0.255392132047839 0.0727780707364437 40
0.25742771339651216 0.07797382597856604 40
0.2550543706419607 0.08350260740042548 40
0.2573514919448793 0.08932093251243163 40
0.2598831794249785 0.0959083578382053 40
0.2576433316649014 0.10011481879702912 40
0.26054529411199356 0.10720318557262391 40
0.26132245524095693 0.1132792591670522 40
0.26142192455728547 0.11937839537103208 40
0.26249231161510256 0.12564541453520506 40
0.26202553129279366 0.13136557544144847 40
0.2634144939084247 0.1383296311226269 40
0.2657629913107105 0.14585365074856646 40
0.2658195553477806 0.15282713553268196 40
0.2664586864914454 0.1600129337078381 40
0.264619488306151 0.16691876323975127 40
0.26508634186198127 0.17455249557364283 40
0.26340337314502393 0.18285895686192635 40
0.26677469440724316 0.19149804285777416 40
0.26719158590203046 0.20035000408381742 40
0.27168765801677736 0.20959328326382556 40
0.2705939340122637 0.21883929769905147 40
0.27049232946633667 0.22887961584665503 40
0.26909056002687864 0.23900969137287767 40
0.2708200476947628 0.2499638853274176 40
0.27316993402517964 0.26223510637740427 40
0.27375121572998296 0.27412727224677114 40
0.2724856520804016 0.2873828821552804 40
0.27741866235823637 0.3009801281731829 40
0.27894070435126267 0.31610699107549994 40
0.2785296098198303 0.33170076667170506 40
0.2794572772707079 0.3487396531412315 40
0.2811662638942748 0.3667803661884056 40
0.2832464541925154 0.3874647165956637 40
0.28193584605524813 0.40810927271192227 40
0.28508970407526035 0.4303066972405884 40
0.2871455052338253 0.45564093409910633 40
0.2913608031393005 0.4842539712851102 40
0.29410104099268497 0.5155676542597424 40
0.296815265309631 0.5483827457967445 40
0.3059153790558926 0.5858722729352033 40
0.30855533123745205 0.6299512124797455 40
0.3149362488843111 0.6774700897182498 40
0.322709718343933 0.7315181173691859 40
0.3312421626438886 0.795563954849742 40
0.34056337609513354 0.8717978141985772 40
0.3577237994888767 0.9596207235229216 40
0.4203776185200002 0.9998977468205569 40
0.5186513633722057 1.0 40
0.6187793019854329 0.9972005493713578 40
0.7122832173379837 0.9943543456614446 40
0.8096288873823964 0.99411812879566 40
0.905507940020476 0.9938416896601777 40
1.0 0.9938264885972612 40
0.03527624258392435 0.4563400063030893 95
0.6638008750759069 0.9980974811734471 95
0.05445619013246888 0.2988267128235416 95
0.04291234741244007 0.3865950941758173 95
0.07834376148452322 0.12641206621586934 95
0.25742771339651216 0.07797382597856604 40
0.27049232946633667 0.22887961584665503 40
0.05445619013246888 0.2988267128235416 95
0.3577237994888767 0.9596207235229216 40
0.2832464541925154 0.3874647165956637 40
0.27375121572998296 0.27412727224677114 40
0.07566234513145444 0.14800746728801475 95
0.3059153790558926 0.5858722729352033 40
0.060268353927013484 0.24662288794196305 95
0.2811662638942748 0.3667803661884056 40
0.01288508140126269 0.8776602217806426 95
0.07619601811748608 0.13992479612024414 95
0.08625280054153124 0.029307973298449384 95
0.07052839071051403 0.18801600873784674 95
0.29410104099268497 0.5155676542597424 40
0.30855533123745205 0.6299512124797455 40
0.5186513633722057 1.0 40
0.43253327447295725 0.9985846604120844 95
0.08748077324051748 0.05109587409215702 95
0.0719223316448045 0.20556979542566342 95
0.27741866235823637 0.3009801281731829 40
0.060268353927013484 0.24662288794196305 95
0.43253327447295725 0.9985846604120844 95
0.03527624258392435 0.4563400063030893 95
0.3059153790558926 0.5858722729352033 40
0.6638008750759069 0.9980974811734471 95
0.5186513633722057 1.0 40
0.029487547917537167 0.5162890661333702 95
0.2541203642275235 0.052225861120647865 40
0.08753869199103786 0.03600827877200834 95
0.905507940020476 0.9938416896601777 40
0.7122832173379837 0.9943543456614446 40
0.27168765801677736 0.20959328326382556 40
0.023586326933279465 0.5886953319575432 95
0.2664586864914454 0.1600129337078381 40
0.04410987914375859 0.36599454391860053 95
0.07878208878387857 0.09458889671270168 95
0.0013851192050615205 0.01249737647019255 40
0.07767547799589561 0.10040936835793576 95
0.27316993402517964 0.26223510637740427 40
0.2871455052338253 0.45564093409910633 40
0.08179469315918507 0.06581021959137871 95
0.2528091119256492 0.0314302239774434 40
0.04291234741244007 0.3865950941758173 95
0.26249231161510256 0.12564541453520506 40
0.4203776185200002 0.9998977468205569 40
0.26249231161510256 0.12564541453520506 40
0.25742771339651216 0.07797382597856604 40
0.059271724391483274 0.271421379576154 95
0.3149362488843111 0.6774700897182498 40
0.27168765801677736 0.20959328326382556 40
0.32224869281060564 0.9973682142673344 95
0.27316993402517964 0.26223510637740427 40
0.3059153790558926 0.5858722729352033 40
0.08753869199103786 0.03600827877200834 95
0.7727594880599048 0.9993730266552125 95
0.2657629913107105 0.14585365074856646 40
0.2657629913107105 0.14585365074856646 40
0.09254108607175776 0.009596790193219686 95
0.3577237994888767 0.9596207235229216 40
0.04410987914375859 0.36599454391860053 95
0.26249231161510256 0.12564541453520506 40
0.2598831794249785 0.0959083578382053 40
0.26132245524095693 0.1132792591670522 40
0.25368270986947433 0.046803395290093364 40
0.07723856615584447 0.11264094946311026 95
0.07619601811748608 0.13992479612024414 95
0.07351543786675324 0.15464328956306284 95
0.26340337314502393 0.18285895686192635 40
0.015767758326401867 0.7365891062127947 95
0.04410987914375859 0.36599454391860053 95
0.3577237994888767 0.9596207235229216 40
0.08669239691036855 0.04098394976395491 95
0.0 0.0 40
0.34056337609513354 0.8717978141985772 40
0.059271724391483274 0.271421379576154 95
0.905507940020476 0.9938416896601777 40
0.040738486337669286 0.43090323644400097 95
0.08669239691036855 0.04098394976395491 95
0.2535773177917057 0.05686168628945236 40
0.059271724391483274 0.271421379576154 95
0.03527624258392435 0.4563400063030893 95
0.6187793019854329 0.9972005493713578 40
0.08748077324051748 0.05109587409215702 95
0.088648702127352 0.025859929515515117 95
0.43253327447295725 0.9985846604120844 95
0.6638008750759069 0.9980974811734471 95
0.28508970407526035 0.4303066972405884 40
0.2535773177917057 0.05686168628945236 40
0.0758992759002359 0.16281686817185576 95
0.322709718343933 0.7315181173691859 40
0.26909056002687864 0.23900969137287767 40
0.29410104099268497 0.5155676542597424 40
0.8887273415199344 0.9983653681891986 95
0.28193584605524813 0.40810927271192227 40
0.6638008750759069 0.9980974811734471 95
0.07351543786675324 0.15464328956306284 95
0.07926889711162581 0.08853314515543857 95
0.03351567078265938 0.4848625649774917 95
0.2794572772707079 0.3487396531412315 40
0.01288508140126269 0.8776602217806426 95
0.05670450284941676 0.28476402008278257 95
0.08132669234198502 0.07710127746417024 95
0.30855533123745205 0.6299512124797455 40
0.07767756096179673 0.10705862116360948 95
0.27894070435126267 0.31610699107549994 40
0.07723856615584447 0.11264094946311026 95
0.04291234741244007 0.3865950941758173 95
0.2708200476947628 0.2499638853274176 40
0.0758992759002359 0.16281686817185576 95
0.0719223316448045 0.20556979542566342 95
0.8096288873823964 0.99411812879566 40
0.27375121572998296 0.27412727224677114 40
1.0 0.9938264885972612 40
