0.08292306744729246 0.0 95
0.08186630237044053 0.005791582797320184 95
0.0833108078465945 0.010932199289571893 95
0.08429914618186274 0.015212672147774668 95
0.08894553427814916 0.019354477362014337 95
0.07789102386607168 0.024392475877008473 95
0.07810481495393903 0.02954331143136411 95
0.0794234299960914 0.036066966816904945 95
0.07826776655711819 0.04124632779269504 95
0.07706000756649402 0.045878080268087096 95
0.07667616098151193 0.05138825609255049 95
0.07664912877144497 0.05669939812413003 95
0.07438074356531152 0.06101882258105308 95
0.07315450764076344 0.06668814386896375 95
0.07407062698512575 0.07242767531085333 95
0.07259527536046471 0.07765215392063884 95
0.07479387645168871 0.08415239642802537 95
0.07128337847622282 0.08887608492280864 95
0.07220485512859048 0.09581679732523125 95
0.0730785277643485 0.10140296395428482 95
0.07312253951630464 0.10793640962946886 95
0.07170071551259419 0.1142010497740012 95
0.06902457832294759 0.11977278311450217 95
0.06704880472664594 0.12651914103357068 95
0.06959937193103516 0.13376197881492496 95
0.06679477064468825 0.1405396809339841 95
0.06784830687278791 0.14853846887726832 95
0.062233727840131266 0.15505155197658094 95
0.06619917640975466 0.1633967167494839 95
0.06256246744851356 0.17102293610767577 95
0.06300657677347136 0.17951196879247755 95
0.05762337900150769 0.1880731403762621 95
0.060152795686975735 0.1966375513726852 95
0.0587852173595829 0.20635624111348913 95
0.05779977007921241 0.21693047692047765 95
0.05597434029670595 0.22671676028519827 95
0.05636978782028128 0.23789257482227585 95
0.05340690401751217 0.24896640676216109 95
0.05126284757875512 0.2612861388856009 95
0.04957281396722931 0.2741923806510208 95
0.04549667209114996 0.2873881863697987 95
0.04474395922783087 0.3021329001442112 95
0.04524866306670147 0.31785459120888876 95
0.04422995590999606 0.33278317096574767 95
0.04135504133297688 0.3512625854775323 95
0.04044400114970672 0.3702438838441854 95
0.036514939453132264 0.39088896261898864 95
0.03447930666516995 0.41137025853939047 95
0.029560737781818648 0.43560199323314663 95
0.032148884977544014 0.46225109527970454 95
0.02965444741576454 0.49088879392084295 95
0.027024976671389145 0.522934051120178 95
0.02324306704057494 0.5582514932715525 95
0.0170299978603239 0.5985231266622152 95
0.011539647710758848 0.6443990824436564 95
0.009925847324430541 0.694540757029043 95
0.0035170886544709755 0.7539068340644165 95
0.0008380896493277984 0.8213573233439292 95
0.0 0.9020604159521539 95
0.0050926393195182065 0.9895712570012536 95
0.11397911494365973 0.9926081816352946 95
0.22900780223440903 0.9941923900145578 95
0.3355526642186332 0.9957534061405353 95
0.44857667361004744 0.9967026498334396 95
0.5596814002356592 0.9978828696136216 95
0.6675084211643979 1.0 95
0.7807446513876081 0.9970012442323604 95
0.8885986109113453 0.9969119872510248 95
1.0 0.9978581771973827 95
0.0013185667999436597 0.0 40
0.0027448305431924972 0.007466904589080056 40
0.0 0.012921037700325539 40
0.250977108118016 0.017374404360480888 40
0.256485296407208 0.02205484778762495 40
0.25598573981521155 0.028141388868849326 40
0.25614813470540176 0.03262003541578173 40
0.2568338992578902 0.0372810780327019 40
0.2535441416152111 0.04213610953444237 40
0.25570590571874485 0.047462468187550594 40
0.25668025039937553 0.05278745555897871 40
0.25591884054773184 0.056698245184383225 40
0.25680675645431783 0.06352151820316865 40
0.257327825483422 0.06782633882194043 40
0.2584825566803349 0.07392663893721366 40
0.25834301454683173 0.07881943731111547 40
0.25906232810003293 0.08503955876299217 40
0.25680432585490687 0.08927113090907436 40
0.2595496122694945 0.09534927710266526 40
0.25998002141498044 0.10119785858564126 40
0.2610538448983589 0.10709313488986366 40
0.2629692833857724 0.1136742251011664 40
0.26264480304750226 0.11930677285289884 40
0.2655929390453953 0.1260564182162 40
0.26497994236656996 0.13244916442493399 40
0.26367969244399236 0.13815549516533618 40
0.265375526051087 0.1457035529532173 40
0.2625380313480821 0.1524238529252088 40
0.26443209850862137 0.15981172498579463 40
0.26735277968341753 0.16771987074113057 40
0.269111230303213 0.17568750960416948 40
0.269260448244666 0.18403019111702323 40
0.26799071664791746 0.19220733119720168 40
0.27103183790847174 0.20110138001030367 40
0.2704439897548058 0.2100622320095826 40
0.27358578694288294 0.21951536358465346 40
0.27138358879413604 0.22980453619679891 40
0.27403765216065534 0.2403932014964248 40
0.2770607700260318 0.251019322291128 40
0.27281236354655264 0.26250614171204695 40
0.2758311758185809 0.2750081091852856 40
0.27856324385639003 0.28824983368435514 40
0.27590941852341183 0.30187948211094484 40
0.2810514124066444 0.31658231152309785 40
0.27744485008762787 0.3331306072461212 40
0.2810894056153463 0.34973853252842046 40
0.2847511533086814 0.3681724917835497 40
0.28446791542228855 0.38726309058770353 40
0.2857997118211152 0.40883043010300124 40
0.29134876388027076 0.43202730843655196 40
0.29066098430973736 0.4571549329440094 40
0.2934112508809599 0.48497311776235474 40
0.29441092967249943 0.5166818793207136 40
0.3012947639745887 0.5495448894918904 40
0.30626407711040343 0.5882493538079658 40
0.30704947896217055 0.6322876141625544 40
0.3159268089636171 0.6792278501009738 40
0.3242834906166656 0.7329799171225472 40
0.33411624896605124 0.7979023994603553 40
0.34171894157269617 0.8768079892634487 40
0.3579599497202741 0.9654932597372958 40
0.4241241638309472 0.9992698770295733 40
0.5202842770974153 1.0 40
0.6217077249244215 0.9931935915818387 40
0.7188716220661537 0.9928041577298863 40
0.8085338283691456 0.9939294902042844 40
0.9027618240017774 0.993634675973294 40
1.0 0.9933609471322563 40
0.04135504133297688 0.3512625854775323 95
0.25834301454683173 0.07881943731111547 40
0.05126284757875512 0.2612861388856009 95
0.05762337900150769 0.1880731403762621 95
0.07789102386607168 0.024392475877008473 95
0.269111230303213 0.17568750960416948 40
0.05636978782028128 0.23789257482227585 95
0.009925847324430541 0.694540757029043 95
0.0587852173595829 0.20635624111348913 95
0.26497994236656996 0.13244916442493399 40
0.6217077249244215 0.9931935915818387 40
0.04474395922783087 0.3021329001442112 95
0.44857667361004744 0.9967026498334396 95
0.27138358879413604 0.22980453619679891 40
0.2568338992578902 0.0372810780327019 40
0.265375526051087 0.1457035529532173 40
0.29441092967249943 0.5166818793207136 40
0.7807446513876081 0.9970012442323604 95
0.11397911494365973 0.9926081816352946 95
0.04135504133297688 0.3512625854775323 95
0.25668025039937553 0.05278745555897871 40
0.25906232810003293 0.08503955876299217 40
0.08894553427814916 0.019354477362014337 95
0.4241241638309472 0.9992698770295733 40
0.009925847324430541 0.694540757029043 95
0.07128337847622282 0.08887608492280864 95
0.2535441416152111 0.04213610953444237 40
0.2595496122694945 0.09534927710266526 40
0.25570590571874485 0.047462468187550594 40
0.07789102386607168 0.024392475877008473 95
0.07438074356531152 0.06101882258105308 95
0.06300657677347136 0.17951196879247755 95
0.6675084211643979 1.0 95
0.07128337847622282 0.08887608492280864 95
0.07667616098151193 0.05138825609255049 95
0.2655929390453953 0.1260564182162 40
0.34171894157269617 0.8768079892634487 40
0.0035170886544709755 0.7539068340644165 95
0.07667616098151193 0.05138825609255049 95
0.07170071551259419 0.1142010497740012 95
0.7188716220661537 0.9928041577298863 40
0.7807446513876081 0.9970012442323604 95
0.027024976671389145 0.522934051120178 95
0.25614813470540176 0.03262003541578173 40
0.05340690401751217 0.24896640676216109 95
0.30626407711040343 0.5882493538079658 40
0.0 0.9020604159521539 95
0.11397911494365973 0.9926081816352946 95
0.07315450764076344 0.06668814386896375 95
0.07826776655711819 0.04124632779269504 95
0.08186630237044053 0.005791582797320184 95
0.25591884054773184 0.056698245184383225 40
0.26735277968341753 0.16771987074113057 40
0.06679477064468825 0.1405396809339841 95
0.04957281396722931 0.2741923806510208 95
0.5596814002356592 0.9978828696136216 95
0.07170071551259419 0.1142010497740012 95
0.8085338283691456 0.9939294902042844 40
0.0027448305431924972 0.007466904589080056 40
0.0 0.012921037700325539 40
0.009925847324430541 0.694540757029043 95
0.2758311758185809 0.2750081091852856 40
0.25906232810003293 0.08503955876299217 40
0.07826776655711819 0.04124632779269504 95
0.0794234299960914 0.036066966816904945 95
0.0 0.9020604159521539 95
0.07220485512859048 0.09581679732523125 95
0.07706000756649402 0.045878080268087096 95
0.27358578694288294 0.21951536358465346 40
0.22900780223440903 0.9941923900145578 95
0.2810894056153463 0.34973853252842046 40
0.3355526642186332 0.9957534061405353 95
0.30626407711040343 0.5882493538079658 40
0.2535441416152111 0.04213610953444237 40
0.3159268089636171 0.6792278501009738 40
0.0794234299960914 0.036066966816904945 95
0.265375526051087 0.1457035529532173 40
0.11397911494365973 0.9926081816352946 95
0.08429914618186274 0.015212672147774668 95
0.6675084211643979 1.0 95
0.26443209850862137 0.15981172498579463 40
0.2655929390453953 0.1260564182162 40
0.062233727840131266 0.15505155197658094 95
0.07259527536046471 0.07765215392063884 95
0.25598573981521155 0.028141388868849326 40
0.0 0.012921037700325539 40
0.04957281396722931 0.2741923806510208 95
0.02965444741576454 0.49088879392084295 95
0.2610538448983589 0.10709313488986366 40
0.25668025039937553 0.05278745555897871 40
0.2810514124066444 0.31658231152309785 40
1.0 0.9933609471322563 40
0.05126284757875512 0.2612861388856009 95
0.0730785277643485 0.10140296395428482 95
0.25680432585490687 0.08927113090907436 40
0.265375526051087 0.1457035529532173 40
0.26443209850862137 0.15981172498579463 40
0.04422995590999606 0.33278317096574767 95
0.8885986109113453 0.9969119872510248 95
0.07128337847622282 0.08887608492280864 95
0.04135504133297688 0.3512625854775323 95
0.6675084211643979 1.0 95
0.032148884977544014 0.46225109527970454 95
0.2758311758185809 0.2750081091852856 40
0.05779977007921241 0.21693047692047765 95
0.0013185667999436597 0.0 40
0.07128337847622282 0.08887608492280864 95
0.08292306744729246 0.0 95
0.2810894056153463 0.34973853252842046 40
0.27590941852341183 0.30187948211094484 40
0.07667616098151193 0.05138825609255049 95
0.0 0.012921037700325539 40
0.0035170886544709755 0.7539068340644165 95
0.27358578694288294 0.21951536358465346 40
0.2584825566803349 0.07392663893721366 40
0.08292306744729246 0.0 95
0.7188716220661537 0.9928041577298863 40
0.26367969244399236 0.13815549516533618 40
0.2934112508809599 0.48497311776235474 40
