0.08391514433605134 0.0 95
0.0845769072717821 0.006390079876084264 95
0.08598845522691032 0.010178445579979633 95
0.0864299216505285 0.015655297827522018 95
0.0856055939459526 0.01972891708935701 95
0.07910633134141257 0.026394148426122612 95
0.08096531373113053 0.031291871391985686 95
0.0797247692414992 0.03639189982222555 95
0.08057294203269745 0.040428344296265836 95
0.07978513832182102 0.0463295742014181 95
0.07910240541011199 0.05113585241560446 95
0.07667766555609057 0.055174107475017366 95
0.07958614126249812 0.062126150810211986 95
0.07666343539796022 0.06614404095684513 95
0.0737952477263084 0.07132580946429555 95
0.07653318426738392 0.0780571596100005 95
0.07317775342183055 0.08309690546460435 95
0.07349791220151394 0.08809854856841642 95
0.07317860607513896 0.0956302255699097 95
0.07274833011031627 0.10007403029574308 95
0.07206402391167822 0.10644738189688502 95
0.0713632421260041 0.11253468214656762 95
0.07287975449767625 0.11956674558879925 95
0.07354777450707473 0.12651063680260488 95
0.07116690566521583 0.13287047523727782 95
0.068519925520985 0.1392069729062062 95
0.07124884513636862 0.14739506818162199 95
0.06638945106469012 0.15408333391084414 95
0.06640706133230956 0.1611690800388518 95
0.06578418171159975 0.16946327513360915 95
0.06551095150565796 0.17871575234248088 95
0.06312304982931766 0.1865106331002603 95
0.06410552722063723 0.1954087385776925 95
0.06121912204086728 0.20417699396724734 95
0.06015858606180421 0.21419546971703088 95
0.05762041896140346 0.2240628613628853 95
0.060167746377837845 0.23481666303016013 95
0.05689083142979507 0.24547038769051258 95
0.05668394924269129 0.25783143108716616 95
0.05413595986303679 0.2700692112882671 95
0.05321552460858351 0.2836428799170127 95
0.04916572070227827 0.29716618031966074 95
0.0495361389919722 0.3124223961920927 95
0.046619437622428046 0.32811900716826065 95
0.04323303318161559 0.34421508068415724 95
0.04242247032777394 0.36311564035386584 95
0.04008115531798487 0.3831855827619539 95
0.036699145173107676 0.4048135805119782 95
0.03747562874973264 0.4270209077716656 95
0.0304770007813958 0.45264954687855113 95
0.03471384743592496 0.4798757356956165 95
0.02863217589440666 0.510517261109103 95
0.028771142465737056 0.5437882894001909 95
0.02274140730220765 0.5827007021776336 95
0.019077846198875557 0.6258657852307344 95
0.017035806027216216 0.6730024219320397 95
0.011843696402514274 0.7290230426866967 95
0.013068009359026663 0.791716444472597 95
0.0061567884747963895 0.8685003679818496 95
0.0 0.9573832054972338 95
0.0676503915092431 0.9917361082832011 95
0.1768854540551195 0.9929318814650914 95
0.28023986563233577 0.9944350258136676 95
0.3846446983998593 0.9954214525897791 95
0.4846061730331777 0.9969995186783623 95
0.5916829716947469 0.9983557202304404 95
0.6924365842042723 1.0 95
0.7966949103263158 0.9965137087094863 95
0.8971524325920458 0.9970880001758274 95
1.0 0.997560794227136 95
0.0 0.0 40
0.001989032537059862 0.006407458920570475 40
0.0022710819120732614 0.011936105036366903 40
0.23754576389902993 0.017645909827908427 40
0.23968386908007958 0.023044131383536594 40
0.24311912502763436 0.026842745980601754 40
0.2413944025640907 0.03141461290089353 40
0.24277330140326372 0.036825588659714956 40
0.24374740194349742 0.0424092284069511 40
0.24226803916764098 0.04705959125769976 40
0.24113439455014904 0.05168860114393522 40
0.24253297294686657 0.05680543518714763 40
0.24285204922768058 0.06249126098927821 40
0.244416762555865 0.0682787536893375 40
0.24423027327651092 0.07278243273695359 40
0.24433656351835806 0.07842089641905584 40
0.24538459973419852 0.08432562921216498 40
0.2463105767145438 0.0898163185724471 40
0.24423877159064034 0.09433317665136136 40
0.2480338002496251 0.1011964023094065 40
0.24467573815708055 0.10588672379631009 40
0.2467345742626179 0.1118920429357521 40
0.24906794079139657 0.11858840511502941 40
0.250435361642736 0.12484152908029583 40
0.2499806551949434 0.13037763642529557 40
0.2533587390199738 0.1377388721595406 40
0.251927181530501 0.1447083898608786 40
0.25135187630272177 0.15131619975173086 40
0.25408230124682585 0.1590815548014234 40
0.25520105047791325 0.1660757182680828 40
0.25298198424876 0.17357119193002055 40
0.25297405721744726 0.18114039786563635 40
0.2533106062119835 0.18985264534139268 40
0.25751939723690515 0.19839725564036134 40
0.25621290512191874 0.20685230030039065 40
0.2542603586791774 0.21632601551902778 40
0.25563062690948213 0.22603898391586755 40
0.2583485826852973 0.23622083974056227 40
0.2610608587230512 0.2470822697136356 40
0.259786877941963 0.2581422839078413 40
0.26029318720236044 0.27042349536445515 40
0.26103778143819123 0.28288734198477317 40
0.262366909229802 0.2966033494817383 40
0.2655387203419125 0.3110771475609789 40
0.26727215355880707 0.3262258961842765 40
0.26676201364240926 0.3424258761393308 40
0.2670687783253916 0.36061506338980337 40
0.26788926465985513 0.37881461419890977 40
0.2695479442759764 0.3997114251201089 40
0.2715695299722468 0.4208780940123241 40
0.2744234162521605 0.44647213720162393 40
0.2777346607326193 0.47244361329787926 40
0.2794446644923641 0.5011260197510051 40
0.2824288952005621 0.534412443847866 40
0.28552881654824847 0.5688942534255639 40
0.29313172320944697 0.6093098186742563 40
0.2973347073074971 0.6557684843546281 40
0.30820799448993935 0.7071211871749885 40
0.31614246857319833 0.7667499400836217 40
0.3202833113582241 0.8371510192673101 40
0.3305407151299113 0.921801889297381 40
0.36168666006644995 1.0 40
0.456841653323372 0.9990193872276641 40
0.5488309578356828 0.9962257097193132 40
0.6431827381301354 0.9928073181829551 40
0.7314215356586823 0.9921452992889981 40
0.8200116727827335 0.9926239538263287 40
0.9114643775947444 0.9939748594641293 40
1.0 0.9925331895784398 40
0.07317775342183055 0.08309690546460435 95
0.07317860607513896 0.0956302255699097 95
0.2467345742626179 0.1118920429357521 40
0.25297405721744726 0.18114039786563635 40
1.0 0.997560794227136 95
0.07958614126249812 0.062126150810211986 95
0.060167746377837845 0.23481666303016013 95
0.2480338002496251 0.1011964023094065 40
0.2610608587230512 0.2470822697136356 40
0.07666343539796022 0.06614404095684513 95
0.2480338002496251 0.1011964023094065 40
0.2715695299722468 0.4208780940123241 40
0.0022710819120732614 0.011936105036366903 40
0.013068009359026663 0.791716444472597 95
0.24253297294686657 0.05680543518714763 40
0.25298198424876 0.17357119193002055 40
0.04916572070227827 0.29716618031966074 95
0.036699145173107676 0.4048135805119782 95
0.04916572070227827 0.29716618031966074 95
0.2467345742626179 0.1118920429357521 40
0.25408230124682585 0.1590815548014234 40
0.2670687783253916 0.36061506338980337 40
0.2715695299722468 0.4208780940123241 40
0.24423027327651092 0.07278243273695359 40
0.24277330140326372 0.036825588659714956 40
0.259786877941963 0.2581422839078413 40
0.0856055939459526 0.01972891708935701 95
0.24906794079139657 0.11858840511502941 40
0.011843696402514274 0.7290230426866967 95
0.2467345742626179 0.1118920429357521 40
0.3305407151299113 0.921801889297381 40
0.2533587390199738 0.1377388721595406 40
0.046619437622428046 0.32811900716826065 95
0.26103778143819123 0.28288734198477317 40
0.25297405721744726 0.18114039786563635 40
0.2744234162521605 0.44647213720162393 40
0.0864299216505285 0.015655297827522018 95
0.6431827381301354 0.9928073181829551 40
0.07910240541011199 0.05113585241560446 95
0.2973347073074971 0.6557684843546281 40
0.24467573815708055 0.10588672379631009 40
0.250435361642736 0.12484152908029583 40
0.4846061730331777 0.9969995186783623 95
0.07349791220151394 0.08809854856841642 95
0.06551095150565796 0.17871575234248088 95
0.8971524325920458 0.9970880001758274 95
0.07317860607513896 0.0956302255699097 95
0.24467573815708055 0.10588672379631009 40
0.07910240541011199 0.05113585241560446 95
0.03471384743592496 0.4798757356956165 95
0.2413944025640907 0.03141461290089353 40
0.07349791220151394 0.08809854856841642 95
0.8200116727827335 0.9926239538263287 40
0.05321552460858351 0.2836428799170127 95
0.2695479442759764 0.3997114251201089 40
0.07653318426738392 0.0780571596100005 95
0.08057294203269745 0.040428344296265836 95
0.25297405721744726 0.18114039786563635 40
0.25298198424876 0.17357119193002055 40
0.011843696402514274 0.7290230426866967 95
1.0 0.9925331895784398 40
0.5916829716947469 0.9983557202304404 95
0.7314215356586823 0.9921452992889981 40
0.0304770007813958 0.45264954687855113 95
0.2413944025640907 0.03141461290089353 40
0.060167746377837845 0.23481666303016013 95
0.001989032537059862 0.006407458920570475 40
0.0022710819120732614 0.011936105036366903 40
0.2467345742626179 0.1118920429357521 40
0.23754576389902993 0.017645909827908427 40
0.07653318426738392 0.0780571596100005 95
0.2695479442759764 0.3997114251201089 40
0.07666343539796022 0.06614404095684513 95
0.25298198424876 0.17357119193002055 40
0.25408230124682585 0.1590815548014234 40
0.30820799448993935 0.7071211871749885 40
0.036699145173107676 0.4048135805119782 95
0.07354777450707473 0.12651063680260488 95
0.4846061730331777 0.9969995186783623 95
0.0797247692414992 0.03639189982222555 95
0.04323303318161559 0.34421508068415724 95
0.05321552460858351 0.2836428799170127 95
0.24423877159064034 0.09433317665136136 40
0.0713632421260041 0.11253468214656762 95
0.2824288952005621 0.534412443847866 40
0.2583485826852973 0.23622083974056227 40
0.06410552722063723 0.1954087385776925 95
0.07317775342183055 0.08309690546460435 95
0.2542603586791774 0.21632601551902778 40
0.3305407151299113 0.921801889297381 40
0.2824288952005621 0.534412443847866 40
0.028771142465737056 0.5437882894001909 95
0.3846446983998593 0.9954214525897791 95
0.07124884513636862 0.14739506818162199 95
0.2583485826852973 0.23622083974056227 40
0.05668394924269129 0.25783143108716616 95
0.07317775342183055 0.08309690546460435 95
0.07317775342183055 0.08309690546460435 95
0.24226803916764098 0.04705959125769976 40
0.25297405721744726 0.18114039786563635 40
0.07666343539796022 0.06614404095684513 95
0.07317775342183055 0.08309690546460435 95
1.0 0.9925331895784398 40
0.28023986563233577 0.9944350258136676 95
0.24277330140326372 0.036825588659714956 40
0.08096531373113053 0.031291871391985686 95
0.25751939723690515 0.19839725564036134 40
0.25563062690948213 0.22603898391586755 40
0.23754576389902993 0.017645909827908427 40
0.2973347073074971 0.6557684843546281 40
0.02274140730220765 0.5827007021776336 95
0.28552881654824847 0.5688942534255639 40
0.25621290512191874 0.20685230030039065 40
0.2610608587230512 0.2470822697136356 40
0.07124884513636862 0.14739506818162199 95
0.24277330140326372 0.036825588659714956 40
0.259786877941963 0.2581422839078413 40
