0.42186514428518557 1.0 95
0.3361927081289605 0.904654022043492 95
0.40836148437407965 0.8260075811373472 95
0.23170606472322783 0.7487104114399153 95
0.21340045754858947 0.6855571228561038 95
0.12361763518445171 0.6261054093781481 95
0.2601118251398884 0.5800157228349277 95
0.16890480725019844 0.5328804064866981 95
0.1518802874781409 0.4902568241801642 95
0.1621754778759812 0.45148546200464146 95
0.1307013097925447 0.4169853783069288 95
0.1407974540230603 0.3847903987721268 95
0.19329924967036588 0.35536099948695477 95
0.16262090555901912 0.32687780058996485 95
0.2426061083152847 0.3017633113192227 95
0.09489738004411272 0.27635614543896597 95
0.1727847075181074 0.25496888679245555 95
0.08980541768359435 0.23228601369525081 95
0.0877104166636879 0.2114814342090184 95
0.0030231385724402136 0.19095521523952094 95
0.0 0.17306982409981583 95
0.6030693452257765 0.16228485530106115 95
0.18734083362018353 0.1402905058642867 95
0.18540078954650357 0.1253443012771694 95
0.31817672673867714 0.11160218378501707 95
0.44605441279687236 0.0980966538532433 95
0.568565787609632 0.08400114866346747 95
0.5309978223304963 0.07118219593507925 95
0.7047016051492199 0.05805897220367941 95
0.6813748682479429 0.04568654144998716 95
0.8272057897397396 0.03390647728805993 95
0.8172145319864016 0.02229032771452135 95
0.9941088188211133 0.011107750981900692 95
1.0 0.0 95
0.42186514428518557 1.0 40
0.3361927081289605 0.904654022043492 40
0.40836148437407965 0.8260075811373472 40
0.23170606472322783 0.7487104114399153 40
0.21340045754858947 0.6855571228561038 40
0.12361763518445171 0.6261054093781481 40
0.2601118251398884 0.5800157228349277 40
0.16890480725019844 0.5328804064866981 40
0.1518802874781409 0.4902568241801642 40
0.1621754778759812 0.45148546200464146 40
0.1307013097925447 0.4169853783069288 40
0.1407974540230603 0.3847903987721268 40
0.19329924967036588 0.35536099948695477 40
0.16262090555901912 0.32687780058996485 40
0.2426061083152847 0.3017633113192227 40
0.09489738004411272 0.27635614543896597 40
0.1727847075181074 0.25496888679245555 40
0.08980541768359435 0.23228601369525081 40
0.0877104166636879 0.2114814342090184 40
0.0030231385724402136 0.19095521523952094 40
0.0 0.17306982409981583 40
0.6030693452257765 0.16228485530106115 40
0.18734083362018353 0.1402905058642867 40
0.18540078954650357 0.1253443012771694 40
0.31817672673867714 0.11160218378501707 40
0.44605441279687236 0.0980966538532433 40
0.568565787609632 0.08400114866346747 40
0.5309978223304963 0.07118219593507925 40
0.7047016051492199 0.05805897220367941 40
0.6813748682479429 0.04568654144998716 40
0.8272057897397396 0.03390647728805993 40
0.8172145319864016 0.02229032771452135 40
0.9941088188211133 0.011107750981900692 40
1.0 0.0 40
0.18540078954650357 0.1253443012771694 95
0.16262090555901912 0.32687780058996485 95
0.1407974540230603 0.3847903987721268 95
0.09489738004411272 0.27635614543896597 40
0.9941088188211133 0.011107750981900692 40
0.6030693452257765 0.16228485530106115 40
1.0 0.0 95
0.18734083362018353 0.1402905058642867 40
0.1407974540230603 0.3847903987721268 40
0.5309978223304963 0.07118219593507925 95
0.0 0.17306982409981583 95
0.9941088188211133 0.011107750981900692 95
0.12361763518445171 0.6261054093781481 40
0.31817672673867714 0.11160218378501707 95
0.12361763518445171 0.6261054093781481 95
0.42186514428518557 1.0 40
0.19329924967036588 0.35536099948695477 40
1.0 0.0 95
0.2426061083152847 0.3017633113192227 95
0.2601118251398884 0.5800157228349277 40
0.6813748682479429 0.04568654144998716 40
0.16262090555901912 0.32687780058996485 40
0.8172145319864016 0.02229032771452135 95
0.23170606472322783 0.7487104114399153 40
0.1307013097925447 0.4169853783069288 95
0.7047016051492199 0.05805897220367941 95
0.08980541768359435 0.23228601369525081 40
0.44605441279687236 0.0980966538532433 40
0.12361763518445171 0.6261054093781481 40
0.7047016051492199 0.05805897220367941 95
0.16262090555901912 0.32687780058996485 40
0.6813748682479429 0.04568654144998716 40
0.0877104166636879 0.2114814342090184 40
0.42186514428518557 1.0 95
0.1307013097925447 0.4169853783069288 95
0.18734083362018353 0.1402905058642867 95
0.1518802874781409 0.4902568241801642 95
0.40836148437407965 0.8260075811373472 95
0.21340045754858947 0.6855571228561038 40
0.0 0.17306982409981583 40
0.8272057897397396 0.03390647728805993 40
0.18734083362018353 0.1402905058642867 40
0.40836148437407965 0.8260075811373472 40
0.18540078954650357 0.1253443012771694 40
0.3361927081289605 0.904654022043492 40
0.09489738004411272 0.27635614543896597 40
0.8172145319864016 0.02229032771452135 40
0.2426061083152847 0.3017633113192227 40
0.44605441279687236 0.0980966538532433 95
0.31817672673867714 0.11160218378501707 40
0.6030693452257765 0.16228485530106115 95
0.16262090555901912 0.32687780058996485 95
0.6813748682479429 0.04568654144998716 95
0.568565787609632 0.08400114866346747 40
0.8272057897397396 0.03390647728805993 40
0.0 0.17306982409981583 95
0.18734083362018353 0.1402905058642867 40
0.7047016051492199 0.05805897220367941 95
0.08980541768359435 0.23228601369525081 95
0.23170606472322783 0.7487104114399153 95
