0.4373471724957674 1.0 95
0.3403904223912667 0.9029149163436301 95
0.38474214597679784 0.8260854955291906 95
0.18661396693784607 0.7482674672805477 95
0.19028949831385317 0.6855522278563788 95
0.17938423854123697 0.6297528336697285 95
0.23433998208528084 0.5796591776791319 95
0.15821630146276533 0.5340606514932776 95
0.1443169699706679 0.49165806095296605 95
0.17290374032693304 0.4530283628572974 95
0.2190520215785247 0.41945763441077516 95
0.17370323225523532 0.3865664815496859 95
0.12119164185949323 0.3568956637873702 95
0.1991638353365971 0.3291299956873831 95
0.1394046681310408 0.30341806714886094 95
0.12778033602542274 0.2787067273664778 95
0.12324160933302447 0.25457788035768814 95
0.08825455480327803 0.23379729581206907 95
0.10717001634046193 0.2128189736081955 95
0.0015075397459028157 0.19234609722634846 95
0.0 0.1738437582608005 95
0.8289950351820966 0.1682824140319413 95
0.17904700932683862 0.14221528703380296 95
0.22437259411994923 0.12772980840106848 95
0.3000948325374788 0.11235752164622628 95
0.41526480003496963 0.09911606803423927 95
0.5168461099378097 0.08566214689983229 95
0.5282144992515366 0.0722665760916982 95
0.5618182528515872 0.057975818657448545 95
0.6493496056777388 0.0464947397528423 95
0.8145806530624747 0.035603798306430776 95
0.8358862685249037 0.022872367571500195 95
0.9174005826722443 0.011582564190718424 95
1.0 0.0 95
0.4373471724957674 1.0 40
0.3403904223912667 0.9029149163436301 40
0.38474214597679784 0.8260854955291906 40
0.18661396693784607 0.7482674672805477 40
0.19028949831385317 0.6855522278563788 40
0.17938423854123697 0.6297528336697285 40
0.23433998208528084 0.5796591776791319 40
0.15821630146276533 0.5340606514932776 40
0.1443169699706679 0.49165806095296605 40
0.17290374032693304 0.4530283628572974 40
0.2190520215785247 0.41945763441077516 40
0.17370323225523532 0.3865664815496859 40
0.12119164185949323 0.3568956637873702 40
0.1991638353365971 0.3291299956873831 40
0.1394046681310408 0.30341806714886094 40
0.12778033602542274 0.2787067273664778 40
0.12324160933302447 0.25457788035768814 40
0.08825455480327803 0.23379729581206907 40
0.10717001634046193 0.2128189736081955 40
0.0015075397459028157 0.19234609722634846 40
0.0 0.1738437582608005 40
0.8289950351820966 0.1682824140319413 40
0.17904700932683862 0.14221528703380296 40
0.22437259411994923 0.12772980840106848 40
0.3000948325374788 0.11235752164622628 40
0.41526480003496963 0.09911606803423927 40
0.5168461099378097 0.08566214689983229 40
0.5282144992515366 0.0722665760916982 40
0.5618182528515872 0.057975818657448545 40
0.6493496056777388 0.0464947397528423 40
0.8145806530624747 0.035603798306430776 40
0.8358862685249037 0.022872367571500195 40
0.9174005826722443 0.011582564190718424 40
1.0 0.0 40
0.17938423854123697 0.6297528336697285 40
0.22437259411994923 0.12772980840106848 95
0.9174005826722443 0.011582564190718424 95
0.22437259411994923 0.12772980840106848 40
0.8289950351820966 0.1682824140319413 95
0.5168461099378097 0.08566214689983229 95
0.17904700932683862 0.14221528703380296 40
0.5618182528515872 0.057975818657448545 40
0.22437259411994923 0.12772980840106848 95
0.10717001634046193 0.2128189736081955 95
0.0 0.1738437582608005 95
0.6493496056777388 0.0464947397528423 40
0.4373471724957674 1.0 95
0.15821630146276533 0.5340606514932776 95
0.5282144992515366 0.0722665760916982 40
0.41526480003496963 0.09911606803423927 95
0.12119164185949323 0.3568956637873702 40
0.8289950351820966 0.1682824140319413 95
0.22437259411994923 0.12772980840106848 95
0.12119164185949323 0.3568956637873702 40
0.10717001634046193 0.2128189736081955 95
0.5618182528515872 0.057975818657448545 40
0.23433998208528084 0.5796591776791319 40
0.19028949831385317 0.6855522278563788 40
0.41526480003496963 0.09911606803423927 40
0.10717001634046193 0.2128189736081955 40
0.15821630146276533 0.5340606514932776 40
0.10717001634046193 0.2128189736081955 40
0.1443169699706679 0.49165806095296605 40
0.8358862685249037 0.022872367571500195 95
0.0015075397459028157 0.19234609722634846 40
0.1443169699706679 0.49165806095296605 40
0.3000948325374788 0.11235752164622628 95
0.19028949831385317 0.6855522278563788 40
0.15821630146276533 0.5340606514932776 95
0.08825455480327803 0.23379729581206907 95
0.12119164185949323 0.3568956637873702 95
0.1443169699706679 0.49165806095296605 40
0.12778033602542274 0.2787067273664778 40
0.6493496056777388 0.0464947397528423 95
0.0015075397459028157 0.19234609722634846 40
0.22437259411994923 0.12772980840106848 40
0.9174005826722443 0.011582564190718424 40
0.17370323225523532 0.3865664815496859 40
0.2190520215785247 0.41945763441077516 40
0.1991638353365971 0.3291299956873831 40
0.22437259411994923 0.12772980840106848 95
0.5168461099378097 0.08566214689983229 95
0.12778033602542274 0.2787067273664778 40
0.12119164185949323 0.3568956637873702 95
0.12324160933302447 0.25457788035768814 95
0.9174005826722443 0.011582564190718424 95
0.22437259411994923 0.12772980840106848 40
0.8289950351820966 0.1682824140319413 95
0.10717001634046193 0.2128189736081955 95
0.41526480003496963 0.09911606803423927 40
0.08825455480327803 0.23379729581206907 95
0.1394046681310408 0.30341806714886094 40
0.10717001634046193 0.2128189736081955 40
0.10717001634046193 0.2128189736081955 95
