0.08291739171110518 0.0 95
0.08323571023812315 0.0036321584519411142 95
0.08364220856859049 0.009228399909186537 95
0.08271878608200064 0.014569824245962433 95
0.08431408980595691 0.01854608019545026 95
0.07886625524374671 0.024177362257957875 95
0.07746183918731409 0.029178540723797528 95
0.0776175545186319 0.034706012380299835 95
0.07831844157958351 0.039413368357511955 95
0.0771307951363443 0.04436753547480338 95
0.07822875857770113 0.05036405908927854 95
0.07591977572717097 0.054579343264574 95
0.07283938455166838 0.059471000772866545 95
0.07586137035365532 0.06555871412992635 95
0.07400569116304899 0.07059574004310415 95
0.07149198393065763 0.0757752746966921 95
0.07181484699557716 0.081147763969826 95
0.0731826315313466 0.08788338959832645 95
0.07187214078519129 0.09390743839348005 95
0.07200289013501164 0.09999048981043383 95
0.0720967011934246 0.10577472991691501 95
0.06966083342850533 0.11176198508479346 95
0.07335170207230031 0.1185251856714877 95
0.06926652057043278 0.1242673430357721 95
0.07182492956360804 0.13143981770816934 95
0.06879191461812038 0.13796289173911017 95
0.06587234818509774 0.1448429550593568 95
0.06723855209439794 0.15286603791565806 95
0.06542643165215667 0.16014261968886487 95
0.06378347247247244 0.1677364018873365 95
0.06235179035340718 0.17586310921115078 95
0.05946693251883288 0.18427582243571455 95
0.05800772254853565 0.19306640942622294 95
0.06276082358649251 0.20271152639755263 95
0.062055438185878775 0.21224971380873617 95
0.056143179527733324 0.22183556531184925 95
0.059561972953360305 0.23282158054160487 95
0.05425249102378438 0.24389332989427057 95
0.05119665280138952 0.2552249751466712 95
0.05142327077641335 0.2671546172028406 95
0.046842766795981775 0.280184271460294 95
0.04683289448997059 0.29361480380698884 95
0.04770847301693968 0.3090406008669547 95
0.042580708672327654 0.32466652790362255 95
0.045474958052993494 0.34142457224539485 95
0.03977624297935392 0.35906197065781975 95
0.03453195622782359 0.3796756358206904 95
0.033579792157111224 0.3994650573125265 95
0.03379257298162237 0.42203650099972195 95
0.03033077881961648 0.44708744393989613 95
0.02989784379426454 0.474392094163737 95
0.030794538520035795 0.5030919636103952 95
0.028078183663511617 0.5363696017404692 95
0.017122515485110866 0.5743996732659512 95
0.017520232028727496 0.6159790612887472 95
0.018541756258867823 0.6627770706116327 95
0.014117091512264316 0.7154873163908072 95
0.0060132167009876855 0.7786521628546879 95
0.004674559538569559 0.8499180005141137 95
0.0 0.9349671729279583 95
0.04457134143150062 0.9924970425337745 95
0.15139314120025124 0.9940132725416929 95
0.25569595039346965 0.9963039988632566 95
0.36519033557953895 0.9978003523444706 95
0.4722619007136052 0.998356531703994 95
0.5770913845438888 1.0 95
0.6821614885457175 0.9970087392494761 95
0.7877816456059491 0.997721977470024 95
0.8944288320918066 0.9990171893294927 95
1.0 0.9993248842777237 95
0.0 0.0 40
0.003664410380983207 0.006787804925632638 40
0.007833956133409876 0.012939866386480868 40
0.23564684601780914 0.01749244751394731 40
0.23758889273655193 0.022327938439672228 40
0.24052510174771205 0.027243777622471817 40
0.238898403743019 0.03171848022127243 40
0.24058411816601868 0.036663511634838844 40
0.24174037605345466 0.04172040514126645 40
0.2391160954333965 0.0468145467846196 40
0.2402539999771488 0.05203602091517851 40
0.23847745521523592 0.05661228321205875 40
0.23971628962822264 0.06163375102713366 40
0.2408495119082713 0.06709755701755903 40
0.24336775046679643 0.07320484964756864 40
0.24124760956033628 0.07760702879062092 40
0.241872963310262 0.08397306861334489 40
0.24219420391262506 0.08908869922299403 40
0.242609496419258 0.0943536085788413 40
0.24291289151074086 0.10057793345373274 40
0.24291187378428428 0.10605822063792013 40
0.24680152696808288 0.11263051193770197 40
0.24530941402061568 0.1180774171404411 40
0.24631109492322031 0.1241835553416189 40
0.24574561530232264 0.13095708337648856 40
0.24709346386013248 0.13776089884897558 40
0.2480771933435876 0.14467099375813497 40
0.2493381502748899 0.1519215171120483 40
0.2515502530972262 0.15949088512509005 40
0.2510769461273014 0.1666081974679998 40
0.24945060623740098 0.17404888837693844 40
0.25053540829321463 0.1819295250109123 40
0.2524482849045408 0.19086087274069446 40
0.2520939967909093 0.19914101821857932 40
0.2531918950565228 0.20840537013842952 40
0.2535692696771984 0.21747458845417555 40
0.25314211645774 0.22821795270874778 40
0.2539260183542817 0.23757098389265127 40
0.256338158487406 0.24837012734566918 40
0.2570988403263097 0.26019646986679723 40
0.25854921975477285 0.2726427469680636 40
0.25792898911684764 0.2849960098701927 40
0.26141832896198064 0.29858952428750923 40
0.2606980459353037 0.31337471215392393 40
0.2628445555974743 0.3295716832550532 40
0.26587287869371157 0.345988871446581 40
0.2647305544013187 0.3640997358143871 40
0.26783218324374414 0.3835458994338873 40
0.26983240400526953 0.40368753671283186 40
0.2701491808565227 0.4266163850947455 40
0.27468921811998653 0.450880489291228 40
0.27572120399125755 0.47929778777331683 40
0.27728363696838304 0.5081117462448901 40
0.2816093624833936 0.5418325306604246 40
0.2835242113316661 0.5798749120835885 40
0.2890045787130028 0.6201218824606038 40
0.2969867618132633 0.6667664418643958 40
0.30211464041136094 0.7194710027743826 40
0.31113951940561224 0.779825721972854 40
0.32117652303902444 0.8543617618752017 40
0.3291845090211496 0.9422325202406503 40
0.37812903200807585 0.9982856245661134 40
0.46840441704533825 1.0 40
0.5575766422554312 0.9966339127567522 40
0.6492855703402904 0.994607722017397 40
0.7388822932833219 0.9936231215195026 40
0.8266802183455918 0.9941290882380996 40
0.9154888989830734 0.9935380264306115 40
1.0 0.9933496426008904 40
0.05946693251883288 0.18427582243571455 95
0.007833956133409876 0.012939866386480868 40
0.06966083342850533 0.11176198508479346 95
0.07200289013501164 0.09999048981043383 95
0.08364220856859049 0.009228399909186537 95
0.07149198393065763 0.0757752746966921 95
0.26783218324374414 0.3835458994338873 40
0.04770847301693968 0.3090406008669547 95
0.04683289448997059 0.29361480380698884 95
0.014117091512264316 0.7154873163908072 95
0.07746183918731409 0.029178540723797528 95
0.24680152696808288 0.11263051193770197 40
0.8266802183455918 0.9941290882380996 40
0.25569595039346965 0.9963039988632566 95
0.07283938455166838 0.059471000772866545 95
0.24945060623740098 0.17404888837693844 40
0.2969867618132633 0.6667664418643958 40
0.2480771933435876 0.14467099375813497 40
0.004674559538569559 0.8499180005141137 95
0.2628445555974743 0.3295716832550532 40
0.2493381502748899 0.1519215171120483 40
0.08291739171110518 0.0 95
0.24631109492322031 0.1241835553416189 40
0.08291739171110518 0.0 95
0.07400569116304899 0.07059574004310415 95
0.5575766422554312 0.9966339127567522 40
0.256338158487406 0.24837012734566918 40
0.26783218324374414 0.3835458994338873 40
0.24291289151074086 0.10057793345373274 40
0.017122515485110866 0.5743996732659512 95
0.23971628962822264 0.06163375102713366 40
0.0060132167009876855 0.7786521628546879 95
0.0771307951363443 0.04436753547480338 95
0.24174037605345466 0.04172040514126645 40
0.0 0.0 40
0.062055438185878775 0.21224971380873617 95
1.0 0.9933496426008904 40
0.2535692696771984 0.21747458845417555 40
0.0 0.0 40
0.03453195622782359 0.3796756358206904 95
0.06235179035340718 0.17586310921115078 95
0.07831844157958351 0.039413368357511955 95
0.26587287869371157 0.345988871446581 40
0.07335170207230031 0.1185251856714877 95
0.2531918950565228 0.20840537013842952 40
0.07746183918731409 0.029178540723797528 95
0.05800772254853565 0.19306640942622294 95
0.05425249102378438 0.24389332989427057 95
0.03453195622782359 0.3796756358206904 95
0.9154888989830734 0.9935380264306115 40
0.0731826315313466 0.08788338959832645 95
0.2628445555974743 0.3295716832550532 40
0.2493381502748899 0.1519215171120483 40
0.07181484699557716 0.081147763969826 95
0.24574561530232264 0.13095708337648856 40
0.24058411816601868 0.036663511634838844 40
0.6821614885457175 0.9970087392494761 95
0.2531918950565228 0.20840537013842952 40
0.2524482849045408 0.19086087274069446 40
0.24174037605345466 0.04172040514126645 40
0.05142327077641335 0.2671546172028406 95
0.08364220856859049 0.009228399909186537 95
0.25053540829321463 0.1819295250109123 40
0.07182492956360804 0.13143981770816934 95
0.030794538520035795 0.5030919636103952 95
0.238898403743019 0.03171848022127243 40
0.24219420391262506 0.08908869922299403 40
0.04770847301693968 0.3090406008669547 95
0.24336775046679643 0.07320484964756864 40
0.46840441704533825 1.0 40
0.02989784379426454 0.474392094163737 95
0.2535692696771984 0.21747458845417555 40
0.07831844157958351 0.039413368357511955 95
0.24631109492322031 0.1241835553416189 40
0.08431408980595691 0.01854608019545026 95
0.7877816456059491 0.997721977470024 95
0.07831844157958351 0.039413368357511955 95
0.07400569116304899 0.07059574004310415 95
0.08323571023812315 0.0036321584519411142 95
0.046842766795981775 0.280184271460294 95
0.24174037605345466 0.04172040514126645 40
0.045474958052993494 0.34142457224539485 95
0.242609496419258 0.0943536085788413 40
0.24058411816601868 0.036663511634838844 40
0.30211464041136094 0.7194710027743826 40
0.27728363696838304 0.5081117462448901 40
0.2890045787130028 0.6201218824606038 40
0.2890045787130028 0.6201218824606038 40
0.25314211645774 0.22821795270874778 40
0.2531918950565228 0.20840537013842952 40
0.042580708672327654 0.32466652790362255 95
1.0 0.9933496426008904 40
0.4722619007136052 0.998356531703994 95
0.2701491808565227 0.4266163850947455 40
0.04683289448997059 0.29361480380698884 95
0.02989784379426454 0.474392094163737 95
0.07586137035365532 0.06555871412992635 95
0.24174037605345466 0.04172040514126645 40
0.27572120399125755 0.47929778777331683 40
0.30211464041136094 0.7194710027743826 40
0.06966083342850533 0.11176198508479346 95
0.27572120399125755 0.47929778777331683 40
0.08323571023812315 0.0036321584519411142 95
0.25314211645774 0.22821795270874778 40
0.5575766422554312 0.9966339127567522 40
0.23971628962822264 0.06163375102713366 40
0.24174037605345466 0.04172040514126645 40
0.2402539999771488 0.05203602091517851 40
0.062055438185878775 0.21224971380873617 95
0.2520939967909093 0.19914101821857932 40
0.27468921811998653 0.450880489291228 40
0.07200289013501164 0.09999048981043383 95
0.3291845090211496 0.9422325202406503 40
0.24219420391262506 0.08908869922299403 40
0.241872963310262 0.08397306861334489 40
0.07283938455166838 0.059471000772866545 95
0.07822875857770113 0.05036405908927854 95
