0.4758297029504324 1.0 95
0.4087594840909299 0.9029698543412599 95
0.39290145064959386 0.8232143473963492 95
0.25375009955425076 0.7474520047328221 95
0.23296109414455335 0.6847517277568882 95
0.2211840990330717 0.6289786044443955 95
0.24086261092877526 0.5785558394076727 95
0.1847138804867079 0.5319998097645171 95
0.20337475307849584 0.49052071155949595 95
0.20536316639043617 0.4517959813680161 95
0.22502112333876442 0.4188803765485273 95
0.21746895104832922 0.38569717995538483 95
0.20520967526938008 0.35552585347272997 95
0.2283280090442723 0.3280851881071434 95
0.19493773332463354 0.30228624134332216 95
0.19101837286374562 0.2774875197843011 95
0.11232864728167848 0.2539965242102882 95
0.12680716274618237 0.23301139198569346 95
0.12077609334475146 0.21215711045989671 95
0.0 0.19209619303991465 95
0.06170015519979209 0.17421571493278376 95
0.8747997425459012 0.16730137926755215 95
0.210540064450138 0.14129482617506606 95
0.2736254589381952 0.1265102822056059 95
0.31861348315884297 0.11137887197180084 95
0.46599706645974187 0.09835657738972665 95
0.5347850658469256 0.08542639000006814 95
0.549572857565043 0.07175320946452267 95
0.5847236707983062 0.05764378262174736 95
0.6489052088784937 0.04613434861275306 95
0.803212282530512 0.034910158328657306 95
0.8445550275003556 0.022213047281748412 95
0.9018208411996534 0.011458373433247548 95
1.0 0.0 95
0.4758297029504324 1.0 40
0.4087594840909299 0.9029698543412599 40
0.39290145064959386 0.8232143473963492 40
0.25375009955425076 0.7474520047328221 40
0.23296109414455335 0.6847517277568882 40
0.2211840990330717 0.6289786044443955 40
0.24086261092877526 0.5785558394076727 40
0.1847138804867079 0.5319998097645171 40
0.20337475307849584 0.49052071155949595 40
0.20536316639043617 0.4517959813680161 40
0.22502112333876442 0.4188803765485273 40
0.21746895104832922 0.38569717995538483 40
0.20520967526938008 0.35552585347272997 40
0.2283280090442723 0.3280851881071434 40
0.19493773332463354 0.30228624134332216 40
0.19101837286374562 0.2774875197843011 40
0.11232864728167848 0.2539965242102882 40
0.12680716274618237 0.23301139198569346 40
0.12077609334475146 0.21215711045989671 40
0.0 0.19209619303991465 40
0.06170015519979209 0.17421571493278376 40
0.8747997425459012 0.16730137926755215 40
0.210540064450138 0.14129482617506606 40
0.2736254589381952 0.1265102822056059 40
0.31861348315884297 0.11137887197180084 40
0.46599706645974187 0.09835657738972665 40
0.5347850658469256 0.08542639000006814 40
0.549572857565043 0.07175320946452267 40
0.5847236707983062 0.05764378262174736 40
0.6489052088784937 0.04613434861275306 40
0.803212282530512 0.034910158328657306 40
0.8445550275003556 0.022213047281748412 40
0.9018208411996534 0.011458373433247548 40
1.0 0.0 40
0.19493773332463354 0.30228624134332216 40
0.0 0.19209619303991465 95
0.0 0.19209619303991465 40
0.4087594840909299 0.9029698543412599 40
0.549572857565043 0.07175320946452267 95
0.06170015519979209 0.17421571493278376 40
0.8747997425459012 0.16730137926755215 95
0.12077609334475146 0.21215711045989671 40
0.06170015519979209 0.17421571493278376 95
0.803212282530512 0.034910158328657306 40
0.210540064450138 0.14129482617506606 40
0.31861348315884297 0.11137887197180084 40
0.210540064450138 0.14129482617506606 40
0.6489052088784937 0.04613434861275306 95
0.12680716274618237 0.23301139198569346 40
0.19101837286374562 0.2774875197843011 95
0.21746895104832922 0.38569717995538483 95
0.210540064450138 0.14129482617506606 95
0.24086261092877526 0.5785558394076727 40
1.0 0.0 95
0.9018208411996534 0.011458373433247548 95
0.25375009955425076 0.7474520047328221 95
0.8445550275003556 0.022213047281748412 40
0.549572857565043 0.07175320946452267 95
0.06170015519979209 0.17421571493278376 95
0.210540064450138 0.14129482617506606 95
0.39290145064959386 0.8232143473963492 95
1.0 0.0 40
0.0 0.19209619303991465 95
0.6489052088784937 0.04613434861275306 40
0.2283280090442723 0.3280851881071434 40
0.06170015519979209 0.17421571493278376 40
0.20536316639043617 0.4517959813680161 95
0.4087594840909299 0.9029698543412599 95
0.11232864728167848 0.2539965242102882 40
0.12077609334475146 0.21215711045989671 95
0.803212282530512 0.034910158328657306 95
0.22502112333876442 0.4188803765485273 40
0.8445550275003556 0.022213047281748412 95
0.210540064450138 0.14129482617506606 40
0.19101837286374562 0.2774875197843011 95
0.20520967526938008 0.35552585347272997 95
0.20520967526938008 0.35552585347272997 40
0.5347850658469256 0.08542639000006814 40
0.8747997425459012 0.16730137926755215 95
0.39290145064959386 0.8232143473963492 40
0.21746895104832922 0.38569717995538483 95
0.11232864728167848 0.2539965242102882 95
0.4758297029504324 1.0 95
0.1847138804867079 0.5319998097645171 95
0.21746895104832922 0.38569717995538483 40
0.06170015519979209 0.17421571493278376 40
0.39290145064959386 0.8232143473963492 40
0.2736254589381952 0.1265102822056059 40
0.19101837286374562 0.2774875197843011 95
0.20536316639043617 0.4517959813680161 40
1.0 0.0 95
0.549572857565043 0.07175320946452267 40
0.803212282530512 0.034910158328657306 95
0.11232864728167848 0.2539965242102882 40
