0.08372775685055443 0.0 95
0.08344092128983517 0.0035788460712825932 95
0.08380933938447946 0.008833106017186109 95
0.0833791765851232 0.013763526569591782 95
0.08488622526549006 0.019021731698403804 95
0.07732467676501391 0.024136134182462618 95
0.07709733178444979 0.028935196781177605 95
0.07673338279443548 0.033773390609133806 95
0.07826102675262837 0.03875079641907828 95
0.07677225239687746 0.04408696142560019 95
0.0767350534052447 0.04904652863446817 95
0.07476999477613248 0.054174454257028846 95
0.07480948064042953 0.05994798211054821 95
0.07446532892762335 0.06500012349683973 95
0.0760416552582838 0.07141015608925183 95
0.07239958281687214 0.07583857189644454 95
0.07405213616326964 0.0823159017107606 95
0.07174626528841023 0.08701820233072015 95
0.07132947480175693 0.09386646876075304 95
0.0703186068217058 0.09908110549395181 95
0.0717063854339733 0.10515972263588932 95
0.06979913052980702 0.11168519904221302 95
0.07249672067966491 0.11804750407138988 95
0.07189685389896329 0.12483485458066812 95
0.06897223050650919 0.13027473165314188 95
0.07046907035671823 0.13838467988420763 95
0.0649401966462407 0.14439352343959022 95
0.06512750686897505 0.15279047922713476 95
0.06775517581040105 0.1604470587938885 95
0.0626301193352245 0.1677213777254276 95
0.05943113476013589 0.17559653637708467 95
0.06023783252416355 0.1845502604561124 95
0.0633949256012885 0.19362349561129968 95
0.058202162648702746 0.201709312162085 95
0.05812763420698777 0.21143609800199933 95
0.05830249803437843 0.22217463305719826 95
0.05652092581813246 0.2322673795603858 95
0.05334739655885022 0.24360059627466846 95
0.05280024771297289 0.25541910479341245 95
0.05272778792228183 0.2674690701128565 95
0.04995680252804681 0.2809836949777662 95
0.04798122391492523 0.2942443404509376 95
0.04783726077064708 0.30898458334214485 95
0.04604619992920972 0.32545842423227417 95
0.04405733507905762 0.34133478929043737 95
0.03934305759836479 0.35995087157650985 95
0.03633686136690538 0.3800434666094757 95
0.03621016232031763 0.400095261073012 95
0.03257962380848275 0.42300898470321124 95
0.029565678204920412 0.44765045508114254 95
0.02527406293698942 0.4755034163560868 95
0.03223641844244358 0.5034448453169877 95
0.027856881857162154 0.5368883380249353 95
0.021482322502656578 0.5756449098748014 95
0.016401368156271995 0.6182777998945179 95
0.016784439547899373 0.6634131656761539 95
0.01347497022111442 0.7174274806692508 95
0.012036702168069307 0.7773946241056353 95
0.0011867617140000944 0.8539597816008643 95
0.0 0.939692630774167 95
0.046301861236074875 0.9937172192594896 95
0.15186934069021393 0.9940127181874342 95
0.25849887784805337 0.9966758763409477 95
0.36689657030980666 0.9981195875528438 95
0.47524265764972773 0.9988434370722276 95
0.5779435590882254 1.0 95
0.6866374834463783 0.9974909367064323 95
0.7935908213287167 0.9983410026693271 95
0.8967883105377007 0.9990235466962784 95
1.0 0.9991800282730272 95
0.01378569000182141 0.0 40
0.017763873818815095 0.006564300331154963 40
0.0 0.014291523733744612 40
0.2560730932298572 0.018494918828734195 40
0.25756642195312196 0.021747492776495788 40
0.2602287856990798 0.027629519201358685 40
0.26049997854734763 0.032288624895348964 40
0.26051594650203785 0.036816867539678035 40
0.2577745754905842 0.042198374803301866 40
0.25865303996784406 0.047378601954731606 40
0.2593898435066422 0.05249738422288345 40
0.26114226753866016 0.05808936793383381 40
0.26015127592170023 0.06240634371132168 40
0.2607204822759799 0.06766350397278169 40
0.2628676900169241 0.0740746080995012 40
0.2637811442821865 0.07887672333583005 40
0.26153463064562726 0.0843652886054381 40
0.26268676553644216 0.08985662139251176 40
0.2634679121625363 0.09584401273345916 40
0.2649887374971894 0.10222167931269185 40
0.2651056746290168 0.10762809823204678 40
0.2669736133614106 0.11446894917931988 40
0.2672316141602494 0.12005098856662472 40
0.2682964300670143 0.1268201062230495 40
0.2675764839968305 0.13214486199036152 40
0.271465424805478 0.13977748269308105 40
0.2686632566517208 0.146161806610062 40
0.27178577377177204 0.15416861704993898 40
0.26892271429086134 0.16130863726396102 40
0.2723382822739029 0.168495986820353 40
0.2704549426814789 0.17623681826529994 40
0.2714659334539311 0.18442326739867632 40
0.27258757628660885 0.1932423367828884 40
0.27657330991624324 0.2023850927842776 40
0.2747513107309391 0.21082608091256266 40
0.275859011052811 0.22150956937644867 40
0.27460835531386435 0.23087914836441065 40
0.27727837781597625 0.24275086396492068 40
0.2774066924604308 0.25313886164465377 40
0.27624142738253493 0.26450954037675667 40
0.2821372280224163 0.27755279908213326 40
0.2811562039968942 0.2901181712747514 40
0.28198708124159433 0.30383039161497943 40
0.2833176558836141 0.3192375882198504 40
0.283961275267471 0.3361000460439044 40
0.28633194747431817 0.3528324445266815 40
0.2865906407979088 0.3714263380259277 40
0.28775688373334046 0.39164928778170915 40
0.2887787758072763 0.41348336564462296 40
0.29461929163019607 0.43688027121033096 40
0.2955546737705387 0.46188267308747033 40
0.29672760143156474 0.49044183637997146 40
0.29850236833842925 0.522682976523651 40
0.30519667868234457 0.5577610031446936 40
0.30740918673265943 0.5980004541874262 40
0.315703113988175 0.6413390057743578 40
0.3213997364674587 0.6926761592270141 40
0.3322105139713257 0.7460304011098585 40
0.3422217250048833 0.8122716247047858 40
0.35029694297876235 0.8926632078796086 40
0.3588475279398749 0.9882542331973878 40
0.4455564540715855 1.0 40
0.5408275232548895 0.99829171740574 40
0.6351529462878421 0.9941590661463644 40
0.7299496819720643 0.9943577027513362 40
0.8191839794459385 0.9941494440445456 40
0.9091263852522077 0.9942557944487439 40
1.0 0.9939670773636065 40
0.27460835531386435 0.23087914836441065 40
1.0 0.9939670773636065 40
0.2955546737705387 0.46188267308747033 40
0.016784439547899373 0.6634131656761539 95
0.07732467676501391 0.024136134182462618 95
0.0 0.939692630774167 95
0.027856881857162154 0.5368883380249353 95
0.2628676900169241 0.0740746080995012 40
0.2686632566517208 0.146161806610062 40
0.2607204822759799 0.06766350397278169 40
0.2833176558836141 0.3192375882198504 40
0.28775688373334046 0.39164928778170915 40
0.0 0.939692630774167 95
0.5408275232548895 0.99829171740574 40
0.2637811442821865 0.07887672333583005 40
0.6351529462878421 0.9941590661463644 40
0.029565678204920412 0.44765045508114254 95
0.05943113476013589 0.17559653637708467 95
0.05830249803437843 0.22217463305719826 95
0.28633194747431817 0.3528324445266815 40
0.2955546737705387 0.46188267308747033 40
0.2704549426814789 0.17623681826529994 40
0.2675764839968305 0.13214486199036152 40
0.2833176558836141 0.3192375882198504 40
0.01347497022111442 0.7174274806692508 95
0.05280024771297289 0.25541910479341245 95
0.6866374834463783 0.9974909367064323 95
0.2675764839968305 0.13214486199036152 40
0.04798122391492523 0.2942443404509376 95
0.26268676553644216 0.08985662139251176 40
0.3422217250048833 0.8122716247047858 40
0.07446532892762335 0.06500012349683973 95
0.25849887784805337 0.9966758763409477 95
0.012036702168069307 0.7773946241056353 95
0.27657330991624324 0.2023850927842776 40
0.07476999477613248 0.054174454257028846 95
0.2628676900169241 0.0740746080995012 40
0.07480948064042953 0.05994798211054821 95
0.30519667868234457 0.5577610031446936 40
0.27460835531386435 0.23087914836441065 40
0.03633686136690538 0.3800434666094757 95
0.03934305759836479 0.35995087157650985 95
0.2833176558836141 0.3192375882198504 40
0.2602287856990798 0.027629519201358685 40
0.3588475279398749 0.9882542331973878 40
0.3422217250048833 0.8122716247047858 40
0.03257962380848275 0.42300898470321124 95
0.27178577377177204 0.15416861704993898 40
1.0 0.9991800282730272 95
0.2649887374971894 0.10222167931269185 40
0.47524265764972773 0.9988434370722276 95
0.30519667868234457 0.5577610031446936 40
0.08344092128983517 0.0035788460712825932 95
0.0633949256012885 0.19362349561129968 95
0.25756642195312196 0.021747492776495788 40
0.07046907035671823 0.13838467988420763 95
0.27657330991624324 0.2023850927842776 40
0.8967883105377007 0.9990235466962784 95
0.26153463064562726 0.0843652886054381 40
0.03934305759836479 0.35995087157650985 95
0.05272778792228183 0.2674690701128565 95
0.27727837781597625 0.24275086396492068 40
0.9091263852522077 0.9942557944487439 40
0.03934305759836479 0.35995087157650985 95
0.6866374834463783 0.9974909367064323 95
0.26268676553644216 0.08985662139251176 40
0.3588475279398749 0.9882542331973878 40
0.04995680252804681 0.2809836949777662 95
0.04995680252804681 0.2809836949777662 95
0.26051594650203785 0.036816867539678035 40
0.08344092128983517 0.0035788460712825932 95
0.2833176558836141 0.3192375882198504 40
0.06775517581040105 0.1604470587938885 95
0.0760416552582838 0.07141015608925183 95
0.7299496819720643 0.9943577027513362 40
0.029565678204920412 0.44765045508114254 95
0.2651056746290168 0.10762809823204678 40
0.012036702168069307 0.7773946241056353 95
0.2833176558836141 0.3192375882198504 40
0.07476999477613248 0.054174454257028846 95
0.07249672067966491 0.11804750407138988 95
0.0626301193352245 0.1677213777254276 95
0.08344092128983517 0.0035788460712825932 95
0.9091263852522077 0.9942557944487439 40
0.07249672067966491 0.11804750407138988 95
0.3588475279398749 0.9882542331973878 40
0.2747513107309391 0.21082608091256266 40
0.017763873818815095 0.006564300331154963 40
0.29461929163019607 0.43688027121033096 40
0.3213997364674587 0.6926761592270141 40
0.0011867617140000944 0.8539597816008643 95
0.0011867617140000944 0.8539597816008643 95
0.08344092128983517 0.0035788460712825932 95
0.26892271429086134 0.16130863726396102 40
0.0 0.939692630774167 95
0.06979913052980702 0.11168519904221302 95
0.0 0.014291523733744612 40
0.06775517581040105 0.1604470587938885 95
0.08380933938447946 0.008833106017186109 95
0.2747513107309391 0.21082608091256266 40
0.3213997364674587 0.6926761592270141 40
0.30519667868234457 0.5577610031446936 40
0.29672760143156474 0.49044183637997146 40
0.7935908213287167 0.9983410026693271 95
0.03223641844244358 0.5034448453169877 95
1.0 0.9991800282730272 95
0.04995680252804681 0.2809836949777662 95
0.07673338279443548 0.033773390609133806 95
0.08344092128983517 0.0035788460712825932 95
0.8967883105377007 0.9990235466962784 95
0.2669736133614106 0.11446894917931988 40
0.07446532892762335 0.06500012349683973 95
0.08488622526549006 0.019021731698403804 95
0.07239958281687214 0.07583857189644454 95
0.26892271429086134 0.16130863726396102 40
0.2865906407979088 0.3714263380259277 40
0.315703113988175 0.6413390057743578 40
0.2669736133614106 0.11446894917931988 40
