0.08221255360423281 0.0 95
0.08112914395000256 0.003856969792317531 95
0.07987934430419985 0.008534980877338158 95
0.08192671131168247 0.013707147884536093 95
0.08168383195926103 0.01834110835479328 95
0.0892833745158866 0.024253718444845047 95
0.07814657811118758 0.02893955532169042 95
0.07565049446593977 0.03297811708023243 95
0.07638519933637021 0.03956800003881874 95
0.07590146457041488 0.04404139999261484 95
0.0744409979185291 0.0490944115887143 95
0.07213384457870377 0.05358033739306834 95
0.07371477866917435 0.05915184108933028 95
0.0736721098641453 0.06552748047285012 95
0.07174707131820807 0.06975772783982627 95
0.07192385979180513 0.07546419353074707 95
0.07022733410653019 0.08095373087429986 95
0.07172030389887417 0.08743124162504513 95
0.06785356035116868 0.09196866706384807 95
0.07112027181688525 0.09929774386986341 95
0.06941428868729191 0.10405487013530916 95
0.06793005382397516 0.11058275428662427 95
0.06538059926808854 0.11642465417012672 95
0.06732155733468624 0.12288269332015227 95
0.06759591444669749 0.13011720396809662 95
0.06771324576021134 0.13701751438121432 95
0.06515654312883003 0.14459610548342802 95
0.06441951004542926 0.1510256407978994 95
0.06043876605593981 0.1582441380332826 95
0.06510073047504752 0.16673897784170455 95
0.06017368283722282 0.17399071608082853 95
0.0611000477995873 0.182571172712583 95
0.06142222006932885 0.19182637904293842 95
0.061694983536228425 0.20062124149087912 95
0.05730523291723647 0.20960724747864318 95
0.05431815682158585 0.21951945135948278 95
0.050632086438063696 0.22968301544487676 95
0.05036288252912367 0.24032744565150319 95
0.05097519999585963 0.2518558461908694 95
0.04682277857034392 0.2637815321627303 95
0.04864098179731222 0.2772430689402379 95
0.04433573436640621 0.2899957061507902 95
0.04246266069326446 0.3050333619724455 95
0.043006753906517294 0.3205320865547215 95
0.04202768586083426 0.3354137299500108 95
0.03758643048245971 0.3539532701368218 95
0.03477939909222904 0.37263662487529997 95
0.03412423656939508 0.3934568996768184 95
0.031433440803751135 0.4144295353733712 95
0.028616550856049656 0.43895787648925777 95
0.026395379050388877 0.4645425951733707 95
0.026447170919188984 0.49364980873403985 95
0.022119299739592084 0.5245161815322373 95
0.017178311307880587 0.5602366300429897 95
0.012434293932493784 0.6009559180334108 95
0.012632019144900057 0.646657990735859 95
0.010712965487747424 0.6964412938715058 95
0.00310604916259413 0.7559542987037405 95
0.0011324162425150098 0.8229138551607008 95
0.0 0.9028792310324042 95
0.0032523689328510298 0.9895621950409433 95
0.1154257218175969 0.9921493290147303 95
0.2253761872109388 0.993653689229249 95
0.33857496501352663 0.995295176479283 95
0.45233464400847656 0.9973688796867041 95
0.5577227549928419 0.9975340483661737 95
0.669460004698027 1.0 95
0.7840157252921094 0.9975754601644213 95
0.8948219409234003 0.9967877481252384 95
1.0 0.9976773108071284 95
0.0 0.0 40
0.0031063009177721584 0.007079092472569218 40
0.007293391087664844 0.013520210944215528 40
0.23493273030715298 0.018613055727569622 40
0.23677864250455177 0.023158638024690505 40
0.24020327498228022 0.027992603907099733 40
0.23821050320586262 0.0327088720525626 40
0.24079213431297072 0.038130408149117785 40
0.24210818942173218 0.04329018147781262 40
0.23916696810466548 0.048524471911120415 40
0.2397283947828399 0.05360500039085841 40
0.23920738015664764 0.058273977890891275 40
0.23911411717062886 0.06253517373432926 40
0.24104440192538462 0.06817445246841533 40
0.24249798323698726 0.07386750994738459 40
0.24317314281140795 0.07979345007914605 40
0.24012655790358844 0.08405944022487588 40
0.24198145061130769 0.0901291014837446 40
0.2428598998335038 0.09595408641125576 40
0.24330945721026603 0.10188710426707995 40
0.24147284591444743 0.10669354762495088 40
0.24384855358006352 0.11282406193908634 40
0.2472803978294228 0.11998203593436203 40
0.24925546713959018 0.12617417559116692 40
0.24541716048839404 0.13178240406610667 40
0.24636108930533687 0.13841041944129895 40
0.24768080788750552 0.1456735557776512 40
0.24814433020897383 0.15238797828150788 40
0.25042673657245 0.16020272513736514 40
0.2479005016937167 0.16664428856965144 40
0.25079879416440126 0.17486916248710646 40
0.2534340423160934 0.18338495045360031 40
0.2494141173591405 0.19099064762154264 40
0.25430273123058994 0.2005024943485391 40
0.2543191937473261 0.2090573404398987 40
0.2526838904976727 0.21798260609566666 40
0.25097227050611337 0.2285953747805696 40
0.253285032863428 0.23811301771602694 40
0.2571031269826074 0.24955828143115524 40
0.25737815743003056 0.26055023539189576 40
0.2565338779997981 0.2728705450963636 40
0.25674366280367844 0.2853763652352991 40
0.2614427132930454 0.29917555952784897 40
0.26173633430987314 0.3141099568195011 40
0.259236473840025 0.32951941038674537 40
0.262836436306045 0.34603048118862406 40
0.2643268907908287 0.3642078599140672 40
0.2674868217693483 0.38332991021645674 40
0.2647347204174088 0.40375317668740596 40
0.26923842852087226 0.42690022375270986 40
0.269999365451619 0.4517547555209733 40
0.27214687293864304 0.4793827477834882 40
0.27617469724554605 0.5084373138435646 40
0.28030199952825546 0.5418091127162756 40
0.28602644718210113 0.5788422622895314 40
0.2899710054714058 0.62035714381171 40
0.29754382150579334 0.6667645821022509 40
0.3014203647550794 0.7191732956478014 40
0.3110857444915294 0.7796477578065151 40
0.31931342610710745 0.8541363909279437 40
0.32930299279361547 0.9390602751053094 40
0.377987082605692 0.9981396516018907 40
0.4649184218864599 1.0 40
0.5562260237604424 0.996306749921967 40
0.6458111314900659 0.994091180562802 40
0.7341268984733561 0.9935139787856806 40
0.8249177757475652 0.9938046103234192 40
0.912502150561429 0.9938985396269638 40
1.0 0.9933053677181628 40
0.05431815682158585 0.21951945135948278 95
0.0031063009177721584 0.007079092472569218 40
0.2479005016937167 0.16664428856965144 40
0.25079879416440126 0.17486916248710646 40
0.05431815682158585 0.21951945135948278 95
0.669460004698027 1.0 95
0.26923842852087226 0.42690022375270986 40
0.24768080788750552 0.1456735557776512 40
0.08112914395000256 0.003856969792317531 95
0.07022733410653019 0.08095373087429986 95
0.24636108930533687 0.13841041944129895 40
0.24079213431297072 0.038130408149117785 40
0.2534340423160934 0.18338495045360031 40
0.2494141173591405 0.19099064762154264 40
0.26173633430987314 0.3141099568195011 40
0.2479005016937167 0.16664428856965144 40
0.0611000477995873 0.182571172712583 95
0.04202768586083426 0.3354137299500108 95
0.26923842852087226 0.42690022375270986 40
0.24198145061130769 0.0901291014837446 40
0.1154257218175969 0.9921493290147303 95
0.669460004698027 1.0 95
1.0 0.9976773108071284 95
0.07371477866917435 0.05915184108933028 95
0.2397283947828399 0.05360500039085841 40
0.7341268984733561 0.9935139787856806 40
0.2614427132930454 0.29917555952784897 40
0.25042673657245 0.16020272513736514 40
0.24317314281140795 0.07979345007914605 40
0.33857496501352663 0.995295176479283 95
0.25042673657245 0.16020272513736514 40
0.3014203647550794 0.7191732956478014 40
0.24541716048839404 0.13178240406610667 40
0.07565049446593977 0.03297811708023243 95
0.24636108930533687 0.13841041944129895 40
0.2647347204174088 0.40375317668740596 40
0.33857496501352663 0.995295176479283 95
0.24147284591444743 0.10669354762495088 40
0.24317314281140795 0.07979345007914605 40
0.24012655790358844 0.08405944022487588 40
0.00310604916259413 0.7559542987037405 95
0.2526838904976727 0.21798260609566666 40
0.06043876605593981 0.1582441380332826 95
0.012434293932493784 0.6009559180334108 95
0.24317314281140795 0.07979345007914605 40
0.06515654312883003 0.14459610548342802 95
0.24249798323698726 0.07386750994738459 40
0.03412423656939508 0.3934568996768184 95
0.23677864250455177 0.023158638024690505 40
0.07371477866917435 0.05915184108933028 95
0.2494141173591405 0.19099064762154264 40
0.25042673657245 0.16020272513736514 40
0.0011324162425150098 0.8229138551607008 95
0.377987082605692 0.9981396516018907 40
0.4649184218864599 1.0 40
0.24814433020897383 0.15238797828150788 40
0.24012655790358844 0.08405944022487588 40
0.24384855358006352 0.11282406193908634 40
0.07371477866917435 0.05915184108933028 95
0.05097519999585963 0.2518558461908694 95
0.2526838904976727 0.21798260609566666 40
0.7341268984733561 0.9935139787856806 40
0.028616550856049656 0.43895787648925777 95
0.06043876605593981 0.1582441380332826 95
0.26923842852087226 0.42690022375270986 40
0.7341268984733561 0.9935139787856806 40
0.07371477866917435 0.05915184108933028 95
0.07022733410653019 0.08095373087429986 95
0.2647347204174088 0.40375317668740596 40
0.07022733410653019 0.08095373087429986 95
0.26173633430987314 0.3141099568195011 40
0.06759591444669749 0.13011720396809662 95
0.28030199952825546 0.5418091127162756 40
0.4649184218864599 1.0 40
0.25430273123058994 0.2005024943485391 40
0.0744409979185291 0.0490944115887143 95
0.031433440803751135 0.4144295353733712 95
0.06538059926808854 0.11642465417012672 95
0.24636108930533687 0.13841041944129895 40
0.043006753906517294 0.3205320865547215 95
0.06759591444669749 0.13011720396809662 95
0.05097519999585963 0.2518558461908694 95
0.07814657811118758 0.02893955532169042 95
0.06538059926808854 0.11642465417012672 95
0.04433573436640621 0.2899957061507902 95
0.07174707131820807 0.06975772783982627 95
0.2565338779997981 0.2728705450963636 40
0.24012655790358844 0.08405944022487588 40
0.27617469724554605 0.5084373138435646 40
0.23493273030715298 0.018613055727569622 40
0.06510073047504752 0.16673897784170455 95
0.259236473840025 0.32951941038674537 40
0.007293391087664844 0.013520210944215528 40
0.0 0.9028792310324042 95
0.06771324576021134 0.13701751438121432 95
0.06759591444669749 0.13011720396809662 95
0.25097227050611337 0.2285953747805696 40
0.0032523689328510298 0.9895621950409433 95
0.026395379050388877 0.4645425951733707 95
0.031433440803751135 0.4144295353733712 95
0.3110857444915294 0.7796477578065151 40
0.07638519933637021 0.03956800003881874 95
0.06732155733468624 0.12288269332015227 95
0.07987934430419985 0.008534980877338158 95
0.2494141173591405 0.19099064762154264 40
0.24814433020897383 0.15238797828150788 40
0.29754382150579334 0.6667645821022509 40
0.04246266069326446 0.3050333619724455 95
0.5577227549928419 0.9975340483661737 95
0.23493273030715298 0.018613055727569622 40
0.00310604916259413 0.7559542987037405 95
0.06017368283722282 0.17399071608082853 95
0.007293391087664844 0.013520210944215528 40
0.04246266069326446 0.3050333619724455 95
0.0611000477995873 0.182571172712583 95
0.23911411717062886 0.06253517373432926 40
0.7341268984733561 0.9935139787856806 40
