0.25978768657413903 1.0 95
0.2975186523370067 0.907135633533552 95
0.21241726155028245 0.8192749515349101 95
0.2230741793838936 0.7485451438054319 95
0.1533360749470457 0.6834851867379181 95
0.0700053135292308 0.6250499592569082 95
0.1401749188248317 0.5776993390927996 95
0.11837457171615719 0.5307986735245418 95
0.09991057629409839 0.4897529119116133 95
0.1702702416661642 0.4512910901307572 95
0.10356684395952943 0.4163657405273884 95
0.15545385325231142 0.38561492525775715 95
0.10002590873670929 0.3559782322466476 95
0.189098301021848 0.33014137152049694 95
0.12504337746364957 0.3027427136000462 95
0.11327939704578052 0.27884186462636995 95
0.10227550323169986 0.257389716455455 95
0.06680987077623902 0.23525071314146068 95
0.10080122200744504 0.21526946426116964 95
0.0 0.1951507152711945 95
0.01135404301524422 0.17842769466854363 95
0.08435840258069638 0.1615982293646937 95
1.0 0.1615066727654247 95
0.20375295338537047 0.132316167249787 95
0.21683488741834478 0.11759342813725018 95
0.2885190755602435 0.10423773992531511 95
0.3335718175387217 0.09082877830253237 95
0.3650312706849694 0.07889923562362947 95
0.4422066075424312 0.06713329035600327 95
0.5018452819168236 0.054498381740902366 95
0.5279398463305277 0.04269377748870392 95
0.5808871993724855 0.03174639314939753 95
0.6581203567686661 0.021544134024374845 95
0.6071650700899286 0.009116194199097422 95
0.8025810241929046 0.0 95
0.25978768657413903 1.0 40
0.2975186523370067 0.907135633533552 40
0.21241726155028245 0.8192749515349101 40
0.2230741793838936 0.7485451438054319 40
0.1533360749470457 0.6834851867379181 40
0.0700053135292308 0.6250499592569082 40
0.1401749188248317 0.5776993390927996 40
0.11837457171615719 0.5307986735245418 40
0.09991057629409839 0.4897529119116133 40
0.1702702416661642 0.4512910901307572 40
0.10356684395952943 0.4163657405273884 40
0.15545385325231142 0.38561492525775715 40
0.10002590873670929 0.3559782322466476 40
0.189098301021848 0.33014137152049694 40
0.12504337746364957 0.3027427136000462 40
0.11327939704578052 0.27884186462636995 40
0.10227550323169986 0.257389716455455 40
0.06680987077623902 0.23525071314146068 40
0.10080122200744504 0.21526946426116964 40
0.0 0.1951507152711945 40
0.01135404301524422 0.17842769466854363 40
0.08435840258069638 0.1615982293646937 40
1.0 0.1615066727654247 40
0.20375295338537047 0.132316167249787 40
0.21683488741834478 0.11759342813725018 40
0.2885190755602435 0.10423773992531511 40
0.3335718175387217 0.09082877830253237 40
0.3650312706849694 0.07889923562362947 40
0.4422066075424312 0.06713329035600327 40
0.5018452819168236 0.054498381740902366 40
0.5279398463305277 0.04269377748870392 40
0.5808871993724855 0.03174639314939753 40
0.6581203567686661 0.021544134024374845 40
0.6071650700899286 0.009116194199097422 40
0.8025810241929046 0.0 40
0.12504337746364957 0.3027427136000462 95
0.12504337746364957 0.3027427136000462 40
0.3335718175387217 0.09082877830253237 95
0.4422066075424312 0.06713329035600327 40
0.25978768657413903 1.0 95
0.10227550323169986 0.257389716455455 95
0.11327939704578052 0.27884186462636995 95
0.1702702416661642 0.4512910901307572 95
0.11327939704578052 0.27884186462636995 40
0.1533360749470457 0.6834851867379181 95
0.08435840258069638 0.1615982293646937 40
0.10080122200744504 0.21526946426116964 40
0.3335718175387217 0.09082877830253237 95
0.0 0.1951507152711945 95
0.0 0.1951507152711945 95
0.189098301021848 0.33014137152049694 95
0.11837457171615719 0.5307986735245418 40
0.4422066075424312 0.06713329035600327 95
0.21241726155028245 0.8192749515349101 95
0.0 0.1951507152711945 40
0.1702702416661642 0.4512910901307572 40
0.11837457171615719 0.5307986735245418 40
0.1533360749470457 0.6834851867379181 95
0.5279398463305277 0.04269377748870392 40
0.1401749188248317 0.5776993390927996 40
0.11327939704578052 0.27884186462636995 40
0.0700053135292308 0.6250499592569082 40
0.20375295338537047 0.132316167249787 40
0.5279398463305277 0.04269377748870392 40
0.15545385325231142 0.38561492525775715 40
0.3650312706849694 0.07889923562362947 40
0.11837457171615719 0.5307986735245418 40
0.10080122200744504 0.21526946426116964 95
0.1401749188248317 0.5776993390927996 40
0.2975186523370067 0.907135633533552 95
0.25978768657413903 1.0 40
0.11327939704578052 0.27884186462636995 40
0.01135404301524422 0.17842769466854363 95
0.2230741793838936 0.7485451438054319 40
0.06680987077623902 0.23525071314146068 40
0.09991057629409839 0.4897529119116133 40
0.6071650700899286 0.009116194199097422 40
0.20375295338537047 0.132316167249787 40
0.3335718175387217 0.09082877830253237 95
0.21241726155028245 0.8192749515349101 95
0.08435840258069638 0.1615982293646937 40
0.10356684395952943 0.4163657405273884 95
0.15545385325231142 0.38561492525775715 95
0.1533360749470457 0.6834851867379181 40
0.10080122200744504 0.21526946426116964 40
1.0 0.1615066727654247 40
0.11327939704578052 0.27884186462636995 95
0.1533360749470457 0.6834851867379181 95
0.01135404301524422 0.17842769466854363 95
0.2885190755602435 0.10423773992531511 40
0.0700053135292308 0.6250499592569082 95
0.1702702416661642 0.4512910901307572 40
0.1401749188248317 0.5776993390927996 95
