0.08364820843942498 0.0 95
0.08178482462899062 0.005220842866655154 95
0.08404448389531131 0.01099215982690582 95
0.08329677271726868 0.014317558700337725 95
0.09054116612093824 0.02090790146953898 95
0.07942846924279125 0.024726299932898925 95
0.0787111761622454 0.029490972557572322 95
0.07880230289622721 0.035404205948032084 95
0.07832105821612348 0.040673996445155215 95
0.07865260709973963 0.04614495372686958 95
0.0757870002524459 0.05073576060503209 95
0.07616025430584286 0.05589639611305361 95
0.07729447383843857 0.062152770940851816 95
0.07480798956371497 0.06694803994657914 95
0.07473300539917722 0.07250007452802318 95
0.07282432665765572 0.07749216140647171 95
0.07128939349932525 0.08281726190373004 95
0.07132469969165099 0.08865959330636992 95
0.07250827334258536 0.09607045790725144 95
0.073869528037808 0.10153954188865205 95
0.07305525280136542 0.10772429058013505 95
0.07173449014827254 0.11404822008754169 95
0.0682118958723394 0.11932736653830339 95
0.06923815066982388 0.1268809065439306 95
0.06851266773892015 0.1327575848673994 95
0.06609618878228744 0.14021478174611005 95
0.06508290263870362 0.14737042287949145 95
0.06675587107474379 0.15579669612538546 95
0.06710999131117112 0.163342209355586 95
0.06591504540918101 0.17161485837224014 95
0.06503816979704037 0.17975008621701172 95
0.0631264226546355 0.18850331475459992 95
0.0640474561674697 0.19728781558917957 95
0.06001343136604442 0.206200230937075 95
0.05746000241096099 0.2162567586939252 95
0.05368464559051964 0.2260645161686491 95
0.0564046460172432 0.23771567717972159 95
0.054452320285261806 0.2488014729772351 95
0.052172121318803936 0.2612879016122842 95
0.05045744540612032 0.27419477947342813 95
0.04638929225086334 0.2870466020847531 95
0.044358870201005075 0.301085327415116 95
0.04346136955555002 0.31697129634372617 95
0.042126624414774466 0.33272583310217985 95
0.03986275064409188 0.350311248406706 95
0.03829141410455167 0.3698934129704771 95
0.03843969135845878 0.3894324913869637 95
0.03278789772489611 0.4109595728790969 95
0.0344827183852086 0.4356092281348384 95
0.034129584636894875 0.46069434210830584 95
0.031983065446727445 0.4893825928422349 95
0.02345946022559678 0.5218306256882821 95
0.0225748725795436 0.5575840725038445 95
0.014540944711348263 0.5977339486441895 95
0.014971606974698915 0.6431857157057916 95
0.0068322613754133055 0.6936246406690681 95
0.009028758002745062 0.7510759774841768 95
0.007892887721220944 0.8154087107149978 95
0.0 0.8972070591811324 95
0.001897821597816387 0.9879317416616674 95
0.11163475723174672 0.9921465110168488 95
0.2221003944128488 0.993827409443826 95
0.33488863132743096 0.9951871672521116 95
0.44568012715586397 0.9967786841651417 95
0.5580392253454396 0.9947397650884635 95
0.6663380949515674 1.0 95
0.7788618988908055 0.9980001772715594 95
0.8943091753747311 0.9968788468788616 95
1.0 0.9987945302371333 95
0.0 0.0 40
0.001482465322571847 0.005686130692231893 40
0.004650600105740122 0.012446557364675053 40
0.23027258945228493 0.018090740289502485 40
0.2356848387357533 0.022465118720313787 40
0.23390810605490203 0.02719841916852273 40
0.23429108614921307 0.03310948203799777 40
0.23300642858369502 0.03733583213915326 40
0.2363971595443888 0.04245951134014592 40
0.2324857242421534 0.046517653457718716 40
0.23403377773650832 0.05268947114317065 40
0.23490110081446766 0.05812494051038676 40
0.2334630017533516 0.062081358283768505 40
0.236205326622475 0.06747767865617045 40
0.2348632270513115 0.07269409446279536 40
0.23631148748015152 0.07804066849950433 40
0.23684094050707044 0.0846348166986127 40
0.23951704110802224 0.09043173359948278 40
0.23612140029499987 0.09503713789891285 40
0.23841843827508133 0.10166099227792565 40
0.2407039686655307 0.10763857244181994 40
0.23891242630803997 0.11251548107199533 40
0.24072315150696028 0.11973525564736427 40
0.24108137250479986 0.12600400524764396 40
0.24274199684359685 0.13133208199203342 40
0.24095014185418512 0.1380778742110983 40
0.24261787848926986 0.14522424103947293 40
0.24296425537293317 0.15234625640611751 40
0.24177122083327066 0.15940482166715217 40
0.24196773715279868 0.1669672214871548 40
0.24703295789030616 0.1754303516374027 40
0.2455317886261428 0.184124549940071 40
0.24746861750623073 0.19199271378253355 40
0.2491725301308103 0.20079098354857947 40
0.2479393954532187 0.20977228152876437 40
0.25024029924672425 0.21909311097980172 40
0.24779657672203076 0.22892724546165066 40
0.24886876238840033 0.23905112695068834 40
0.2509499853167803 0.2506334401492178 40
0.25005379497568375 0.2617176308786451 40
0.25231206929052324 0.2743025724408917 40
0.25168826130321986 0.2876404478759849 40
0.25550290651212626 0.3007571171600861 40
0.2553212996652922 0.31609069918511873 40
0.2580543824015498 0.3318565191824985 40
0.2572275205122403 0.34876008402404063 40
0.25760636453719354 0.3666003701645584 40
0.2567813512029598 0.38703856666668945 40
0.26322724218634674 0.40838071820197597 40
0.2668705595238743 0.4304609019348943 40
0.2656711652205456 0.45536401645513774 40
0.2716255063932536 0.48325786712986113 40
0.27129407328066585 0.5148066934983812 40
0.2733615827944474 0.5482639043137859 40
0.2809435480975237 0.5851846352542559 40
0.2841474167612522 0.6289702362421268 40
0.29175967090886806 0.6766912410376578 40
0.2992834851855062 0.7302364027249653 40
0.30702644317134725 0.7923060521113283 40
0.3148916488924245 0.8700695143640642 40
0.32821571823277296 0.958177056576895 40
0.388065207340249 0.9989309955748368 40
0.4741311867671075 1.0 40
0.5627505566118766 0.9967046296935301 40
0.655386030104612 0.9933796342956669 40
0.7410887582354626 0.9934810371842051 40
0.8276008829676404 0.9931923648456551 40
0.9158400926576089 0.9933347561585514 40
1.0 0.9924872668209642 40
0.03829141410455167 0.3698934129704771 95
0.3148916488924245 0.8700695143640642 40
0.07865260709973963 0.04614495372686958 95
1.0 0.9924872668209642 40
0.23490110081446766 0.05812494051038676 40
0.26322724218634674 0.40838071820197597 40
0.23429108614921307 0.03310948203799777 40
0.07832105821612348 0.040673996445155215 95
0.7788618988908055 0.9980001772715594 95
0.06710999131117112 0.163342209355586 95
0.24072315150696028 0.11973525564736427 40
0.24746861750623073 0.19199271378253355 40
1.0 0.9987945302371333 95
0.24274199684359685 0.13133208199203342 40
0.031983065446727445 0.4893825928422349 95
0.06609618878228744 0.14021478174611005 95
0.26322724218634674 0.40838071820197597 40
0.03829141410455167 0.3698934129704771 95
0.07282432665765572 0.07749216140647171 95
0.2324857242421534 0.046517653457718716 40
0.05368464559051964 0.2260645161686491 95
0.07729447383843857 0.062152770940851816 95
0.2580543824015498 0.3318565191824985 40
0.08178482462899062 0.005220842866655154 95
0.8943091753747311 0.9968788468788616 95
0.32821571823277296 0.958177056576895 40
0.23300642858369502 0.03733583213915326 40
0.24261787848926986 0.14522424103947293 40
0.27129407328066585 0.5148066934983812 40
0.27129407328066585 0.5148066934983812 40
0.001897821597816387 0.9879317416616674 95
0.24274199684359685 0.13133208199203342 40
0.0344827183852086 0.4356092281348384 95
0.07832105821612348 0.040673996445155215 95
0.07865260709973963 0.04614495372686958 95
0.08329677271726868 0.014317558700337725 95
0.24177122083327066 0.15940482166715217 40
0.11163475723174672 0.9921465110168488 95
0.3148916488924245 0.8700695143640642 40
0.07942846924279125 0.024726299932898925 95
0.2809435480975237 0.5851846352542559 40
0.004650600105740122 0.012446557364675053 40
0.2668705595238743 0.4304609019348943 40
0.26322724218634674 0.40838071820197597 40
0.08178482462899062 0.005220842866655154 95
0.009028758002745062 0.7510759774841768 95
0.2491725301308103 0.20079098354857947 40
0.0640474561674697 0.19728781558917957 95
0.24746861750623073 0.19199271378253355 40
0.07473300539917722 0.07250007452802318 95
0.2324857242421534 0.046517653457718716 40
0.06001343136604442 0.206200230937075 95
0.042126624414774466 0.33272583310217985 95
0.0757870002524459 0.05073576060503209 95
0.29175967090886806 0.6766912410376578 40
0.2668705595238743 0.4304609019348943 40
0.2841474167612522 0.6289702362421268 40
0.07865260709973963 0.04614495372686958 95
1.0 0.9924872668209642 40
0.0564046460172432 0.23771567717972159 95
0.23490110081446766 0.05812494051038676 40
0.2809435480975237 0.5851846352542559 40
0.2455317886261428 0.184124549940071 40
0.2841474167612522 0.6289702362421268 40
0.04346136955555002 0.31697129634372617 95
0.4741311867671075 1.0 40
0.8943091753747311 0.9968788468788616 95
0.2334630017533516 0.062081358283768505 40
0.30702644317134725 0.7923060521113283 40
1.0 0.9987945302371333 95
0.007892887721220944 0.8154087107149978 95
0.2668705595238743 0.4304609019348943 40
0.034129584636894875 0.46069434210830584 95
0.0 0.8972070591811324 95
0.8943091753747311 0.9968788468788616 95
0.44568012715586397 0.9967786841651417 95
0.23027258945228493 0.018090740289502485 40
0.05045744540612032 0.27419477947342813 95
0.24703295789030616 0.1754303516374027 40
0.2716255063932536 0.48325786712986113 40
0.0640474561674697 0.19728781558917957 95
0.07173449014827254 0.11404822008754169 95
0.09054116612093824 0.02090790146953898 95
0.014540944711348263 0.5977339486441895 95
0.44568012715586397 0.9967786841651417 95
0.07173449014827254 0.11404822008754169 95
0.0640474561674697 0.19728781558917957 95
0.2572275205122403 0.34876008402404063 40
0.2356848387357533 0.022465118720313787 40
0.08404448389531131 0.01099215982690582 95
0.04638929225086334 0.2870466020847531 95
0.08329677271726868 0.014317558700337725 95
0.2992834851855062 0.7302364027249653 40
0.06503816979704037 0.17975008621701172 95
0.2407039686655307 0.10763857244181994 40
0.0344827183852086 0.4356092281348384 95
0.6663380949515674 1.0 95
0.07305525280136542 0.10772429058013505 95
0.4741311867671075 1.0 40
0.03843969135845878 0.3894324913869637 95
0.06851266773892015 0.1327575848673994 95
0.07616025430584286 0.05589639611305361 95
0.8276008829676404 0.9931923648456551 40
0.0640474561674697 0.19728781558917957 95
0.8276008829676404 0.9931923648456551 40
0.07128939349932525 0.08281726190373004 95
0.11163475723174672 0.9921465110168488 95
0.2567813512029598 0.38703856666668945 40
0.24703295789030616 0.1754303516374027 40
0.03278789772489611 0.4109595728790969 95
0.29175967090886806 0.6766912410376578 40
0.0068322613754133055 0.6936246406690681 95
0.2363971595443888 0.04245951134014592 40
0.03829141410455167 0.3698934129704771 95
0.07305525280136542 0.10772429058013505 95
0.2567813512029598 0.38703856666668945 40
0.07480798956371497 0.06694803994657914 95
0.06503816979704037 0.17975008621701172 95
