0.08442488825203304 0.0 95
0.08400931638025436 0.004658789328712008 95
0.08408738667737037 0.009379005713891367 95
0.08351534716166426 0.014637402398801548 95
0.08715898675813075 0.02058703420974489 95
0.09125639321599224 0.02477496220125331 95
0.08102067662494021 0.029726032898387655 95
0.07815290388864313 0.0341312088878255 95
0.07910703065375337 0.04017458388940733 95
0.07946689580192795 0.04551211482970812 95
0.07834297105646593 0.05018348451051538 95
0.07657132309003019 0.05562724679105953 95
0.07781345561955084 0.06134801763151419 95
0.07419163527627264 0.06562055227792073 95
0.0778847023132177 0.07215530809527874 95
0.07694879669835518 0.07749776507680625 95
0.07499125773158889 0.08275387169842603 95
0.07392702089851051 0.08857993616482658 95
0.07299519134714423 0.09416986570290786 95
0.07426705906344948 0.10050762496065944 95
0.07504527288783369 0.1063104710963591 95
0.07364252387303621 0.11248315599055693 95
0.07050322689943653 0.11803288365163572 95
0.07254253855380968 0.12448539918892622 95
0.07032594423343486 0.1305354804818779 95
0.07192610935903582 0.13845498575249035 95
0.06577792374256869 0.14460982180336196 95
0.06773778182719271 0.15236760876826574 95
0.06407508044312604 0.1596465968857046 95
0.06474480170111928 0.16702848087176367 95
0.060247665607371395 0.17507156952026676 95
0.06289593690683196 0.18365423895481894 95
0.06153786790665708 0.19228918758857647 95
0.06254204549656578 0.20147316311693383 95
0.06127077320253651 0.21073443113361542 95
0.058664154357834716 0.2207026278210876 95
0.056558180748098326 0.23154122123204957 95
0.05281336825880662 0.24147509292273867 95
0.054557147491305545 0.2530150197860422 95
0.051536198779333756 0.26511648003256244 95
0.05272538641965345 0.27862482916864434 95
0.05009384471977517 0.29144252174240376 95
0.04687151524775764 0.3062373425598159 95
0.04552508946312079 0.3216075376202283 95
0.04274426813197647 0.3368953912929986 95
0.04261971156050105 0.35615527542521797 95
0.04006999086509252 0.37417730064683347 95
0.03769188134467645 0.39523898715463057 95
0.035857767795046236 0.41596162466922065 95
0.03609605764620285 0.440785049813135 95
0.028739720563557072 0.4668857051030979 95
0.030448496907808292 0.49535152801126753 95
0.030685243003088083 0.5264435709768691 95
0.024617843304306136 0.5635173057264271 95
0.01753885367508198 0.6035315623681233 95
0.018089706295686157 0.6487612133719175 95
0.009440555763537832 0.7006817274750672 95
0.0059831513311020025 0.7590986733279496 95
0.0063057155945078144 0.8264291093363352 95
0.0 0.909369230091659 95
0.0104015724383309 0.9914409375103146 95
0.1208082108676975 0.9922469135364071 95
0.23311528228703374 0.9944355788873922 95
0.3431361991899136 0.995543810023718 95
0.45182625082670247 0.9979056231021564 95
0.5642518895342855 0.9951510045813358 95
0.6763331778924049 1.0 95
0.7819921181508971 0.9981308067495422 95
0.8955588819321756 0.9980695132404008 95
1.0 0.9979525510433205 95
0.0 0.0 40
0.001965855390809469 0.006616487756391372 40
0.0023017489273772975 0.012575275856287212 40
0.23777537710249627 0.017530792954185765 40
0.23956319857670194 0.02224331661336408 40
0.24457459978501475 0.02719151564181483 40
0.2425750007258966 0.03222446491048554 40
0.2443114954899705 0.03807539115494451 40
0.24476591893845867 0.04291490535612469 40
0.24353438363162855 0.0478383107443661 40
0.2428802733145831 0.05236790368303347 40
0.24559852938095578 0.058654087205148434 40
0.24373328078057274 0.06284456819628072 40
0.24558401649750747 0.06884607121226764 40
0.24595203340090652 0.0737348632342041 40
0.24711371674102764 0.07964943776309616 40
0.247711548214193 0.08520146847020572 40
0.24657736198420674 0.08977913051758822 40
0.24586203572048734 0.09507433217984487 40
0.2495004853540107 0.10181041399066869 40
0.24671213087974592 0.10677358159770849 40
0.2480030158141263 0.11237314213908674 40
0.2477680286983229 0.11817254728379366 40
0.2526747228420567 0.12568732430376187 40
0.2525172536511378 0.13156662396524976 40
0.25456299638431257 0.138112483601377 40
0.25282649859796946 0.14495685192313276 40
0.2518146667791385 0.1516339359816118 40
0.2541352477057177 0.1590236066828417 40
0.25392643652701863 0.1658134510719129 40
0.2538553754810377 0.17376289153256808 40
0.2578813257703714 0.18228077930181924 40
0.2539678020523817 0.1899566201504484 40
0.2549413878765173 0.1982192686214949 40
0.25859458151018666 0.20736663376398273 40
0.25984269782090497 0.2170184290188319 40
0.2574095003709064 0.22597764977860757 40
0.2579872811860008 0.23638839317031662 40
0.2611091162331419 0.2469643004531391 40
0.26283371090994634 0.25844518891114004 40
0.2636952935933383 0.27075510766665584 40
0.26361986742159077 0.2831947909920452 40
0.26344916813155633 0.29643928347172427 40
0.267591589023975 0.31104729191408226 40
0.2672283435188623 0.32566395925075936 40
0.26922685720941675 0.34238560820060376 40
0.27009796627137694 0.3602959851986927 40
0.2689567982397742 0.3781825663035321 40
0.2728145997014733 0.3984024535445031 40
0.27382934141315585 0.4203185967160291 40
0.27477364899532675 0.4453350155889336 40
0.2770270761613179 0.47145067371741944 40
0.28117844818956317 0.4991547318467339 40
0.2852429068986832 0.5318995546548324 40
0.2915189402038799 0.5677687187188002 40
0.29612952058287706 0.6072525460150808 40
0.29869970891070563 0.6536373558252536 40
0.304057513773623 0.7046511748130564 40
0.3161952642252267 0.7617695005886913 40
0.3228804731521393 0.8324882979553406 40
0.3312939082650113 0.9161804063576715 40
0.3535727800050562 1.0 40
0.45050679523791737 0.9970364190908572 40
0.5448329663160597 0.9946436997155411 40
0.6372871803483333 0.9917641715333447 40
0.7269454951711952 0.9913145799242412 40
0.8169737261432121 0.991991128924993 40
0.9101204342851679 0.9918715063349237 40
1.0 0.9907427079736792 40
0.27477364899532675 0.4453350155889336 40
0.8955588819321756 0.9980695132404008 95
0.2574095003709064 0.22597764977860757 40
0.06127077320253651 0.21073443113361542 95
0.07504527288783369 0.1063104710963591 95
0.04687151524775764 0.3062373425598159 95
0.304057513773623 0.7046511748130564 40
0.8169737261432121 0.991991128924993 40
0.26361986742159077 0.2831947909920452 40
0.07032594423343486 0.1305354804818779 95
0.06407508044312604 0.1596465968857046 95
0.2477680286983229 0.11817254728379366 40
0.3161952642252267 0.7617695005886913 40
0.2636952935933383 0.27075510766665584 40
0.2770270761613179 0.47145067371741944 40
0.0 0.0 40
0.009440555763537832 0.7006817274750672 95
0.24558401649750747 0.06884607121226764 40
0.1208082108676975 0.9922469135364071 95
0.28117844818956317 0.4991547318467339 40
0.2672283435188623 0.32566395925075936 40
0.2574095003709064 0.22597764977860757 40
0.2770270761613179 0.47145067371741944 40
0.2539678020523817 0.1899566201504484 40
1.0 0.9907427079736792 40
0.28117844818956317 0.4991547318467339 40
0.247711548214193 0.08520146847020572 40
0.2549413878765173 0.1982192686214949 40
0.2526747228420567 0.12568732430376187 40
0.9101204342851679 0.9918715063349237 40
0.08400931638025436 0.004658789328712008 95
0.2578813257703714 0.18228077930181924 40
0.2538553754810377 0.17376289153256808 40
0.24476591893845867 0.04291490535612469 40
0.07032594423343486 0.1305354804818779 95
0.2538553754810377 0.17376289153256808 40
0.051536198779333756 0.26511648003256244 95
0.07694879669835518 0.07749776507680625 95
0.45050679523791737 0.9970364190908572 40
0.24595203340090652 0.0737348632342041 40
0.5448329663160597 0.9946436997155411 40
0.08715898675813075 0.02058703420974489 95
0.058664154357834716 0.2207026278210876 95
0.24595203340090652 0.0737348632342041 40
0.07834297105646593 0.05018348451051538 95
0.07392702089851051 0.08857993616482658 95
0.07426705906344948 0.10050762496065944 95
0.0778847023132177 0.07215530809527874 95
0.26344916813155633 0.29643928347172427 40
0.26361986742159077 0.2831947909920452 40
0.024617843304306136 0.5635173057264271 95
0.24595203340090652 0.0737348632342041 40
0.2728145997014733 0.3984024535445031 40
0.7269454951711952 0.9913145799242412 40
0.07781345561955084 0.06134801763151419 95
0.08400931638025436 0.004658789328712008 95
0.07032594423343486 0.1305354804818779 95
0.25392643652701863 0.1658134510719129 40
0.304057513773623 0.7046511748130564 40
0.2539678020523817 0.1899566201504484 40
0.07657132309003019 0.05562724679105953 95
0.25984269782090497 0.2170184290188319 40
0.9101204342851679 0.9918715063349237 40
0.2578813257703714 0.18228077930181924 40
0.6763331778924049 1.0 95
0.018089706295686157 0.6487612133719175 95
0.08351534716166426 0.014637402398801548 95
0.2428802733145831 0.05236790368303347 40
0.29612952058287706 0.6072525460150808 40
0.6763331778924049 1.0 95
0.8169737261432121 0.991991128924993 40
0.9101204342851679 0.9918715063349237 40
0.06773778182719271 0.15236760876826574 95
0.03769188134467645 0.39523898715463057 95
0.030448496907808292 0.49535152801126753 95
0.9101204342851679 0.9918715063349237 40
0.0778847023132177 0.07215530809527874 95
0.04687151524775764 0.3062373425598159 95
0.0023017489273772975 0.012575275856287212 40
0.3535727800050562 1.0 40
0.06254204549656578 0.20147316311693383 95
0.2518146667791385 0.1516339359816118 40
0.26922685720941675 0.34238560820060376 40
0.05272538641965345 0.27862482916864434 95
0.24476591893845867 0.04291490535612469 40
0.6763331778924049 1.0 95
0.07694879669835518 0.07749776507680625 95
0.01753885367508198 0.6035315623681233 95
0.7269454951711952 0.9913145799242412 40
0.24671213087974592 0.10677358159770849 40
0.8955588819321756 0.9980695132404008 95
0.2480030158141263 0.11237314213908674 40
0.08715898675813075 0.02058703420974489 95
0.28117844818956317 0.4991547318467339 40
0.030685243003088083 0.5264435709768691 95
0.0 0.909369230091659 95
0.03769188134467645 0.39523898715463057 95
0.051536198779333756 0.26511648003256244 95
0.247711548214193 0.08520146847020572 40
0.07657132309003019 0.05562724679105953 95
0.07392702089851051 0.08857993616482658 95
0.24373328078057274 0.06284456819628072 40
0.08102067662494021 0.029726032898387655 95
0.1208082108676975 0.9922469135364071 95
0.26922685720941675 0.34238560820060376 40
0.24657736198420674 0.08977913051758822 40
0.247711548214193 0.08520146847020572 40
0.060247665607371395 0.17507156952026676 95
0.04006999086509252 0.37417730064683347 95
0.24558401649750747 0.06884607121226764 40
0.29612952058287706 0.6072525460150808 40
0.04687151524775764 0.3062373425598159 95
0.7819921181508971 0.9981308067495422 95
0.01753885367508198 0.6035315623681233 95
0.7269454951711952 0.9913145799242412 40
0.2728145997014733 0.3984024535445031 40
0.018089706295686157 0.6487612133719175 95
