0.08365250009849161 0.0 95
0.08462913149384892 0.004595831749446281 95
0.08348159497253987 0.009095195146408063 95
0.08382994357733653 0.014863197113573232 95
0.0862054282790782 0.019272748698383906 95
0.0867510918696822 0.025412739854718275 95
0.07989324938192084 0.02995393792121657 95
0.08073232652650497 0.034715625355599106 95
0.08010923810202651 0.04022520951406889 95
0.0778019811493269 0.04406032172310564 95
0.07698697492514019 0.04963653015990248 95
0.07856933032531163 0.05558201418278477 95
0.0751493621046909 0.06021940216960413 95
0.0761475833101294 0.06533737095237184 95
0.07647650652693534 0.07185995543174303 95
0.07381993383195357 0.07611041565415111 95
0.07552180764173663 0.08226822253506401 95
0.07212804213975219 0.08790981890751395 95
0.07525800946187132 0.09409507258864012 95
0.07276960305226478 0.09962354339987162 95
0.07157286137431897 0.1055048886653237 95
0.07249453081454746 0.11172881125466518 95
0.07091614996333355 0.11756626644413094 95
0.07070138028277696 0.12455150174445569 95
0.0685135886615984 0.1305596869791498 95
0.07076756499042484 0.13867331114390813 95
0.06778226492518051 0.1450183994448781 95
0.0675551662764791 0.1525379434236901 95
0.063671890942963 0.1594542602214155 95
0.06906031007569316 0.16813324621564749 95
0.064587582152104 0.175191784347535 95
0.062159197275514326 0.18394278163235037 95
0.06249242538544251 0.19315906711791267 95
0.06358029800222757 0.20251615757898542 95
0.062225113385835085 0.2118967408035647 95
0.06033117870836437 0.22194765470847524 95
0.061007472083634384 0.2321330712973313 95
0.056930145735105624 0.24306102350830494 95
0.05406788465763279 0.25367283774842575 95
0.05192523569037485 0.2662490546569204 95
0.054323374899011484 0.2793884266756992 95
0.04870256013341788 0.2927189320206838 95
0.04974225390350983 0.3076146930607689 95
0.047673975502488024 0.3226500467835148 95
0.044542727205933136 0.3388408175148969 95
0.04072240502556456 0.35770887066897167 95
0.03575477495175686 0.37636085706361744 95
0.03539494376776658 0.39763789253121 95
0.03457651558853988 0.41875902834287454 95
0.0321593698128226 0.4438762401338553 95
0.027954032871368176 0.47056824004088066 95
0.03017431720356423 0.4999597338707773 95
0.021955958464743647 0.5328031361375039 95
0.01916610249910838 0.569664151813337 95
0.02008983493288121 0.6087780610408109 95
0.014586473372288017 0.6570413094024703 95
0.015936613609246714 0.7087058557862231 95
0.010790169798126015 0.7701244895719946 95
0.006839137291133916 0.83956036649525 95
0.0 0.9246754269060095 95
0.02754775092255774 0.9939893303911866 95
0.14244451449287826 0.9912988805604231 95
0.25265684849874154 0.9923991902454501 95
0.3573594426330838 0.9950094008998032 95
0.4639181561754034 0.9962890725497007 95
0.5703772985737093 0.9970213159792656 95
0.6828125944628413 0.9940787894804165 95
0.7857185754479402 0.9950609684218942 95
0.8910329648915879 0.9961107551081236 95
1.0 1.0 95
0.0 0.0 40
0.0025916603972579665 0.005830697894235019 40
0.0053417949457793 0.012598875551431818 40
0.23160815353798625 0.017051854664673537 40
0.236263069177746 0.022036000293767854 40
0.23677771662334063 0.02715541143179429 40
0.2356606805079593 0.0322647940093274 40
0.23702958326151885 0.037298106575813575 40
0.2381157519684757 0.040778147268284645 40
0.23505226804588866 0.04651170636056539 40
0.23532549403146608 0.05132607988476111 40
0.236004689932691 0.05665330960475805 40
0.2364338062371805 0.061818492282063826 40
0.23888560758695698 0.06737249496056946 40
0.2377367531555114 0.0727071730553394 40
0.2394021078195725 0.07778005707199477 40
0.23956167002408899 0.08375712171930633 40
0.23950361801776043 0.08893485117111337 40
0.23716571124943267 0.09387950809309342 40
0.23856907010336975 0.10005842346528952 40
0.24131662795155168 0.10632550580852153 40
0.2429390585760385 0.11260142255092867 40
0.24322974656915838 0.1190923649710948 40
0.24028803526013937 0.12419877864143729 40
0.24497866894960807 0.1305815356668203 40
0.24272745882419391 0.13716140095752427 40
0.24496220931148907 0.1445356826531525 40
0.2457684827593689 0.1518289703937747 40
0.24415756815922882 0.15852463704476794 40
0.24695100067720233 0.1667278804261805 40
0.24607610856514625 0.17395375876163224 40
0.24706980070261095 0.1826159454230604 40
0.24852828502225907 0.190578673508783 40
0.2491857142910276 0.19951844252766648 40
0.24804249412285442 0.20855964750750658 40
0.25136751137856145 0.21816575777803732 40
0.24860608914678092 0.22794908746815723 40
0.25255644282087786 0.23820626755670668 40
0.2511624207696172 0.2493954006671985 40
0.25503956760449314 0.2611522959342222 40
0.25510699627388606 0.2732966675571604 40
0.2535335023748549 0.2866410514536937 40
0.2560637334606792 0.2995432582531119 40
0.25687782555918104 0.3145879452285516 40
0.25832089808546677 0.3306589777089237 40
0.25793558862241756 0.34750605669863305 40
0.25951887182111244 0.36539846615901095 40
0.2621003332682758 0.3855591319294882 40
0.2641058713683805 0.40678600558288586 40
0.26732291262970675 0.4286962378393199 40
0.26994971449845523 0.4537900349735233 40
0.27063479104978183 0.48172155127116684 40
0.27373196673791844 0.5118970054844623 40
0.2795543087825479 0.5441417290292881 40
0.28273507980990803 0.5827465175657979 40
0.2859736166336761 0.6249903161948017 40
0.2950987385260516 0.6714484228890761 40
0.3013966269828736 0.7264056459411746 40
0.30655202999603 0.787950074478323 40
0.31906162025019913 0.8622507592615124 40
0.32898191162633816 0.9523938507405708 40
0.38298791642942626 0.9987023519190358 40
0.4705519521403783 1.0 40
0.559887857810349 0.9942362003433564 40
0.6495495515075691 0.994771523883744 40
0.7351988912989987 0.9939509385269724 40
0.823339069577437 0.9937468421467475 40
0.9111968788563077 0.9939481643623934 40
1.0 0.9928939192664578 40
0.23956167002408899 0.08375712171930633 40
0.25503956760449314 0.2611522959342222 40
0.25136751137856145 0.21816575777803732 40
0.07157286137431897 0.1055048886653237 95
0.062225113385835085 0.2118967408035647 95
0.07212804213975219 0.08790981890751395 95
0.027954032871368176 0.47056824004088066 95
0.062225113385835085 0.2118967408035647 95
0.6495495515075691 0.994771523883744 40
0.25832089808546677 0.3306589777089237 40
0.4639181561754034 0.9962890725497007 95
0.7351988912989987 0.9939509385269724 40
0.8910329648915879 0.9961107551081236 95
0.03457651558853988 0.41875902834287454 95
0.7857185754479402 0.9950609684218942 95
0.9111968788563077 0.9939481643623934 40
0.24497866894960807 0.1305815356668203 40
0.056930145735105624 0.24306102350830494 95
0.014586473372288017 0.6570413094024703 95
0.06778226492518051 0.1450183994448781 95
0.07698697492514019 0.04963653015990248 95
0.25687782555918104 0.3145879452285516 40
0.064587582152104 0.175191784347535 95
0.25687782555918104 0.3145879452285516 40
0.04870256013341788 0.2927189320206838 95
0.0761475833101294 0.06533737095237184 95
0.06033117870836437 0.22194765470847524 95
0.823339069577437 0.9937468421467475 40
0.04870256013341788 0.2927189320206838 95
0.24804249412285442 0.20855964750750658 40
0.07525800946187132 0.09409507258864012 95
0.07276960305226478 0.09962354339987162 95
0.08073232652650497 0.034715625355599106 95
0.25510699627388606 0.2732966675571604 40
0.03575477495175686 0.37636085706361744 95
0.24852828502225907 0.190578673508783 40
0.559887857810349 0.9942362003433564 40
0.559887857810349 0.9942362003433564 40
0.2491857142910276 0.19951844252766648 40
0.25951887182111244 0.36539846615901095 40
0.06033117870836437 0.22194765470847524 95
0.08382994357733653 0.014863197113573232 95
0.30655202999603 0.787950074478323 40
0.0862054282790782 0.019272748698383906 95
0.30655202999603 0.787950074478323 40
0.0862054282790782 0.019272748698383906 95
0.014586473372288017 0.6570413094024703 95
0.02008983493288121 0.6087780610408109 95
0.23702958326151885 0.037298106575813575 40
0.07525800946187132 0.09409507258864012 95
0.236004689932691 0.05665330960475805 40
0.06358029800222757 0.20251615757898542 95
0.2621003332682758 0.3855591319294882 40
0.04974225390350983 0.3076146930607689 95
0.010790169798126015 0.7701244895719946 95
0.24497866894960807 0.1305815356668203 40
0.23716571124943267 0.09387950809309342 40
0.25951887182111244 0.36539846615901095 40
0.24415756815922882 0.15852463704476794 40
0.25136751137856145 0.21816575777803732 40
0.07249453081454746 0.11172881125466518 95
0.07647650652693534 0.07185995543174303 95
0.236263069177746 0.022036000293767854 40
0.3013966269828736 0.7264056459411746 40
0.559887857810349 0.9942362003433564 40
0.047673975502488024 0.3226500467835148 95
0.044542727205933136 0.3388408175148969 95
0.24497866894960807 0.1305815356668203 40
0.04072240502556456 0.35770887066897167 95
0.24272745882419391 0.13716140095752427 40
0.27063479104978183 0.48172155127116684 40
0.2950987385260516 0.6714484228890761 40
0.7857185754479402 0.9950609684218942 95
0.054323374899011484 0.2793884266756992 95
0.02754775092255774 0.9939893303911866 95
0.0 0.0 40
0.30655202999603 0.787950074478323 40
0.23677771662334063 0.02715541143179429 40
0.07276960305226478 0.09962354339987162 95
0.063671890942963 0.1594542602214155 95
0.23160815353798625 0.017051854664673537 40
0.25793558862241756 0.34750605669863305 40
0.2535335023748549 0.2866410514536937 40
0.23956167002408899 0.08375712171930633 40
0.07698697492514019 0.04963653015990248 95
0.07070138028277696 0.12455150174445569 95
0.08365250009849161 0.0 95
0.24415756815922882 0.15852463704476794 40
0.0321593698128226 0.4438762401338553 95
0.0867510918696822 0.025412739854718275 95
0.061007472083634384 0.2321330712973313 95
0.07989324938192084 0.02995393792121657 95
0.08010923810202651 0.04022520951406889 95
0.2364338062371805 0.061818492282063826 40
0.02754775092255774 0.9939893303911866 95
0.04870256013341788 0.2927189320206838 95
0.2394021078195725 0.07778005707199477 40
0.24415756815922882 0.15852463704476794 40
0.23677771662334063 0.02715541143179429 40
0.05192523569037485 0.2662490546569204 95
0.07070138028277696 0.12455150174445569 95
0.0321593698128226 0.4438762401338553 95
1.0 0.9928939192664578 40
0.236263069177746 0.022036000293767854 40
0.3013966269828736 0.7264056459411746 40
0.0 0.9246754269060095 95
0.2535335023748549 0.2866410514536937 40
0.06358029800222757 0.20251615757898542 95
0.24695100067720233 0.1667278804261805 40
0.010790169798126015 0.7701244895719946 95
0.14244451449287826 0.9912988805604231 95
0.2429390585760385 0.11260142255092867 40
0.24028803526013937 0.12419877864143729 40
0.044542727205933136 0.3388408175148969 95
0.27063479104978183 0.48172155127116684 40
0.07076756499042484 0.13867331114390813 95
0.0 0.0 40
