0.09546982292694697 0.0 95
0.09492194209129357 0.005608637809939086 95
0.09549637138563125 0.010408106596515202 95
0.09624357493017235 0.015969097203954116 95
0.09883470623849663 0.02115310130560816 95
0.08965153825492894 0.025092636329861424 95
0.09065858590406434 0.03128892527520586 95
0.08719704038924893 0.03458174643612935 95
0.08757833795416757 0.04023659971157258 95
0.08687303816394641 0.04489702971658799 95
0.08786563003390316 0.05001354150251841 95
0.08639532819942997 0.056011426941571664 95
0.08912512864329947 0.0619701266672476 95
0.08687055688044237 0.06698888975844255 95
0.08581259902486349 0.07200806529925757 95
0.08553298541777013 0.07798246901032166 95
0.08451084931863861 0.08359173744738473 95
0.08087790523693948 0.0887170892265415 95
0.08197846554621283 0.09513363546643404 95
0.08105612770021488 0.10066533830816062 95
0.08071922471899329 0.1071427842201157 95
0.07944276850088881 0.11267827722568298 95
0.07806285324226353 0.11913183239021567 95
0.08100632272405747 0.12657961077944424 95
0.0800305312184322 0.1331997931078964 95
0.07995710100311453 0.14039821995855406 95
0.07562257452543426 0.147313284864071 95
0.07439691481800824 0.15470906595266767 95
0.07347906292800543 0.16174905467065492 95
0.0726080146776425 0.16998024725132266 95
0.0736468878155947 0.17890144884266082 95
0.06942392581003787 0.18738242861709847 95
0.07026800294586165 0.19622130253643139 95
0.07127102277982514 0.20528686906086813 95
0.07020805782514382 0.2158996780417054 95
0.06711813281144341 0.2258732086806683 95
0.06222173907531513 0.23647205394287737 95
0.06334608843243408 0.2472554853112416 95
0.06297602673364101 0.2601401391359023 95
0.0650638724612366 0.2719247612375346 95
0.05933327332931534 0.28473704368733826 95
0.059912360260882855 0.29939794363735456 95
0.05657622055711888 0.31513277291837277 95
0.0535474153392025 0.33086244907345347 95
0.04872131049213989 0.3478270302186812 95
0.04910014682775872 0.3669020052784132 95
0.042116900579332144 0.3867881974278833 95
0.04087853628762113 0.40890635876481796 95
0.04123131255505904 0.43205021453490494 95
0.041345966695093495 0.4567945239098872 95
0.037980628380856446 0.48514208834970735 95
0.035791443921859914 0.5165694951536703 95
0.03165086281515434 0.5502951538724647 95
0.02658467138800825 0.5901851262532088 95
0.021008813141850557 0.6342371257024932 95
0.019708418022043768 0.6831993194862296 95
0.019849204894494512 0.7390040564833122 95
0.01668957772408078 0.8036337999960763 95
0.008122763772792536 0.8824782678807915 95
0.0 0.9764867444590247 95
0.09830499694116356 0.9933751655485487 95
0.21140046069223667 0.9953655679362179 95
0.32330773380780525 0.9964733614119243 95
0.436754201452472 0.9983679236963539 95
0.5518896006457231 0.9990317712531734 95
0.6611321092870478 1.0 95
0.779075346876105 0.9977484430576395 95
0.8914179019728679 0.9990828332813315 95
1.0 0.9994248101629514 95
0.0 0.0 40
0.0013069470119434156 0.005456961913040494 40
0.004989153930947648 0.012720906008846782 40
0.2450332300317726 0.022335310633374364 40
0.2461288320574406 0.027022801653774763 40
0.24877955128419588 0.03178026844172827 40
0.2510925523047655 0.03777796345529668 40
0.25103630676889305 0.04275598422822789 40
0.24713949094640345 0.047293396918890146 40
0.24742872291901702 0.05176665500756779 40
0.24987089716115157 0.0578959298416485 40
0.2490898991458517 0.06168736136433922 40
0.25128553343302196 0.0680846393123267 40
0.25181136333780346 0.07275718097329656 40
0.25106058092052386 0.07748562532084283 40
0.2539574926446934 0.0835545835318681 40
0.25223058887964334 0.08929453618163663 40
0.25358035669255663 0.09480905145999789 40
0.2528567114370158 0.09991782475257568 40
0.2547372185525779 0.10642690149851321 40
0.25583809781084516 0.11225068121743206 40
0.2568777404991853 0.11836568484434669 40
0.25641066590261163 0.12440756670126496 40
0.25478416278351845 0.12977997537581176 40
0.2573254504638769 0.13612025450805146 40
0.25715733397883184 0.1426942184910765 40
0.2597526089204737 0.15050245553947897 40
0.25976270453603384 0.15785048100349866 40
0.2606127861041237 0.16547438138696577 40
0.2609016313652841 0.17207088974435789 40
0.26190950371636557 0.1804019305809455 40
0.2602057185995345 0.18796610984376688 40
0.2609136283454128 0.1966252181510997 40
0.26172439948945325 0.20530387526084642 40
0.26351264365037524 0.2142230110834189 40
0.26137669313004946 0.22428280630210595 40
0.26662996987402554 0.23488454039897025 40
0.2639473560273978 0.24552634125725706 40
0.2692020197235184 0.2569068244324346 40
0.26963349856012137 0.268324401161281 40
0.2709226215930584 0.2807434018887251 40
0.2718371858463013 0.2935692660878412 40
0.2718895634929311 0.3075519076067027 40
0.27441809430944264 0.32304228374093985 40
0.27147337523835197 0.3389191277859595 40
0.2757434031314041 0.35583346727983983 40
0.2760743004590905 0.3743240310000329 40
0.2779915904284266 0.39436531232002286 40
0.27864268607427606 0.41632468789764987 40
0.28092925994858986 0.4397691598110629 40
0.2884097131582755 0.4645948826431744 40
0.28828351840259203 0.4928302427926141 40
0.2893333308035875 0.5250925714477468 40
0.29610718145832265 0.5601017305041105 40
0.300502329831619 0.600272516060229 40
0.3058075418662481 0.6430994902636945 40
0.3100943765592737 0.6941726717341214 40
0.32026431088796636 0.7471720370341431 40
0.3304075460829834 0.8150232314520621 40
0.3387353349944789 0.8963663026456109 40
0.35227298978219 0.988393234786783 40
0.4363410115165607 0.998512922201415 40
0.5316781598274092 1.0 40
0.6316440987915924 0.9925497376866835 40
0.7217213167800536 0.9927395412180465 40
0.8133851933188184 0.9938139092161681 40
0.9040607892952688 0.9939143535934218 40
1.0 0.992534189552516 40
0.2547372185525779 0.10642690149851321 40
0.0 0.0 40
0.04087853628762113 0.40890635876481796 95
0.07562257452543426 0.147313284864071 95
1.0 0.992534189552516 40
0.8914179019728679 0.9990828332813315 95
0.07127102277982514 0.20528686906086813 95
0.07127102277982514 0.20528686906086813 95
0.32026431088796636 0.7471720370341431 40
0.07995710100311453 0.14039821995855406 95
0.07127102277982514 0.20528686906086813 95
0.2609016313652841 0.17207088974435789 40
0.2609136283454128 0.1966252181510997 40
0.2450332300317726 0.022335310633374364 40
0.09065858590406434 0.03128892527520586 95
0.2757434031314041 0.35583346727983983 40
0.2609136283454128 0.1966252181510997 40
0.2597526089204737 0.15050245553947897 40
0.2760743004590905 0.3743240310000329 40
0.5518896006457231 0.9990317712531734 95
0.07944276850088881 0.11267827722568298 95
0.09830499694116356 0.9933751655485487 95
0.24713949094640345 0.047293396918890146 40
0.042116900579332144 0.3867881974278833 95
0.07026800294586165 0.19622130253643139 95
0.25976270453603384 0.15785048100349866 40
0.02658467138800825 0.5901851262532088 95
0.008122763772792536 0.8824782678807915 95
0.08071922471899329 0.1071427842201157 95
0.3100943765592737 0.6941726717341214 40
0.04872131049213989 0.3478270302186812 95
0.2547372185525779 0.10642690149851321 40
0.24713949094640345 0.047293396918890146 40
0.25128553343302196 0.0680846393123267 40
0.08912512864329947 0.0619701266672476 95
0.2718371858463013 0.2935692660878412 40
0.0535474153392025 0.33086244907345347 95
0.28828351840259203 0.4928302427926141 40
0.04872131049213989 0.3478270302186812 95
0.26137669313004946 0.22428280630210595 40
0.25641066590261163 0.12440756670126496 40
0.27864268607427606 0.41632468789764987 40
0.26662996987402554 0.23488454039897025 40
0.01668957772408078 0.8036337999960763 95
0.2450332300317726 0.022335310633374364 40
0.08965153825492894 0.025092636329861424 95
0.08719704038924893 0.03458174643612935 95
0.08757833795416757 0.04023659971157258 95
0.3304075460829834 0.8150232314520621 40
0.2760743004590905 0.3743240310000329 40
0.25715733397883184 0.1426942184910765 40
0.26662996987402554 0.23488454039897025 40
0.26172439948945325 0.20530387526084642 40
0.08912512864329947 0.0619701266672476 95
0.2718895634929311 0.3075519076067027 40
0.7217213167800536 0.9927395412180465 40
0.24713949094640345 0.047293396918890146 40
0.35227298978219 0.988393234786783 40
0.08912512864329947 0.0619701266672476 95
0.06942392581003787 0.18738242861709847 95
0.0736468878155947 0.17890144884266082 95
0.019849204894494512 0.7390040564833122 95
1.0 0.9994248101629514 95
0.26190950371636557 0.1804019305809455 40
0.3304075460829834 0.8150232314520621 40
0.2609016313652841 0.17207088974435789 40
0.24987089716115157 0.0578959298416485 40
0.01668957772408078 0.8036337999960763 95
0.08719704038924893 0.03458174643612935 95
0.09624357493017235 0.015969097203954116 95
0.0 0.0 40
0.08757833795416757 0.04023659971157258 95
0.041345966695093495 0.4567945239098872 95
0.25641066590261163 0.12440756670126496 40
0.27147337523835197 0.3389191277859595 40
0.07347906292800543 0.16174905467065492 95
0.3100943765592737 0.6941726717341214 40
0.26351264365037524 0.2142230110834189 40
0.35227298978219 0.988393234786783 40
0.24987089716115157 0.0578959298416485 40
0.06222173907531513 0.23647205394287737 95
0.25358035669255663 0.09480905145999789 40
0.09830499694116356 0.9933751655485487 95
0.4363410115165607 0.998512922201415 40
0.04910014682775872 0.3669020052784132 95
0.04910014682775872 0.3669020052784132 95
0.2450332300317726 0.022335310633374364 40
0.21140046069223667 0.9953655679362179 95
0.29610718145832265 0.5601017305041105 40
0.09065858590406434 0.03128892527520586 95
0.2528567114370158 0.09991782475257568 40
0.08912512864329947 0.0619701266672476 95
0.08687055688044237 0.06698888975844255 95
0.24742872291901702 0.05176665500756779 40
0.3387353349944789 0.8963663026456109 40
0.25358035669255663 0.09480905145999789 40
0.7217213167800536 0.9927395412180465 40
0.06942392581003787 0.18738242861709847 95
0.07995710100311453 0.14039821995855406 95
0.08553298541777013 0.07798246901032166 95
0.779075346876105 0.9977484430576395 95
0.0726080146776425 0.16998024725132266 95
0.2609136283454128 0.1966252181510997 40
0.2597526089204737 0.15050245553947897 40
0.2718895634929311 0.3075519076067027 40
0.26137669313004946 0.22428280630210595 40
0.32026431088796636 0.7471720370341431 40
0.2779915904284266 0.39436531232002286 40
0.2573254504638769 0.13612025450805146 40
0.06942392581003787 0.18738242861709847 95
0.3100943765592737 0.6941726717341214 40
0.07944276850088881 0.11267827722568298 95
0.2757434031314041 0.35583346727983983 40
0.0013069470119434156 0.005456961913040494 40
0.9040607892952688 0.9939143535934218 40
0.25641066590261163 0.12440756670126496 40
0.25715733397883184 0.1426942184910765 40
0.2893333308035875 0.5250925714477468 40
0.2606127861041237 0.16547438138696577 40
