0.08629238525457576 0.0 95
0.08526874766034066 0.004317789046656111 95
0.08540099823009036 0.00904135646337838 95
0.08576068287463948 0.014926515372767927 95
0.08773545776435164 0.019810700841491367 95
0.09294210628785318 0.02478722678291071 95
0.08287845812273165 0.0298661632551173 95
0.0787510832609168 0.03337379483206831 95
0.08056667506852401 0.03963042850542338 95
0.08119481771921169 0.04520285867132724 95
0.08005979009411239 0.04982032880081532 95
0.07713822988963324 0.05428310225382624 95
0.07691147940832223 0.05946720938070282 95
0.07564514923414271 0.06497996733912588 95
0.07708072782570091 0.07006988401653184 95
0.07844798756145115 0.07686526438666477 95
0.07463450991053276 0.08147896905654199 95
0.07344309410851851 0.08690879114542582 95
0.07479751779675477 0.09331880607756392 95
0.072325674222385 0.09861329754988007 95
0.07615800578623048 0.10517185909632336 95
0.0715507159155791 0.11066054621317471 95
0.07230771082552633 0.11748905510501598 95
0.0718172658037839 0.12356298134793249 95
0.07286181568174649 0.13023386152850744 95
0.06976048954912765 0.13683515857887474 95
0.06717362829898127 0.144164822341824 95
0.06700006908223378 0.15102973826802218 95
0.06417789270561693 0.158346008392209 95
0.06868716226364198 0.1665829135398174 95
0.06498715259327825 0.17459939330168248 95
0.06275986259480738 0.18215434931122043 95
0.06470062717247654 0.1918249414629012 95
0.06165824197675011 0.20007187618895816 95
0.06059250071918339 0.2096117135058359 95
0.06032426061469485 0.2198993135512219 95
0.05777103512417505 0.2304636061910157 95
0.05858956566377211 0.24128890804365732 95
0.05854802232622559 0.25247715881324984 95
0.0538289888503296 0.26445580526128887 95
0.05331390796733929 0.2775047627945642 95
0.050201667166526485 0.2904399308233113 95
0.046891902112597285 0.30524283302622685 95
0.04623455831290006 0.320565855630945 95
0.047738912735428456 0.335632107318599 95
0.0403470163038383 0.35393342783744636 95
0.04083814120422053 0.3730416802153552 95
0.036467532832347334 0.3935666952933627 95
0.03462670979029173 0.41528176114666 95
0.035075454523396166 0.43968783950762536 95
0.03222743779169964 0.46566046715833265 95
0.03019817284387522 0.49409147672439047 95
0.02862573974503079 0.5252086604253446 95
0.02586616785480387 0.560799073876932 95
0.020570568956566844 0.6020521451248761 95
0.012926936685479212 0.6471497265423666 95
0.013146100979689726 0.6993179798361817 95
0.01102337858404743 0.7582974613818515 95
0.008895245985153417 0.8250800055085025 95
0.0 0.908084940522859 95
0.009802578333239177 0.9904858351378627 95
0.12175133849476005 0.9923758458068715 95
0.2319117119008196 0.9940548764631422 95
0.3441592350052325 0.995677458489331 95
0.45467783011427876 0.9972426079446743 95
0.5614621042531667 0.997879401855322 95
0.6698246351604208 1.0 95
0.7819829671681466 0.9979719650854311 95
0.8930643126616128 0.9976159281302138 95
1.0 0.9979467252512925 95
0.0 0.0 40
0.0004910416352971862 0.005030086140574443 40
0.0005980192669618791 0.011477044841848309 40
0.22923612579180577 0.016516578022035405 40
0.23458126178276803 0.020729137614151977 40
0.2325182404188044 0.025944635331010508 40
0.23263609833505278 0.03141556841140061 40
0.2343742616153277 0.0369638101887001 40
0.23318782625119744 0.04212968719110587 40
0.2327962276002009 0.04652827866846671 40
0.233310428847589 0.05151717281809137 40
0.23199474182408714 0.05590496186282881 40
0.23398259494117843 0.061947114631682024 40
0.23531072744924028 0.0669867956294591 40
0.23467217978367885 0.07267289287449487 40
0.23729160095606092 0.07798586899638195 40
0.2337532576523211 0.08260681865555705 40
0.2371216193953681 0.08887474122450188 40
0.2366118740716431 0.09450411187708414 40
0.23858971271240093 0.10091169735006254 40
0.23601721103614123 0.10558247748481424 40
0.23739747635687322 0.11176384521529834 40
0.24003975169753555 0.1188062709898844 40
0.23810208334779318 0.12407511646358241 40
0.24002395148104547 0.13056380256729863 40
0.24025941579693777 0.13737972039316215 40
0.2415887497711984 0.14462472897094844 40
0.24217162785960555 0.15182275350671787 40
0.24202595264229337 0.15878475359041716 40
0.24144674568013444 0.16608218432931066 40
0.2428981004053561 0.17405266950673812 40
0.24493435064808483 0.18321779698925153 40
0.2436391206823164 0.19077475088584706 40
0.24388131391641513 0.19920727533587723 40
0.2484739680799096 0.20898315011610652 40
0.24654853054846276 0.21800613524884707 40
0.24638483131477087 0.22804651891829805 40
0.250502230218974 0.23923882225979806 40
0.25139814447619363 0.25018731468375394 40
0.2516761153455839 0.26151671955704414 40
0.25186974697851156 0.27368342015236746 40
0.2516098189083601 0.28710392720387534 40
0.2546469467361385 0.3004222535827846 40
0.2541458791480585 0.3153893352156865 40
0.2536912177002988 0.3309831621745035 40
0.25754909221126304 0.3483425697046589 40
0.258037882856649 0.3662170539102921 40
0.25748542112186107 0.3860907563776833 40
0.26204215676152304 0.4079816826109384 40
0.26487320635439376 0.429995729344951 40
0.26598677961131123 0.4552181947189735 40
0.26750934420443784 0.48355701430566056 40
0.2691332125160615 0.5146309648152875 40
0.27412696015408833 0.5478436962113991 40
0.27898423620313545 0.5850103041916545 40
0.2816980312785831 0.6286903305689394 40
0.288710705568368 0.6763122105575761 40
0.2957162425424103 0.7303574997708396 40
0.30654355552347806 0.79274706029857 40
0.31399179125527454 0.870191629173637 40
0.32580684498244816 0.9578098370039061 40
0.38645395109252306 0.9990992882817279 40
0.4718059739717361 1.0 40
0.561599685878626 0.9968819393255418 40
0.6522313992405178 0.9941978200442131 40
0.7403726998121903 0.9938043967018817 40
0.8271481665527748 0.9933831042497454 40
0.9126425194261619 0.9930965340154907 40
1.0 0.9928284062818887 40
0.7403726998121903 0.9938043967018817 40
0.24493435064808483 0.18321779698925153 40
0.06976048954912765 0.13683515857887474 95
0.2546469467361385 0.3004222535827846 40
0.05777103512417505 0.2304636061910157 95
0.45467783011427876 0.9972426079446743 95
0.24493435064808483 0.18321779698925153 40
0.27898423620313545 0.5850103041916545 40
0.05777103512417505 0.2304636061910157 95
0.09294210628785318 0.02478722678291071 95
0.3441592350052325 0.995677458489331 95
0.250502230218974 0.23923882225979806 40
0.38645395109252306 0.9990992882817279 40
0.2366118740716431 0.09450411187708414 40
0.05854802232622559 0.25247715881324984 95
0.2371216193953681 0.08887474122450188 40
0.06059250071918339 0.2096117135058359 95
0.08540099823009036 0.00904135646337838 95
0.2957162425424103 0.7303574997708396 40
0.23398259494117843 0.061947114631682024 40
0.2415887497711984 0.14462472897094844 40
0.2415887497711984 0.14462472897094844 40
0.0715507159155791 0.11066054621317471 95
0.25748542112186107 0.3860907563776833 40
0.2436391206823164 0.19077475088584706 40
0.23601721103614123 0.10558247748481424 40
0.050201667166526485 0.2904399308233113 95
0.07463450991053276 0.08147896905654199 95
0.06470062717247654 0.1918249414629012 95
0.2484739680799096 0.20898315011610652 40
0.07479751779675477 0.09331880607756392 95
0.258037882856649 0.3662170539102921 40
0.26598677961131123 0.4552181947189735 40
0.03222743779169964 0.46566046715833265 95
0.2319117119008196 0.9940548764631422 95
0.07564514923414271 0.06497996733912588 95
0.06275986259480738 0.18215434931122043 95
0.08119481771921169 0.04520285867132724 95
0.0 0.908084940522859 95
0.07713822988963324 0.05428310225382624 95
0.07479751779675477 0.09331880607756392 95
0.08540099823009036 0.00904135646337838 95
0.08005979009411239 0.04982032880081532 95
0.0787510832609168 0.03337379483206831 95
0.2415887497711984 0.14462472897094844 40
0.05854802232622559 0.25247715881324984 95
0.23531072744924028 0.0669867956294591 40
0.8930643126616128 0.9976159281302138 95
0.09294210628785318 0.02478722678291071 95
0.26204215676152304 0.4079816826109384 40
0.08287845812273165 0.0298661632551173 95
0.09294210628785318 0.02478722678291071 95
0.25748542112186107 0.3860907563776833 40
0.07615800578623048 0.10517185909632336 95
0.2516761153455839 0.26151671955704414 40
0.2957162425424103 0.7303574997708396 40
0.07615800578623048 0.10517185909632336 95
0.05858956566377211 0.24128890804365732 95
0.08773545776435164 0.019810700841491367 95
0.07463450991053276 0.08147896905654199 95
0.03222743779169964 0.46566046715833265 95
0.07463450991053276 0.08147896905654199 95
0.07230771082552633 0.11748905510501598 95
0.06470062717247654 0.1918249414629012 95
0.23858971271240093 0.10091169735006254 40
0.06868716226364198 0.1665829135398174 95
0.23398259494117843 0.061947114631682024 40
0.07691147940832223 0.05946720938070282 95
0.2436391206823164 0.19077475088584706 40
0.06976048954912765 0.13683515857887474 95
0.4718059739717361 1.0 40
0.2484739680799096 0.20898315011610652 40
0.0005980192669618791 0.011477044841848309 40
0.24654853054846276 0.21800613524884707 40
0.25139814447619363 0.25018731468375394 40
0.07691147940832223 0.05946720938070282 95
0.12175133849476005 0.9923758458068715 95
1.0 0.9928284062818887 40
0.012926936685479212 0.6471497265423666 95
0.24638483131477087 0.22804651891829805 40
0.2957162425424103 0.7303574997708396 40
0.08540099823009036 0.00904135646337838 95
0.07479751779675477 0.09331880607756392 95
0.2541458791480585 0.3153893352156865 40
0.25754909221126304 0.3483425697046589 40
0.24144674568013444 0.16608218432931066 40
0.24493435064808483 0.18321779698925153 40
0.08773545776435164 0.019810700841491367 95
0.2428981004053561 0.17405266950673812 40
0.23458126178276803 0.020729137614151977 40
0.23858971271240093 0.10091169735006254 40
0.30654355552347806 0.79274706029857 40
0.03462670979029173 0.41528176114666 95
0.30654355552347806 0.79274706029857 40
0.06275986259480738 0.18215434931122043 95
0.06165824197675011 0.20007187618895816 95
0.23739747635687322 0.11176384521529834 40
0.24003975169753555 0.1188062709898844 40
0.05331390796733929 0.2775047627945642 95
0.23858971271240093 0.10091169735006254 40
0.08287845812273165 0.0298661632551173 95
0.09294210628785318 0.02478722678291071 95
0.07708072782570091 0.07006988401653184 95
0.6522313992405178 0.9941978200442131 40
0.08773545776435164 0.019810700841491367 95
1.0 0.9928284062818887 40
0.06275986259480738 0.18215434931122043 95
0.08773545776435164 0.019810700841491367 95
0.30654355552347806 0.79274706029857 40
0.24638483131477087 0.22804651891829805 40
0.38645395109252306 0.9990992882817279 40
0.258037882856649 0.3662170539102921 40
0.06498715259327825 0.17459939330168248 95
0.06498715259327825 0.17459939330168248 95
0.0715507159155791 0.11066054621317471 95
0.7403726998121903 0.9938043967018817 40
0.23531072744924028 0.0669867956294591 40
