0.290151844359527 1.0 95
0.2079889758288553 0.9051163138502789 95
0.18169767043883392 0.8230046477818025 95
0.10048033573141882 0.7502779729370238 95
0.12838796370910788 0.6915741097355699 95
0.08295685903375691 0.6327551528715238 95
0.18203945208682704 0.586077747312142 95
0.11004652484429056 0.5395781115196472 95
0.15669925941616103 0.49684107582777765 95
0.1739284788080495 0.45870083592380273 95
0.15539932610082774 0.4238462429432495 95
0.1556031669184903 0.3906020917770082 95
0.11116190926332835 0.3610682690378848 95
0.1525453816393017 0.33315127943393796 95
0.1779936740142262 0.30701023790075826 95
0.17400343570387797 0.2827172694123988 95
0.10469153215091676 0.258111814425325 95
0.07188185188152092 0.2358095447526008 95
0.041437655319140836 0.2156561684492601 95
0.020990423989145492 0.19600397120147783 95
0.0 0.17626338376417516 95
1.0 0.1734137461316651 95
0.18924862824458383 0.1444445594388126 95
0.20306837174916303 0.1282813400997638 95
0.3658578315766492 0.11478712138622672 95
0.4404230671002317 0.10131359377550576 95
0.4021666095965008 0.08581622170993897 95
0.45347726294166996 0.0728107216560749 95
0.5493875220747134 0.059707834114322476 95
0.6188474854808664 0.047445810578643804 95
0.6459602955439152 0.03451022618367117 95
0.6710421551091936 0.023186604674232864 95
0.8064841341256602 0.012061330982834866 95
0.8689921106969122 0.0 95
0.290151844359527 1.0 40
0.2079889758288553 0.9051163138502789 40
0.18169767043883392 0.8230046477818025 40
0.10048033573141882 0.7502779729370238 40
0.12838796370910788 0.6915741097355699 40
0.08295685903375691 0.6327551528715238 40
0.18203945208682704 0.586077747312142 40
0.11004652484429056 0.5395781115196472 40
0.15669925941616103 0.49684107582777765 40
0.1739284788080495 0.45870083592380273 40
0.15539932610082774 0.4238462429432495 40
0.1556031669184903 0.3906020917770082 40
0.11116190926332835 0.3610682690378848 40
0.1525453816393017 0.33315127943393796 40
0.1779936740142262 0.30701023790075826 40
0.17400343570387797 0.2827172694123988 40
0.10469153215091676 0.258111814425325 40
0.07188185188152092 0.2358095447526008 40
0.041437655319140836 0.2156561684492601 40
0.020990423989145492 0.19600397120147783 40
0.0 0.17626338376417516 40
1.0 0.1734137461316651 40
0.18924862824458383 0.1444445594388126 40
0.20306837174916303 0.1282813400997638 40
0.3658578315766492 0.11478712138622672 40
0.4404230671002317 0.10131359377550576 40
0.4021666095965008 0.08581622170993897 40
0.45347726294166996 0.0728107216560749 40
0.5493875220747134 0.059707834114322476 40
0.6188474854808664 0.047445810578643804 40
0.6459602955439152 0.03451022618367117 40
0.6710421551091936 0.023186604674232864 40
0.8064841341256602 0.012061330982834866 40
0.8689921106969122 0.0 40
0.1556031669184903 0.3906020917770082 95
0.15539932610082774 0.4238462429432495 40
0.4404230671002317 0.10131359377550576 40
1.0 0.1734137461316651 95
0.11116190926332835 0.3610682690378848 95
0.290151844359527 1.0 95
0.4021666095965008 0.08581622170993897 95
0.4021666095965008 0.08581622170993897 40
0.8064841341256602 0.012061330982834866 40
0.11004652484429056 0.5395781115196472 40
0.18169767043883392 0.8230046477818025 95
0.3658578315766492 0.11478712138622672 95
0.45347726294166996 0.0728107216560749 40
0.0 0.17626338376417516 40
0.041437655319140836 0.2156561684492601 40
0.15669925941616103 0.49684107582777765 95
0.6188474854808664 0.047445810578643804 40
0.8689921106969122 0.0 95
0.18203945208682704 0.586077747312142 40
0.07188185188152092 0.2358095447526008 40
0.45347726294166996 0.0728107216560749 95
0.11004652484429056 0.5395781115196472 95
0.4404230671002317 0.10131359377550576 40
0.18924862824458383 0.1444445594388126 95
0.020990423989145492 0.19600397120147783 40
0.6188474854808664 0.047445810578643804 95
0.8064841341256602 0.012061330982834866 40
0.1739284788080495 0.45870083592380273 95
0.1739284788080495 0.45870083592380273 95
0.18169767043883392 0.8230046477818025 40
0.18924862824458383 0.1444445594388126 40
0.07188185188152092 0.2358095447526008 95
0.12838796370910788 0.6915741097355699 95
0.8064841341256602 0.012061330982834866 95
0.4021666095965008 0.08581622170993897 40
0.6188474854808664 0.047445810578643804 40
0.17400343570387797 0.2827172694123988 40
1.0 0.1734137461316651 95
0.18203945208682704 0.586077747312142 40
0.6459602955439152 0.03451022618367117 95
0.10469153215091676 0.258111814425325 95
0.18203945208682704 0.586077747312142 95
0.4021666095965008 0.08581622170993897 40
0.12838796370910788 0.6915741097355699 40
0.1779936740142262 0.30701023790075826 40
0.11116190926332835 0.3610682690378848 95
0.20306837174916303 0.1282813400997638 40
0.45347726294166996 0.0728107216560749 40
0.4404230671002317 0.10131359377550576 40
0.07188185188152092 0.2358095447526008 95
0.12838796370910788 0.6915741097355699 95
0.11004652484429056 0.5395781115196472 95
0.11116190926332835 0.3610682690378848 40
0.5493875220747134 0.059707834114322476 40
0.6710421551091936 0.023186604674232864 95
0.3658578315766492 0.11478712138622672 95
0.18924862824458383 0.1444445594388126 40
0.11004652484429056 0.5395781115196472 40
0.1739284788080495 0.45870083592380273 40
0.15669925941616103 0.49684107582777765 40
