0.4548472097587839 1.0 95
0.21909360161211805 0.8999801856160375 95
0.37800327618274054 0.8249582387148111 95
0.22020983000550995 0.7502560149849029 95
0.21450862947577679 0.6866017395288739 95
0.21902992671625066 0.6307166100851992 95
0.19292863966426535 0.5801708682255968 95
0.12751881246136446 0.5348609698631577 95
0.1348952906886441 0.49341303632177436 95
0.18702126581523196 0.4544267242642268 95
0.2825671009939775 0.4207415709360416 95
0.14937570616159435 0.3864375889374444 95
0.21915466720670346 0.3578370634532184 95
0.14895203683923314 0.32923815281888913 95
0.2063289794064034 0.3038437488920504 95
0.12523388637490207 0.2785518034246915 95
0.0 0.2545886820982284 95
0.08577228969807772 0.23370170540699098 95
0.11736008815302632 0.21382286566903158 95
0.024494247380456424 0.19326298715642795 95
0.0360024190419721 0.17448438232861957 95
0.9542291699527958 0.1698291623339851 95
0.1935711009892129 0.14218704302434615 95
0.25596379416233506 0.12753069167184977 95
0.31050388446575317 0.112971730917356 95
0.4590756700212292 0.09970632648508886 95
0.5168703446236675 0.08499118565436299 95
0.5716855855470456 0.07200038134003339 95
0.609611619251249 0.05864011602092543 95
0.6994830580636056 0.04654833465204069 95
0.7160550775234161 0.03504592724205477 95
0.8801846796839833 0.022823638680655928 95
0.9633304899482485 0.011379093102386547 95
1.0 0.0 95
0.4548472097587839 1.0 40
0.21909360161211805 0.8999801856160375 40
0.37800327618274054 0.8249582387148111 40
0.22020983000550995 0.7502560149849029 40
0.21450862947577679 0.6866017395288739 40
0.21902992671625066 0.6307166100851992 40
0.19292863966426535 0.5801708682255968 40
0.12751881246136446 0.5348609698631577 40
0.1348952906886441 0.49341303632177436 40
0.18702126581523196 0.4544267242642268 40
0.2825671009939775 0.4207415709360416 40
0.14937570616159435 0.3864375889374444 40
0.21915466720670346 0.3578370634532184 40
0.14895203683923314 0.32923815281888913 40
0.2063289794064034 0.3038437488920504 40
0.12523388637490207 0.2785518034246915 40
0.0 0.2545886820982284 40
0.08577228969807772 0.23370170540699098 40
0.11736008815302632 0.21382286566903158 40
0.024494247380456424 0.19326298715642795 40
0.0360024190419721 0.17448438232861957 40
0.9542291699527958 0.1698291623339851 40
0.1935711009892129 0.14218704302434615 40
0.25596379416233506 0.12753069167184977 40
0.31050388446575317 0.112971730917356 40
0.4590756700212292 0.09970632648508886 40
0.5168703446236675 0.08499118565436299 40
0.5716855855470456 0.07200038134003339 40
0.609611619251249 0.05864011602092543 40
0.6994830580636056 0.04654833465204069 40
0.7160550775234161 0.03504592724205477 40
0.8801846796839833 0.022823638680655928 40
0.9633304899482485 0.011379093102386547 40
1.0 0.0 40
0.31050388446575317 0.112971730917356 40
0.14937570616159435 0.3864375889374444 95
0.9542291699527958 0.1698291623339851 40
0.12523388637490207 0.2785518034246915 40
0.1935711009892129 0.14218704302434615 40
0.12751881246136446 0.5348609698631577 40
0.7160550775234161 0.03504592724205477 95
0.1348952906886441 0.49341303632177436 40
0.08577228969807772 0.23370170540699098 95
1.0 0.0 95
0.9633304899482485 0.011379093102386547 40
0.0 0.2545886820982284 95
0.4590756700212292 0.09970632648508886 95
0.18702126581523196 0.4544267242642268 95
0.2063289794064034 0.3038437488920504 40
0.11736008815302632 0.21382286566903158 95
0.19292863966426535 0.5801708682255968 40
0.9633304899482485 0.011379093102386547 40
1.0 0.0 95
1.0 0.0 95
0.22020983000550995 0.7502560149849029 95
0.21909360161211805 0.8999801856160375 40
0.609611619251249 0.05864011602092543 40
0.1935711009892129 0.14218704302434615 95
0.6994830580636056 0.04654833465204069 40
0.18702126581523196 0.4544267242642268 40
0.5168703446236675 0.08499118565436299 40
0.14895203683923314 0.32923815281888913 40
0.2063289794064034 0.3038437488920504 40
0.2825671009939775 0.4207415709360416 95
0.4548472097587839 1.0 40
0.21915466720670346 0.3578370634532184 95
0.5716855855470456 0.07200038134003339 95
1.0 0.0 95
0.0 0.2545886820982284 95
0.5716855855470456 0.07200038134003339 40
1.0 0.0 40
0.5716855855470456 0.07200038134003339 95
0.8801846796839833 0.022823638680655928 40
0.21915466720670346 0.3578370634532184 40
0.21909360161211805 0.8999801856160375 95
0.11736008815302632 0.21382286566903158 40
0.0360024190419721 0.17448438232861957 95
0.21902992671625066 0.6307166100851992 95
0.6994830580636056 0.04654833465204069 95
0.18702126581523196 0.4544267242642268 40
0.5168703446236675 0.08499118565436299 95
0.1935711009892129 0.14218704302434615 95
0.5716855855470456 0.07200038134003339 40
0.37800327618274054 0.8249582387148111 40
0.2063289794064034 0.3038437488920504 95
0.9542291699527958 0.1698291623339851 40
0.14895203683923314 0.32923815281888913 40
0.4590756700212292 0.09970632648508886 40
0.14895203683923314 0.32923815281888913 40
0.0 0.2545886820982284 40
0.19292863966426535 0.5801708682255968 95
0.21915466720670346 0.3578370634532184 95
0.21915466720670346 0.3578370634532184 40
0.0360024190419721 0.17448438232861957 40
