0.39412481847785635 1.0 95
0.21407992511721546 0.9023213713975159 95
0.2397809327448259 0.8223100807454522 95
0.15136479506244122 0.7488272599713209 95
0.10136623916988649 0.6875831462217417 95
0.12210630279386442 0.6317738287894977 95
0.13081155883727752 0.5828425908488576 95
0.0954996293927179 0.5362444549518647 95
0.1916492469094752 0.4967053924359075 95
0.15904567148757823 0.4577766725873576 95
0.15367257652604152 0.4218289590236914 95
0.09128518412619564 0.3895236737538884 95
0.13265077780413623 0.3593185458998079 95
0.16152602467941465 0.3321828189718503 95
0.16968658968203243 0.30638491653011507 95
0.1255064418951023 0.2815047786191111 95
0.039835020800647485 0.25663397295055695 95
0.05201172531381062 0.23502741124978835 95
0.0 0.2151750018911749 95
0.00435114380568521 0.19431692273600196 95
0.017276982588616676 0.1762873628884503 95
1.0 0.1728390474762005 95
0.14212345413496097 0.1447705321155338 95
0.0970748964804054 0.12763170782786737 95
0.3256732553870999 0.11486333254527625 95
0.43393690912954325 0.10128853693179639 95
0.4403420684809921 0.08658259278658115 95
0.4569583159696367 0.07296017983954202 95
0.5702388705981196 0.059597183344554376 95
0.6576881768605295 0.046962655805046036 95
0.667420824668858 0.03486619008501125 95
0.758793394569181 0.022605140001957204 95
0.8767398948214116 0.011783778967877745 95
0.9280677005569211 0.0 95
0.39412481847785635 1.0 40
0.21407992511721546 0.9023213713975159 40
0.2397809327448259 0.8223100807454522 40
0.15136479506244122 0.7488272599713209 40
0.10136623916988649 0.6875831462217417 40
0.12210630279386442 0.6317738287894977 40
0.13081155883727752 0.5828425908488576 40
0.0954996293927179 0.5362444549518647 40
0.1916492469094752 0.4967053924359075 40
0.15904567148757823 0.4577766725873576 40
0.15367257652604152 0.4218289590236914 40
0.09128518412619564 0.3895236737538884 40
0.13265077780413623 0.3593185458998079 40
0.16152602467941465 0.3321828189718503 40
0.16968658968203243 0.30638491653011507 40
0.1255064418951023 0.2815047786191111 40
0.039835020800647485 0.25663397295055695 40
0.05201172531381062 0.23502741124978835 40
0.0 0.2151750018911749 40
0.00435114380568521 0.19431692273600196 40
0.017276982588616676 0.1762873628884503 40
1.0 0.1728390474762005 40
0.14212345413496097 0.1447705321155338 40
0.0970748964804054 0.12763170782786737 40
0.3256732553870999 0.11486333254527625 40
0.43393690912954325 0.10128853693179639 40
0.4403420684809921 0.08658259278658115 40
0.4569583159696367 0.07296017983954202 40
0.5702388705981196 0.059597183344554376 40
0.6576881768605295 0.046962655805046036 40
0.667420824668858 0.03486619008501125 40
0.758793394569181 0.022605140001957204 40
0.8767398948214116 0.011783778967877745 40
0.9280677005569211 0.0 40
0.43393690912954325 0.10128853693179639 95
0.8767398948214116 0.011783778967877745 40
0.5702388705981196 0.059597183344554376 40
0.16968658968203243 0.30638491653011507 40
0.09128518412619564 0.3895236737538884 40
0.14212345413496097 0.1447705321155338 95
0.12210630279386442 0.6317738287894977 40
0.3256732553870999 0.11486333254527625 95
0.14212345413496097 0.1447705321155338 40
0.1916492469094752 0.4967053924359075 40
0.00435114380568521 0.19431692273600196 95
0.15367257652604152 0.4218289590236914 40
0.0970748964804054 0.12763170782786737 40
0.4403420684809921 0.08658259278658115 95
0.4403420684809921 0.08658259278658115 95
0.13265077780413623 0.3593185458998079 95
0.0954996293927179 0.5362444549518647 40
0.13265077780413623 0.3593185458998079 95
0.13081155883727752 0.5828425908488576 40
0.0 0.2151750018911749 95
0.1255064418951023 0.2815047786191111 40
0.4403420684809921 0.08658259278658115 95
0.0 0.2151750018911749 95
0.13265077780413623 0.3593185458998079 95
0.0 0.2151750018911749 40
0.039835020800647485 0.25663397295055695 40
0.758793394569181 0.022605140001957204 40
0.10136623916988649 0.6875831462217417 95
0.6576881768605295 0.046962655805046036 40
0.13081155883727752 0.5828425908488576 95
0.4403420684809921 0.08658259278658115 40
0.2397809327448259 0.8223100807454522 95
1.0 0.1728390474762005 95
0.1255064418951023 0.2815047786191111 95
0.05201172531381062 0.23502741124978835 40
0.05201172531381062 0.23502741124978835 40
0.9280677005569211 0.0 40
0.3256732553870999 0.11486333254527625 95
0.6576881768605295 0.046962655805046036 95
0.8767398948214116 0.011783778967877745 40
0.017276982588616676 0.1762873628884503 40
0.0970748964804054 0.12763170782786737 95
0.4569583159696367 0.07296017983954202 95
0.00435114380568521 0.19431692273600196 95
0.15367257652604152 0.4218289590236914 95
0.0970748964804054 0.12763170782786737 95
0.5702388705981196 0.059597183344554376 40
0.3256732553870999 0.11486333254527625 95
0.2397809327448259 0.8223100807454522 40
0.0954996293927179 0.5362444549518647 95
0.758793394569181 0.022605140001957204 95
0.09128518412619564 0.3895236737538884 95
0.15367257652604152 0.4218289590236914 40
0.758793394569181 0.022605140001957204 40
0.4403420684809921 0.08658259278658115 95
0.017276982588616676 0.1762873628884503 95
0.667420824668858 0.03486619008501125 95
0.1916492469094752 0.4967053924359075 40
0.16152602467941465 0.3321828189718503 95
0.43393690912954325 0.10128853693179639 40
