0.3940769130067031 1.0 95
0.26418135280399696 0.9001080774922482 95
0.27978509356415554 0.8225047071496889 95
0.17566241594671692 0.7497300736614498 95
0.1501974016081068 0.6864217873604637 95
0.16411955979197904 0.6310939953001351 95
0.15407778190152885 0.5821710304346484 95
0.13713739090494362 0.5360497136457633 95
0.18411605111461765 0.49439498613561184 95
0.1572319801890771 0.45528753489249313 95
0.20129846580528268 0.42101734108156963 95
0.11402176172884768 0.38882778650185573 95
0.16387104023036772 0.3588507028159712 95
0.1770629064400017 0.3317261501153171 95
0.20164998331569894 0.3062480760969112 95
0.1639510743423823 0.2811682257609585 95
0.07107115121535004 0.25610752145568483 95
0.08656853135759454 0.2348092498831431 95
0.06233372825468658 0.21445059537578845 95
0.0 0.1945384532399496 95
0.04123594512663458 0.17648875860242982 95
1.0 0.17225173402860638 95
0.1703930305139706 0.1443012830813838 95
0.15659625181622613 0.12825853735538928 95
0.3302936000930829 0.11491419539937696 95
0.46191625963678257 0.10063285757355782 95
0.4924227203541398 0.0858756309217138 95
0.47239990876394045 0.07299810513177864 95
0.5725910095728834 0.05985216177269389 95
0.6580181811862165 0.04722201064335978 95
0.6722220513022155 0.03428936085197643 95
0.8315496222027032 0.023056270142273454 95
0.8919974197340654 0.011516264293374911 95
0.9226275218126504 0.0 95
0.3940769130067031 1.0 40
0.26418135280399696 0.9001080774922482 40
0.27978509356415554 0.8225047071496889 40
0.17566241594671692 0.7497300736614498 40
0.1501974016081068 0.6864217873604637 40
0.16411955979197904 0.6310939953001351 40
0.15407778190152885 0.5821710304346484 40
0.13713739090494362 0.5360497136457633 40
0.18411605111461765 0.49439498613561184 40
0.1572319801890771 0.45528753489249313 40
0.20129846580528268 0.42101734108156963 40
0.11402176172884768 0.38882778650185573 40
0.16387104023036772 0.3588507028159712 40
0.1770629064400017 0.3317261501153171 40
0.20164998331569894 0.3062480760969112 40
0.1639510743423823 0.2811682257609585 40
0.07107115121535004 0.25610752145568483 40
0.08656853135759454 0.2348092498831431 40
0.06233372825468658 0.21445059537578845 40
0.0 0.1945384532399496 40
0.04123594512663458 0.17648875860242982 40
1.0 0.17225173402860638 40
0.1703930305139706 0.1443012830813838 40
0.15659625181622613 0.12825853735538928 40
0.3302936000930829 0.11491419539937696 40
0.46191625963678257 0.10063285757355782 40
0.4924227203541398 0.0858756309217138 40
0.47239990876394045 0.07299810513177864 40
0.5725910095728834 0.05985216177269389 40
0.6580181811862165 0.04722201064335978 40
0.6722220513022155 0.03428936085197643 40
0.8315496222027032 0.023056270142273454 40
0.8919974197340654 0.011516264293374911 40
0.9226275218126504 0.0 40
0.16411955979197904 0.6310939953001351 95
0.04123594512663458 0.17648875860242982 95
0.8315496222027032 0.023056270142273454 40
0.17566241594671692 0.7497300736614498 40
0.11402176172884768 0.38882778650185573 40
0.0 0.1945384532399496 95
0.07107115121535004 0.25610752145568483 95
0.27978509356415554 0.8225047071496889 95
0.26418135280399696 0.9001080774922482 40
0.18411605111461765 0.49439498613561184 95
0.9226275218126504 0.0 95
0.5725910095728834 0.05985216177269389 40
0.46191625963678257 0.10063285757355782 95
0.47239990876394045 0.07299810513177864 95
0.11402176172884768 0.38882778650185573 95
0.9226275218126504 0.0 95
0.06233372825468658 0.21445059537578845 40
0.6722220513022155 0.03428936085197643 95
0.5725910095728834 0.05985216177269389 95
0.46191625963678257 0.10063285757355782 95
0.20129846580528268 0.42101734108156963 95
0.11402176172884768 0.38882778650185573 95
0.47239990876394045 0.07299810513177864 40
0.15407778190152885 0.5821710304346484 95
0.08656853135759454 0.2348092498831431 95
0.04123594512663458 0.17648875860242982 95
0.8919974197340654 0.011516264293374911 40
0.27978509356415554 0.8225047071496889 95
0.15407778190152885 0.5821710304346484 40
0.8919974197340654 0.011516264293374911 95
0.08656853135759454 0.2348092498831431 95
0.04123594512663458 0.17648875860242982 40
0.3940769130067031 1.0 95
0.4924227203541398 0.0858756309217138 40
0.15659625181622613 0.12825853735538928 40
0.47239990876394045 0.07299810513177864 95
0.17566241594671692 0.7497300736614498 95
0.18411605111461765 0.49439498613561184 40
0.3940769130067031 1.0 40
0.3302936000930829 0.11491419539937696 40
0.08656853135759454 0.2348092498831431 40
0.18411605111461765 0.49439498613561184 95
0.4924227203541398 0.0858756309217138 40
0.46191625963678257 0.10063285757355782 40
0.16387104023036772 0.3588507028159712 40
0.47239990876394045 0.07299810513177864 40
0.27978509356415554 0.8225047071496889 95
0.18411605111461765 0.49439498613561184 40
0.6722220513022155 0.03428936085197643 95
0.16387104023036772 0.3588507028159712 40
0.6722220513022155 0.03428936085197643 95
0.8919974197340654 0.011516264293374911 95
0.4924227203541398 0.0858756309217138 95
0.1770629064400017 0.3317261501153171 40
0.8919974197340654 0.011516264293374911 40
0.18411605111461765 0.49439498613561184 40
0.04123594512663458 0.17648875860242982 95
0.8315496222027032 0.023056270142273454 95
0.6580181811862165 0.04722201064335978 40
0.4924227203541398 0.0858756309217138 95
