0.08269054865918321 0.0 95
0.08226927143833092 0.004365106418941864 95
0.08042076649289291 0.009384910625026485 95
0.08147612757149535 0.013410046161717482 95
0.08254748444083579 0.019751186882483944 95
0.08799002924868449 0.023971596755505933 95
0.07781240256069324 0.02926263217034969 95
0.07760571257160641 0.03369341356668796 95
0.07730106489352516 0.039830538221421394 95
0.07435504818559653 0.04319573587994938 95
0.07587666359238138 0.04985785167607717 95
0.07650971703550916 0.055039850433797645 95
0.07582976951033873 0.060358172035482105 95
0.07463826892111274 0.0654072518821575 95
0.07393440617104233 0.07088696918668519 95
0.07389738838156154 0.07640856865836226 95
0.07308638601602908 0.08195390729077655 95
0.06986329207925332 0.08632197023144682 95
0.07144906059880086 0.09288769328916495 95
0.06926891057596014 0.09868936758644442 95
0.06884938135893365 0.10372621920942816 95
0.06941537484395727 0.11081699919447424 95
0.06981787003117076 0.11720949998286001 95
0.06786876673400616 0.12304289855305406 95
0.06861297470176991 0.13043916603097364 95
0.06668919161555428 0.13587675451315356 95
0.06777671695496737 0.1441496596910835 95
0.06605384865719159 0.1507763542805007 95
0.06305435906128004 0.15780826630503225 95
0.06036710374036193 0.16521441307159454 95
0.05901111626849018 0.17323908791000175 95
0.06045962073879505 0.18197675873520544 95
0.05963449450925089 0.19076626610111283 95
0.05838716322222089 0.1992461103754695 95
0.05788338051238085 0.20871860184600738 95
0.053572191110569156 0.2183663587231097 95
0.05605150932162917 0.2288193268975615 95
0.0549907714671497 0.24024161143452705 95
0.048685491828558934 0.2506639340880471 95
0.051460195160141636 0.2636402315537185 95
0.04826186930659094 0.2751639812602624 95
0.04829712514459479 0.2893341272570357 95
0.0447626379197679 0.30392419030581874 95
0.04387638852939176 0.3192059468946605 95
0.03752175693524644 0.33451397017824863 95
0.03726542345310879 0.3521314587624762 95
0.033538466251009334 0.37119193504454917 95
0.03546569142760898 0.3908707235574945 95
0.033635608063388785 0.4128925496782255 95
0.025833103318638122 0.4363902757530165 95
0.027728266620775054 0.4617780963574376 95
0.02492238151176625 0.4901340774017308 95
0.020489976260717108 0.5229719347456117 95
0.01783412265952734 0.5581041282514854 95
0.013087231667673914 0.5980340985127002 95
0.006744743029079379 0.6427634124176008 95
0.008035398024157417 0.6934932418643216 95
0.0023427432068912056 0.750294951600801 95
0.005563325671751601 0.8140133644200122 95
0.0 0.8952529648347829 95
0.0012123623029130343 0.9823301475140226 95
0.10622652641156215 0.9917936856181305 95
0.22187606885346867 0.993266379138563 95
0.33303434698399875 0.994564642009427 95
0.44596780064026953 0.9963549295034759 95
0.5563809292148596 0.997374184659775 95
0.6651580704456302 0.9983831075812121 95
0.774828891491277 1.0 95
0.8895187773157351 0.9957878662638933 95
1.0 0.9975725078267261 95
3.809390667076716e-05 0.0 40
0.0 0.005177873328215681 40
0.0021532978513612087 0.01173705828233991 40
0.22906674485135262 0.017484516657652525 40
0.23444816150437658 0.021691882309685058 40
0.2330901487763501 0.027169164998880908 40
0.23283722617426467 0.03195329673351946 40
0.2315358432264562 0.0361847827710857 40
0.23416053982147128 0.042311401794408406 40
0.2313865522952031 0.04583304694388181 40
0.232857484134589 0.05189876470945821 40
0.23356288893668342 0.057663816692998304 40
0.2329088465199155 0.06181350728996966 40
0.23666385851402638 0.0679484960851362 40
0.23419264213719515 0.07265650293317198 40
0.2362278821124003 0.07835024932293246 40
0.23279997561479474 0.08268996678703404 40
0.23791055170895256 0.08968929782038208 40
0.23468351962207362 0.09407399099851067 40
0.23536495235332436 0.10014780061400151 40
0.23713854828661082 0.1062033379348352 40
0.2383042633673655 0.11226281864788108 40
0.23821544346859308 0.11859367649942064 40
0.23858819011236246 0.12463085751264204 40
0.2409524628525782 0.13103705621328127 40
0.24320291435824012 0.13862884939744197 40
0.24016831046156153 0.1444322248019476 40
0.2434389247535227 0.15238133978971177 40
0.24037544896086696 0.15877926256947048 40
0.2439154416181726 0.16721749225146368 40
0.24456967736310495 0.1749009845767335 40
0.24478864961058838 0.1832944574770665 40
0.24677878412617857 0.19158511931832609 40
0.24833464218440834 0.20034076222812533 40
0.2481407335139832 0.20940249421221854 40
0.24904701831309178 0.21855920232192752 40
0.2456868893190643 0.22818519105910667 40
0.2494398391733768 0.23893578401180826 40
0.2485684397468113 0.24986826127698156 40
0.2511632688073232 0.26152408761636775 40
0.25128006629588534 0.27384884258106357 40
0.2518644446731046 0.28742713693773464 40
0.2524298109512725 0.30012477698755274 40
0.25570009643133595 0.31591571059318513 40
0.25321483803624467 0.3309957951659744 40
0.25402407815594596 0.3481995414267388 40
0.25931756502173786 0.366481294215017 40
0.2581776659242629 0.38641137641763285 40
0.26174749250644136 0.40800106091487354 40
0.26410047305168705 0.42994777908213383 40
0.26329381426781834 0.4549382096439132 40
0.26825557778643794 0.4835128533214835 40
0.2688355655513309 0.5144603574994341 40
0.2717535832863475 0.5477543459457562 40
0.2791488884298785 0.5848536977240701 40
0.2811948203904018 0.6284568306003268 40
0.288269637700308 0.675920166444526 40
0.29495861094710407 0.7293474102909469 40
0.3045372496068865 0.7919212514824525 40
0.3144345751226652 0.86934283354605 40
0.3253061655902812 0.9567285205235423 40
0.38197174415246204 0.9992304588043844 40
0.4705604817223342 1.0 40
0.5655720182294329 0.9944005920201857 40
0.6529863621139973 0.9945418470735073 40
0.7392525194619617 0.993827216132889 40
0.8249399924698655 0.9940927985871839 40
0.9135716626614502 0.9935617637132265 40
1.0 0.9928709868802071 40
0.05838716322222089 0.1992461103754695 95
0.04387638852939176 0.3192059468946605 95
0.38197174415246204 0.9992304588043844 40
0.03726542345310879 0.3521314587624762 95
0.24456967736310495 0.1749009845767335 40
0.0447626379197679 0.30392419030581874 95
0.23279997561479474 0.08268996678703404 40
0.9135716626614502 0.9935617637132265 40
0.26825557778643794 0.4835128533214835 40
0.013087231667673914 0.5980340985127002 95
0.03726542345310879 0.3521314587624762 95
0.05901111626849018 0.17323908791000175 95
0.26410047305168705 0.42994777908213383 40
0.04826186930659094 0.2751639812602624 95
0.06986329207925332 0.08632197023144682 95
0.2456868893190643 0.22818519105910667 40
0.07730106489352516 0.039830538221421394 95
0.06668919161555428 0.13587675451315356 95
0.2688355655513309 0.5144603574994341 40
0.25402407815594596 0.3481995414267388 40
0.2313865522952031 0.04583304694388181 40
0.07308638601602908 0.08195390729077655 95
0.5655720182294329 0.9944005920201857 40
0.07463826892111274 0.0654072518821575 95
0.0549907714671497 0.24024161143452705 95
0.2329088465199155 0.06181350728996966 40
0.07308638601602908 0.08195390729077655 95
0.6529863621139973 0.9945418470735073 40
0.23283722617426467 0.03195329673351946 40
0.2494398391733768 0.23893578401180826 40
0.5655720182294329 0.9944005920201857 40
0.33303434698399875 0.994564642009427 95
0.020489976260717108 0.5229719347456117 95
0.24833464218440834 0.20034076222812533 40
0.020489976260717108 0.5229719347456117 95
0.0447626379197679 0.30392419030581874 95
0.6529863621139973 0.9945418470735073 40
0.2330901487763501 0.027169164998880908 40
0.06861297470176991 0.13043916603097364 95
0.03726542345310879 0.3521314587624762 95
0.26174749250644136 0.40800106091487354 40
0.24478864961058838 0.1832944574770665 40
0.07435504818559653 0.04319573587994938 95
0.06777671695496737 0.1441496596910835 95
1.0 0.9928709868802071 40
0.5655720182294329 0.9944005920201857 40
0.033635608063388785 0.4128925496782255 95
0.232857484134589 0.05189876470945821 40
0.33303434698399875 0.994564642009427 95
0.6529863621139973 0.9945418470735073 40
0.08799002924868449 0.023971596755505933 95
0.2313865522952031 0.04583304694388181 40
0.033538466251009334 0.37119193504454917 95
0.5655720182294329 0.9944005920201857 40
0.23356288893668342 0.057663816692998304 40
0.0549907714671497 0.24024161143452705 95
0.25402407815594596 0.3481995414267388 40
0.23666385851402638 0.0679484960851362 40
0.25402407815594596 0.3481995414267388 40
0.06036710374036193 0.16521441307159454 95
0.2315358432264562 0.0361847827710857 40
0.774828891491277 1.0 95
0.06941537484395727 0.11081699919447424 95
0.24478864961058838 0.1832944574770665 40
0.06884938135893365 0.10372621920942816 95
0.013087231667673914 0.5980340985127002 95
0.232857484134589 0.05189876470945821 40
0.24037544896086696 0.15877926256947048 40
0.232857484134589 0.05189876470945821 40
0.07781240256069324 0.02926263217034969 95
0.24904701831309178 0.21855920232192752 40
0.23536495235332436 0.10014780061400151 40
0.2329088465199155 0.06181350728996966 40
0.04829712514459479 0.2893341272570357 95
0.23713854828661082 0.1062033379348352 40
0.25321483803624467 0.3309957951659744 40
0.25128006629588534 0.27384884258106357 40
0.23279997561479474 0.08268996678703404 40
0.23419264213719515 0.07265650293317198 40
0.06786876673400616 0.12304289855305406 95
0.05901111626849018 0.17323908791000175 95
0.23858819011236246 0.12463085751264204 40
0.05605150932162917 0.2288193268975615 95
0.04387638852939176 0.3192059468946605 95
0.26410047305168705 0.42994777908213383 40
0.2485684397468113 0.24986826127698156 40
0.2524298109512725 0.30012477698755274 40
0.04826186930659094 0.2751639812602624 95
0.44596780064026953 0.9963549295034759 95
0.06036710374036193 0.16521441307159454 95
0.2791488884298785 0.5848536977240701 40
0.23283722617426467 0.03195329673351946 40
0.06981787003117076 0.11720949998286001 95
0.06981787003117076 0.11720949998286001 95
0.06986329207925332 0.08632197023144682 95
1.0 0.9975725078267261 95
0.08147612757149535 0.013410046161717482 95
0.2409524628525782 0.13103705621328127 40
0.2481407335139832 0.20940249421221854 40
0.38197174415246204 0.9992304588043844 40
0.07308638601602908 0.08195390729077655 95
1.0 0.9975725078267261 95
0.06777671695496737 0.1441496596910835 95
0.008035398024157417 0.6934932418643216 95
0.06981787003117076 0.11720949998286001 95
0.05788338051238085 0.20871860184600738 95
0.01783412265952734 0.5581041282514854 95
0.07781240256069324 0.02926263217034969 95
0.2313865522952031 0.04583304694388181 40
0.07760571257160641 0.03369341356668796 95
0.2313865522952031 0.04583304694388181 40
0.26329381426781834 0.4549382096439132 40
0.8895187773157351 0.9957878662638933 95
0.10622652641156215 0.9917936856181305 95
0.2456868893190643 0.22818519105910667 40
0.2434389247535227 0.15238133978971177 40
0.22187606885346867 0.993266379138563 95
