0.08482389100534118 0.0 95
0.08521196775807059 0.00541499139575781 95
0.08557870114189252 0.010776063838947409 95
0.08469946590350859 0.01628559353285744 95
0.08694501440337199 0.020244448596554068 95
0.087625783899655 0.025405887126950365 95
0.08097374585449284 0.030299278460419497 95
0.08170358529768644 0.03495472786670379 95
0.08005371819490809 0.04081781986357924 95
0.08116328971709724 0.046140024064914596 95
0.07869914970447377 0.05065747031329823 95
0.07783409525995166 0.05508485236428381 95
0.07591034366558518 0.06044800183474349 95
0.07703017591914006 0.0656924024639095 95
0.07795735940606784 0.07263401159386851 95
0.07523180437110655 0.07683498237174978 95
0.07665962392852788 0.08323021970613163 95
0.07401798742771507 0.08889052972746925 95
0.0734311743655028 0.09357269704961838 95
0.07349638796348648 0.10004407949452819 95
0.07214383648969007 0.10587813911235365 95
0.075542315256498 0.113162863521496 95
0.0718551005965499 0.11813787054174292 95
0.07318146976706133 0.12572021879296985 95
0.07406410398587018 0.13254224210389562 95
0.07096394674312448 0.13905201786604524 95
0.06904483375708013 0.1460148069224859 95
0.06733347010558394 0.15308266340938345 95
0.06792377435699297 0.16110451184013772 95
0.0666651677011618 0.1681274285659402 95
0.06595445340921824 0.17646379932922315 95
0.0631739498997597 0.1849100576354811 95
0.06304624999260391 0.19402889257770128 95
0.06463275075462543 0.20352432109250543 95
0.0619860505541824 0.21263058940200044 95
0.06088831378593039 0.22287991739928434 95
0.060116725196761554 0.23279197532081897 95
0.057797785358071 0.24409732607993953 95
0.05865303778839369 0.2556095000626287 95
0.05229039503188964 0.2677801784113664 95
0.05084992135411175 0.28063950551276096 95
0.05145215052336117 0.2943298992762776 95
0.04619093087078693 0.3091149273379625 95
0.049630146310317015 0.32467639326690995 95
0.046955339928229776 0.34061138287633613 95
0.03985765454976071 0.35922044090254335 95
0.03739447125362818 0.37839829781674483 95
0.03522834943858471 0.3994825660003046 95
0.03418207029020334 0.4218890657155878 95
0.0351725385622404 0.4460024278475149 95
0.033853222530500736 0.4731835254197069 95
0.03287328584700963 0.5025913415767679 95
0.027453390386150613 0.5354326375278269 95
0.023712478929293544 0.5731574133493877 95
0.01590468908301921 0.6143034298191952 95
0.015006568685981882 0.6600317796664167 95
0.017227370907435584 0.7120009687461168 95
0.010114819153293002 0.7736936391115413 95
0.008636927639159835 0.8441390018862488 95
0.0 0.9304620805293782 95
0.038028646859990786 0.9937961097035665 95
0.147191285417211 0.9937017720678855 95
0.2550509811617432 0.9955673478899554 95
0.3622459691680697 0.9976986468019757 95
0.46731042602634676 0.9986422321947133 95
0.5767641315133366 1.0 95
0.68289887428364 0.9960642855071913 95
0.7912896165746773 0.9979599700187566 95
0.8975571510472252 0.998280603386797 95
1.0 0.9993085672029588 95
0.0 0.0 40
0.0025177941611789017 0.006265592070647576 40
0.00470923694323854 0.013398568903051855 40
0.2390251855868268 0.018356685203879772 40
0.23943393971487248 0.023292515560401145 40
0.24426759996857136 0.026646696422443442 40
0.24221592803001385 0.032453639642089256 40
0.24246165568889044 0.03687805419533797 40
0.24399189775816574 0.04179542065457811 40
0.2420384300215174 0.047192056689681364 40
0.24166036907748467 0.05202422188639471 40
0.24403979416232763 0.05750705657858163 40
0.2425320068922828 0.062050973944048606 40
0.24319527877516425 0.0676094517850136 40
0.24523872712375128 0.0733763366880234 40
0.24524659720825973 0.07891067348513216 40
0.24354392347655987 0.08340844770558761 40
0.24446310967226362 0.08930608730281153 40
0.2465984994312511 0.09524029060920453 40
0.24709639610535467 0.10093690121647518 40
0.24848766804389497 0.10742392527537423 40
0.24810992791920145 0.11248746801584271 40
0.24964116359518757 0.11879934693171422 40
0.25254485497924506 0.1254365742410056 40
0.25278821823113024 0.13174435468700932 40
0.25125241177203594 0.13715936340782847 40
0.2533751819451233 0.14523553706911663 40
0.2520116109084201 0.1520184228665319 40
0.2523142004078701 0.15851065638435355 40
0.25515483292104674 0.16652763298420395 40
0.2545175437709613 0.1740809814712307 40
0.2566901357400924 0.18206911771235562 40
0.2567712646708439 0.19067856931605667 40
0.2553724432624516 0.1982970879956292 40
0.25910204526173314 0.2082560603076598 40
0.25614992358193084 0.2168897806298794 40
0.2576008695619457 0.2266140924482542 40
0.26011955962628447 0.23728935297777073 40
0.25989661502851774 0.24804811321975195 40
0.2612067594023844 0.2585882175683247 40
0.2629125390842334 0.2711046754520087 40
0.26374488090183507 0.28408673271690754 40
0.26246136870595066 0.2973267249467085 40
0.26403259990374445 0.31137546353986145 40
0.2642791101449075 0.3269616442729514 40
0.26950304506887335 0.343424572670797 40
0.267448414965655 0.3619020466930201 40
0.26915567519043404 0.37976225280407583 40
0.27286220339486056 0.4007799573029199 40
0.27265494693696507 0.42182403012822783 40
0.27589043036993305 0.4476299008617942 40
0.2787821877985411 0.47326945468614 40
0.2792820648633032 0.502445537321754 40
0.28200298847943234 0.5355898317943152 40
0.2890947171094298 0.5701717254911776 40
0.29460234317757183 0.6114473892683555 40
0.29864285676789704 0.657059872148087 40
0.3069982565116122 0.7079926990075911 40
0.3155233580588986 0.7678717179838092 40
0.32284411844505406 0.837825334012808 40
0.3314453938374958 0.9223243877885163 40
0.3663275458290133 0.9982433805768705 40
0.4532586093974504 1.0 40
0.5471816168380523 0.9999440737857707 40
0.6408104897106747 0.9938646596241467 40
0.7323235571478393 0.9930111750209437 40
0.8197676961025229 0.9941657352815159 40
0.9104299774051495 0.9944095154984796 40
1.0 0.9933967615936874 40
0.24964116359518757 0.11879934693171422 40
0.049630146310317015 0.32467639326690995 95
0.07214383648969007 0.10587813911235365 95
0.24166036907748467 0.05202422188639471 40
1.0 0.9933967615936874 40
0.07703017591914006 0.0656924024639095 95
0.2520116109084201 0.1520184228665319 40
0.2642791101449075 0.3269616442729514 40
0.2533751819451233 0.14523553706911663 40
0.05229039503188964 0.2677801784113664 95
0.023712478929293544 0.5731574133493877 95
0.7323235571478393 0.9930111750209437 40
0.24246165568889044 0.03687805419533797 40
0.07349638796348648 0.10004407949452819 95
0.2420384300215174 0.047192056689681364 40
0.06904483375708013 0.1460148069224859 95
0.08557870114189252 0.010776063838947409 95
0.05084992135411175 0.28063950551276096 95
0.08521196775807059 0.00541499139575781 95
0.015006568685981882 0.6600317796664167 95
0.03418207029020334 0.4218890657155878 95
0.03985765454976071 0.35922044090254335 95
0.24810992791920145 0.11248746801584271 40
0.29460234317757183 0.6114473892683555 40
0.25989661502851774 0.24804811321975195 40
0.087625783899655 0.025405887126950365 95
1.0 0.9933967615936874 40
0.46731042602634676 0.9986422321947133 95
0.25910204526173314 0.2082560603076598 40
0.027453390386150613 0.5354326375278269 95
0.2576008695619457 0.2266140924482542 40
0.3622459691680697 0.9976986468019757 95
0.08521196775807059 0.00541499139575781 95
0.7323235571478393 0.9930111750209437 40
0.28200298847943234 0.5355898317943152 40
0.26403259990374445 0.31137546353986145 40
0.2550509811617432 0.9955673478899554 95
0.2567712646708439 0.19067856931605667 40
1.0 0.9993085672029588 95
0.06088831378593039 0.22287991739928434 95
0.05865303778839369 0.2556095000626287 95
0.06304624999260391 0.19402889257770128 95
0.057797785358071 0.24409732607993953 95
0.3314453938374958 0.9223243877885163 40
0.06088831378593039 0.22287991739928434 95
0.06304624999260391 0.19402889257770128 95
0.2465984994312511 0.09524029060920453 40
1.0 0.9993085672029588 95
0.24426759996857136 0.026646696422443442 40
0.24403979416232763 0.05750705657858163 40
0.07783409525995166 0.05508485236428381 95
0.049630146310317015 0.32467639326690995 95
0.29460234317757183 0.6114473892683555 40
0.7323235571478393 0.9930111750209437 40
0.03287328584700963 0.5025913415767679 95
0.2629125390842334 0.2711046754520087 40
0.0718551005965499 0.11813787054174292 95
0.24523872712375128 0.0733763366880234 40
0.24426759996857136 0.026646696422443442 40
0.6408104897106747 0.9938646596241467 40
0.05145215052336117 0.2943298992762776 95
0.2576008695619457 0.2266140924482542 40
0.2545175437709613 0.1740809814712307 40
0.075542315256498 0.113162863521496 95
0.2629125390842334 0.2711046754520087 40
0.07869914970447377 0.05065747031329823 95
0.08005371819490809 0.04081781986357924 95
0.08557870114189252 0.010776063838947409 95
0.3069982565116122 0.7079926990075911 40
0.24446310967226362 0.08930608730281153 40
0.08097374585449284 0.030299278460419497 95
0.07523180437110655 0.07683498237174978 95
0.08097374585449284 0.030299278460419497 95
0.03522834943858471 0.3994825660003046 95
0.24446310967226362 0.08930608730281153 40
0.26374488090183507 0.28408673271690754 40
0.24319527877516425 0.0676094517850136 40
0.2465984994312511 0.09524029060920453 40
0.00470923694323854 0.013398568903051855 40
0.24403979416232763 0.05750705657858163 40
0.2787821877985411 0.47326945468614 40
0.5471816168380523 0.9999440737857707 40
0.27286220339486056 0.4007799573029199 40
0.03985765454976071 0.35922044090254335 95
0.25125241177203594 0.13715936340782847 40
0.24446310967226362 0.08930608730281153 40
0.2553724432624516 0.1982970879956292 40
0.25254485497924506 0.1254365742410056 40
0.06595445340921824 0.17646379932922315 95
0.07401798742771507 0.08889052972746925 95
0.9104299774051495 0.9944095154984796 40
0.00470923694323854 0.013398568903051855 40
0.24523872712375128 0.0733763366880234 40
0.7323235571478393 0.9930111750209437 40
0.25614992358193084 0.2168897806298794 40
0.25254485497924506 0.1254365742410056 40
0.057797785358071 0.24409732607993953 95
0.24319527877516425 0.0676094517850136 40
0.08170358529768644 0.03495472786670379 95
0.087625783899655 0.025405887126950365 95
0.0718551005965499 0.11813787054174292 95
0.05229039503188964 0.2677801784113664 95
0.24399189775816574 0.04179542065457811 40
0.027453390386150613 0.5354326375278269 95
0.27265494693696507 0.42182403012822783 40
0.9104299774051495 0.9944095154984796 40
0.057797785358071 0.24409732607993953 95
0.6408104897106747 0.9938646596241467 40
0.27265494693696507 0.42182403012822783 40
0.033853222530500736 0.4731835254197069 95
0.24848766804389497 0.10742392527537423 40
0.06088831378593039 0.22287991739928434 95
0.9104299774051495 0.9944095154984796 40
0.06463275075462543 0.20352432109250543 95
0.0 0.0 40
0.08097374585449284 0.030299278460419497 95
0.2425320068922828 0.062050973944048606 40
