0.27058034185559054 1.0 95
0.18896559234307955 0.9040274686522263 95
0.22955641826621595 0.8255410226536736 95
0.09123807626403538 0.7503510135560196 95
0.12485421289203606 0.6911364399620419 95
0.08931376026520002 0.6320519085795355 95
0.1743437623886137 0.5855420182107082 95
0.13918905281325544 0.5386711062974293 95
0.1397158247951669 0.49608079013990636 95
0.15018309405083327 0.45821217334459285 95
0.14409692010877842 0.4232991222703356 95
0.12559757175033584 0.389988162145303 95
0.15065462085685913 0.360077465188461 95
0.1389317827273224 0.3329374298764035 95
0.1957583980408596 0.3074496379506483 95
0.14373279084330498 0.2824698036834901 95
0.07882671978175337 0.25718397323792797 95
0.04495734511445465 0.23562677589460154 95
0.06256049425628235 0.21446826023034096 95
0.018463924322559097 0.19536262151283107 95
0.0 0.17672356727347116 95
1.0 0.17317999935166078 95
0.1596486707195834 0.14411310718927542 95
0.12341507302321218 0.12749469925553342 95
0.33425274222267437 0.11432011701232633 95
0.44486598602337296 0.10012409185356085 95
0.3899991841453452 0.08497768261682874 95
0.4630547145760319 0.07193141675595516 95
0.532291449600326 0.06013726856685982 95
0.6288667457592296 0.04649608612433635 95
0.6634974828478651 0.03410353278095522 95
0.6755208816960718 0.021543525751311007 95
0.7924645774515159 0.011150833947871258 95
0.8618885639087794 0.0 95
0.27058034185559054 1.0 40
0.18896559234307955 0.9040274686522263 40
0.22955641826621595 0.8255410226536736 40
0.09123807626403538 0.7503510135560196 40
0.12485421289203606 0.6911364399620419 40
0.08931376026520002 0.6320519085795355 40
0.1743437623886137 0.5855420182107082 40
0.13918905281325544 0.5386711062974293 40
0.1397158247951669 0.49608079013990636 40
0.15018309405083327 0.45821217334459285 40
0.14409692010877842 0.4232991222703356 40
0.12559757175033584 0.389988162145303 40
0.15065462085685913 0.360077465188461 40
0.1389317827273224 0.3329374298764035 40
0.1957583980408596 0.3074496379506483 40
0.14373279084330498 0.2824698036834901 40
0.07882671978175337 0.25718397323792797 40
0.04495734511445465 0.23562677589460154 40
0.06256049425628235 0.21446826023034096 40
0.018463924322559097 0.19536262151283107 40
0.0 0.17672356727347116 40
1.0 0.17317999935166078 40
0.1596486707195834 0.14411310718927542 40
0.12341507302321218 0.12749469925553342 40
0.33425274222267437 0.11432011701232633 40
0.44486598602337296 0.10012409185356085 40
0.3899991841453452 0.08497768261682874 40
0.4630547145760319 0.07193141675595516 40
0.532291449600326 0.06013726856685982 40
0.6288667457592296 0.04649608612433635 40
0.6634974828478651 0.03410353278095522 40
0.6755208816960718 0.021543525751311007 40
0.7924645774515159 0.011150833947871258 40
0.8618885639087794 0.0 40
0.1397158247951669 0.49608079013990636 40
0.6634974828478651 0.03410353278095522 95
0.3899991841453452 0.08497768261682874 95
0.4630547145760319 0.07193141675595516 95
0.15018309405083327 0.45821217334459285 40
0.06256049425628235 0.21446826023034096 40
0.4630547145760319 0.07193141675595516 40
0.04495734511445465 0.23562677589460154 40
0.8618885639087794 0.0 95
0.12485421289203606 0.6911364399620419 95
0.09123807626403538 0.7503510135560196 40
0.18896559234307955 0.9040274686522263 95
0.6288667457592296 0.04649608612433635 95
0.07882671978175337 0.25718397323792797 95
0.12559757175033584 0.389988162145303 40
0.13918905281325544 0.5386711062974293 40
0.27058034185559054 1.0 40
0.1596486707195834 0.14411310718927542 40
0.12341507302321218 0.12749469925553342 40
0.4630547145760319 0.07193141675595516 40
0.1596486707195834 0.14411310718927542 95
0.6634974828478651 0.03410353278095522 95
0.8618885639087794 0.0 40
0.22955641826621595 0.8255410226536736 40
0.1596486707195834 0.14411310718927542 95
0.1596486707195834 0.14411310718927542 95
0.09123807626403538 0.7503510135560196 95
0.06256049425628235 0.21446826023034096 95
0.0 0.17672356727347116 40
0.27058034185559054 1.0 40
0.22955641826621595 0.8255410226536736 40
0.8618885639087794 0.0 95
0.018463924322559097 0.19536262151283107 40
0.06256049425628235 0.21446826023034096 40
0.532291449600326 0.06013726856685982 40
0.018463924322559097 0.19536262151283107 95
0.33425274222267437 0.11432011701232633 95
0.22955641826621595 0.8255410226536736 40
0.27058034185559054 1.0 95
0.1743437623886137 0.5855420182107082 95
1.0 0.17317999935166078 95
1.0 0.17317999935166078 40
0.12485421289203606 0.6911364399620419 95
0.22955641826621595 0.8255410226536736 95
0.532291449600326 0.06013726856685982 95
0.1957583980408596 0.3074496379506483 40
0.1389317827273224 0.3329374298764035 95
0.04495734511445465 0.23562677589460154 40
0.1397158247951669 0.49608079013990636 95
0.6634974828478651 0.03410353278095522 40
0.6755208816960718 0.021543525751311007 40
0.14373279084330498 0.2824698036834901 40
0.27058034185559054 1.0 40
0.22955641826621595 0.8255410226536736 95
0.08931376026520002 0.6320519085795355 40
0.13918905281325544 0.5386711062974293 40
0.12559757175033584 0.389988162145303 95
0.14373279084330498 0.2824698036834901 40
0.18896559234307955 0.9040274686522263 95
0.09123807626403538 0.7503510135560196 40
