0.08503558937014949 0.0 95
0.08673730249058097 0.004139903278919946 95
0.08598222693760972 0.009284371450746294 95
0.08732100851726649 0.015280719107914264 95
0.08891070950866066 0.02029417779466934 95
0.07992779890417075 0.02429333321599109 95
0.08025027009172837 0.028835602600481167 95
0.08122718131273561 0.035289201349613164 95
0.08012409996409044 0.03990579509176295 95
0.07852035515505548 0.04423219368914085 95
0.07980163819880125 0.049740025299795466 95
0.07938571476527523 0.05597266099052517 95
0.07760819305326115 0.06062432577427496 95
0.07578254847630614 0.0649654718760242 95
0.07492400218307015 0.07059997089157281 95
0.07442491710033966 0.07610610758530045 95
0.0741712815977698 0.08182383096692043 95
0.07466217379462502 0.08799174427052027 95
0.07413051061737565 0.09432349440374893 95
0.07426630058363004 0.1000094409419113 95
0.07286171726119231 0.10599641835613736 95
0.07160823042130067 0.11181220249694666 95
0.07423893193740175 0.11927525228952493 95
0.07071303537347606 0.12485323686681733 95
0.07091642317119662 0.13192138229325864 95
0.06986183850852673 0.1388060200130938 95
0.06867567279064775 0.14592699376576185 95
0.06946950828867203 0.15393958414737813 95
0.06771382048086617 0.16092157193222345 95
0.06815677505552076 0.16927250519890202 95
0.06601244574017445 0.17754742795130699 95
0.06319357318588342 0.18566330690488603 95
0.06122283399074739 0.19424455954736772 95
0.06316081989672369 0.20379208792950598 95
0.06054709406193803 0.21364193302872064 95
0.06029090651388375 0.2240121459391514 95
0.05743824869706673 0.2343814260477892 95
0.05922556636354826 0.24513626394659155 95
0.057962373273171004 0.25729106968066556 95
0.052900365448228355 0.26925237320603423 95
0.0516751683776058 0.28280103638535026 95
0.051567403429194705 0.29753650595774833 95
0.04841366054425055 0.31171133060739536 95
0.04536334786638732 0.32809457786448903 95
0.0429586505845043 0.3451912242322913 95
0.04331952230968337 0.3636091681178371 95
0.03805726141311115 0.3837979352911968 95
0.035961232026576966 0.4053004827396411 95
0.03632115322504852 0.42812726120374395 95
0.03290094546572961 0.45387843897946306 95
0.031618487132838914 0.4810096517297534 95
0.03003172371047735 0.5113904280721502 95
0.02859999719054801 0.5462340354207145 95
0.02442262584629679 0.5840042462391801 95
0.021272075189502044 0.6266767362002091 95
0.016656893328409132 0.6759174052958612 95
0.015073061963930804 0.7312543225072154 95
0.0137148212568686 0.795044391139138 95
0.00560415201358281 0.8717393702356029 95
0.0 0.9619732533629767 95
0.07485461650233725 0.991427999422654 95
0.17749229007641704 0.9936260123729639 95
0.28511289801198575 0.9950307358193238 95
0.38771353111867685 0.9958090853091275 95
0.4886091428046962 0.996559031753456 95
0.592281980247576 0.9954225571143203 95
0.6910972246923635 1.0 95
0.7980091109168498 0.9972357241681717 95
0.8990920317215076 0.9969425038810666 95
1.0 0.9970958837734025 95
0.0 0.0 40
0.005289631541996851 0.007356353667255315 40
0.24775530553457314 0.017467880099822725 40
0.250750944412228 0.022690892936164393 40
0.25270215889968634 0.028067516080172526 40
0.25303320847598076 0.03195724858809096 40
0.25427038953327774 0.0373539070566679 40
0.251285874191312 0.04309285112193726 40
0.25130278675713397 0.04729478145085295 40
0.25148988954209306 0.05189069566360932 40
0.25369719160819876 0.05836067934605698 40
0.2542498278104846 0.06342068125321133 40
0.253700046895946 0.06820153875035805 40
0.2538362527552977 0.07318617090242771 40
0.2567563968977515 0.07928043518038468 40
0.2543593364338784 0.08397220935176056 40
0.2548003303297048 0.08973295803025502 40
0.25777235751151584 0.09620962183676218 40
0.2556654038530095 0.10105382260661423 40
0.25808190376566953 0.10728537668635064 40
0.2589302923259427 0.11365841493065325 40
0.26025846319202806 0.11943578251174852 40
0.26043457257902763 0.12584808491656876 40
0.26195567362288813 0.13230021327174163 40
0.2641007738803228 0.13924099786583355 40
0.26375019311797326 0.14625549107373917 40
0.25996378987640106 0.15239203507064147 40
0.26191626864376416 0.16023449101174425 40
0.26301823484871145 0.16692904930714733 40
0.26262685769087313 0.17535333922206142 40
0.2637681728952373 0.18357503257128913 40
0.26335966421414936 0.1921886201792438 40
0.26812940616562275 0.20132665894493826 40
0.2666171952783135 0.20985772545465994 40
0.2649671590334258 0.219530199023706 40
0.2692915500140682 0.23053146130120727 40
0.26917285741227787 0.24051682290690227 40
0.2702235893243542 0.25163908558422093 40
0.27040804219436804 0.2629231210721422 40
0.27563513177538423 0.2759837574914266 40
0.27290163127868733 0.2885765452657209 40
0.2739780718177301 0.3028238067117882 40
0.2765733467458456 0.31726644830338635 40
0.2756993267954898 0.3342114362912021 40
0.28022811826945915 0.3507612598682732 40
0.28160790950842574 0.36917208636784987 40
0.2808161095736008 0.38942476071860177 40
0.2831895707227041 0.4112454793270693 40
0.2830162998111844 0.4340594370603422 40
0.2908438312243825 0.45920281084739756 40
0.2889483898325346 0.48755335465240657 40
0.29399023778514866 0.5190310402421381 40
0.2970988397657603 0.5525507066000396 40
0.30074557823194104 0.5915605300350455 40
0.30797948010105 0.635058523804004 40
0.3120649857344891 0.6847848755666504 40
0.3221984560707253 0.7401917521319742 40
0.3318392872144604 0.8047637514127431 40
0.34011352669197925 0.8832285012261608 40
0.3515391311044351 0.975591119652473 40
0.4321816467903554 0.9980097950327236 40
0.5253841859272975 1.0 40
0.6225185612815411 0.9952692743702628 40
0.72050765082824 0.9933373735556846 40
0.8108012159427342 0.9929047535947548 40
0.9060818458027007 0.9928459774230005 40
1.0 0.9937305933555657 40
0.25369719160819876 0.05836067934605698 40
0.2542498278104846 0.06342068125321133 40
0.05922556636354826 0.24513626394659155 95
0.08503558937014949 0.0 95
0.4321816467903554 0.9980097950327236 40
0.251285874191312 0.04309285112193726 40
0.0516751683776058 0.28280103638535026 95
0.27040804219436804 0.2629231210721422 40
0.04841366054425055 0.31171133060739536 95
0.08891070950866066 0.02029417779466934 95
0.06319357318588342 0.18566330690488603 95
0.03003172371047735 0.5113904280721502 95
0.17749229007641704 0.9936260123729639 95
0.2556654038530095 0.10105382260661423 40
0.251285874191312 0.04309285112193726 40
0.08598222693760972 0.009284371450746294 95
0.021272075189502044 0.6266767362002091 95
0.3318392872144604 0.8047637514127431 40
0.25427038953327774 0.0373539070566679 40
0.2739780718177301 0.3028238067117882 40
0.06986183850852673 0.1388060200130938 95
0.8990920317215076 0.9969425038810666 95
0.27040804219436804 0.2629231210721422 40
0.08891070950866066 0.02029417779466934 95
0.04536334786638732 0.32809457786448903 95
0.0 0.0 40
0.8108012159427342 0.9929047535947548 40
0.07980163819880125 0.049740025299795466 95
0.26262685769087313 0.17535333922206142 40
0.04841366054425055 0.31171133060739536 95
0.25777235751151584 0.09620962183676218 40
0.25996378987640106 0.15239203507064147 40
0.26812940616562275 0.20132665894493826 40
0.07492400218307015 0.07059997089157281 95
0.06029090651388375 0.2240121459391514 95
0.07160823042130067 0.11181220249694666 95
0.4886091428046962 0.996559031753456 95
0.2567563968977515 0.07928043518038468 40
0.031618487132838914 0.4810096517297534 95
0.03290094546572961 0.45387843897946306 95
0.06867567279064775 0.14592699376576185 95
0.07938571476527523 0.05597266099052517 95
0.4321816467903554 0.9980097950327236 40
0.25808190376566953 0.10728537668635064 40
0.250750944412228 0.022690892936164393 40
0.25777235751151584 0.09620962183676218 40
0.07760819305326115 0.06062432577427496 95
0.28160790950842574 0.36917208636784987 40
0.25303320847598076 0.03195724858809096 40
0.07980163819880125 0.049740025299795466 95
0.26812940616562275 0.20132665894493826 40
0.2808161095736008 0.38942476071860177 40
0.26195567362288813 0.13230021327174163 40
0.06815677505552076 0.16927250519890202 95
0.021272075189502044 0.6266767362002091 95
0.07485461650233725 0.991427999422654 95
0.2542498278104846 0.06342068125321133 40
0.4886091428046962 0.996559031753456 95
0.26812940616562275 0.20132665894493826 40
0.08503558937014949 0.0 95
0.2739780718177301 0.3028238067117882 40
0.25148988954209306 0.05189069566360932 40
0.07992779890417075 0.02429333321599109 95
0.24775530553457314 0.017467880099822725 40
0.27290163127868733 0.2885765452657209 40
0.25996378987640106 0.15239203507064147 40
0.08012409996409044 0.03990579509176295 95
0.04331952230968337 0.3636091681178371 95
0.2702235893243542 0.25163908558422093 40
0.8108012159427342 0.9929047535947548 40
0.06316081989672369 0.20379208792950598 95
0.30797948010105 0.635058523804004 40
0.2830162998111844 0.4340594370603422 40
0.26195567362288813 0.13230021327174163 40
0.06771382048086617 0.16092157193222345 95
0.2765733467458456 0.31726644830338635 40
0.25270215889968634 0.028067516080172526 40
0.052900365448228355 0.26925237320603423 95
0.2831895707227041 0.4112454793270693 40
0.25270215889968634 0.028067516080172526 40
0.05743824869706673 0.2343814260477892 95
0.2556654038530095 0.10105382260661423 40
0.07578254847630614 0.0649654718760242 95
0.28022811826945915 0.3507612598682732 40
0.2889483898325346 0.48755335465240657 40
0.07485461650233725 0.991427999422654 95
0.2641007738803228 0.13924099786583355 40
0.03632115322504852 0.42812726120374395 95
0.25270215889968634 0.028067516080172526 40
0.25130278675713397 0.04729478145085295 40
0.27563513177538423 0.2759837574914266 40
0.015073061963930804 0.7312543225072154 95
0.03805726141311115 0.3837979352911968 95
0.2830162998111844 0.4340594370603422 40
0.07992779890417075 0.02429333321599109 95
0.0429586505845043 0.3451912242322913 95
0.00560415201358281 0.8717393702356029 95
0.07485461650233725 0.991427999422654 95
0.26375019311797326 0.14625549107373917 40
0.06601244574017445 0.17754742795130699 95
0.08891070950866066 0.02029417779466934 95
0.2637681728952373 0.18357503257128913 40
0.25369719160819876 0.05836067934605698 40
0.29399023778514866 0.5190310402421381 40
0.2970988397657603 0.5525507066000396 40
0.07578254847630614 0.0649654718760242 95
0.035961232026576966 0.4053004827396411 95
0.2908438312243825 0.45920281084739756 40
0.0 0.0 40
0.02442262584629679 0.5840042462391801 95
0.30074557823194104 0.5915605300350455 40
0.0 0.0 40
0.08122718131273561 0.035289201349613164 95
0.2649671590334258 0.219530199023706 40
0.72050765082824 0.9933373735556846 40
0.2692915500140682 0.23053146130120727 40
0.06054709406193803 0.21364193302872064 95
0.052900365448228355 0.26925237320603423 95
0.38771353111867685 0.9958090853091275 95
