0.0825859350768617 0.0 95
0.08314992782592714 0.005534063780942627 95
0.08392987047592021 0.009393538548977037 95
0.08389559689491444 0.01546867368947911 95
0.08534536318247349 0.020372786247452937 95
0.07652282092136185 0.025405128763098046 95
0.07768263106655071 0.030277431311723745 95
0.07634964039784062 0.03461101261897918 95
0.07954722908941916 0.0407148407125539 95
0.07649198518992219 0.04564350748219527 95
0.07728761527100843 0.05068442572736247 95
0.07520955503529925 0.05563593012553456 95
0.07455945375142893 0.06031886534624448 95
0.07399062961253218 0.0656974521164489 95
0.07301211152470878 0.07132206206605339 95
0.07367110166146647 0.07757605761875007 95
0.07365888620782943 0.0838028643332265 95
0.07201339380708223 0.08845299108086221 95
0.06923893282656306 0.09477355646467132 95
0.07242123399925852 0.10062500243960916 95
0.0700984437497718 0.10595263961487587 95
0.07044303813572722 0.11251372194208659 95
0.07091734847422526 0.1188421446565713 95
0.06814521085066509 0.124811378936873 95
0.0682351089567699 0.131362508735963 95
0.06665177964860637 0.1391777474658268 95
0.06813676502151123 0.14671365822170354 95
0.06247531777275108 0.1532314218635641 95
0.06606710616547405 0.1611819658291709 95
0.06388191214136482 0.169278816983979 95
0.06439626551284712 0.17788898125897595 95
0.060870027477344 0.18587037772960965 95
0.05838827193871404 0.1939504308735184 95
0.058434676264213295 0.203493788661818 95
0.05723412187121324 0.21292896479657636 95
0.056286191606403295 0.2235949993259544 95
0.055479762122798953 0.2338705006093394 95
0.05626337094097716 0.24520158254169383 95
0.05290012460893858 0.25681545098231795 95
0.049586308916294855 0.26843763614411625 95
0.050712237923229014 0.2824367700067746 95
0.04998723145830595 0.2962204461851896 95
0.04402882871503692 0.3101786219514908 95
0.04298706226493942 0.3264185645990337 95
0.03998725857304437 0.3426459432228661 95
0.0409796173053719 0.3612019502741097 95
0.03881473356229835 0.3810411868268436 95
0.03525101604004018 0.4017614655218791 95
0.0321837190456824 0.42423465227365537 95
0.02819486021265346 0.44936905685480577 95
0.03021575221234563 0.4773796593682392 95
0.030544289605480553 0.505530895499812 95
0.025108151156879845 0.5388413183489635 95
0.022924651418144447 0.5771714550183055 95
0.013179944848570525 0.6196746410023455 95
0.017105075028175935 0.6648979590868188 95
0.014414468796161265 0.7193434028684589 95
0.00823492263389516 0.7808454398577107 95
0.003734246610868413 0.85524743044147 95
0.0 0.941478349964598 95
0.04717146955837642 0.9936168327228814 95
0.15608234881233737 0.9944794039029972 95
0.25945228349695765 0.9965590853865729 95
0.36902754409905314 0.998174182362004 95
0.47351006592524164 0.9992018742196601 95
0.5789572075265531 1.0 95
0.6877037982024392 0.9974862943348178 95
0.7911314683219318 0.9978636085625996 95
0.8979451015748258 0.9991456905402031 95
1.0 0.9991530358650543 95
0.0 0.0 40
0.001989019403213342 0.006334293725540441 40
0.0017000631487124967 0.011869365756267165 40
0.24099376224395727 0.01810299722191 40
0.24367046168045503 0.023380340391181195 40
0.24819627063095828 0.028068508941500668 40
0.24480414095400777 0.03166722833908297 40
0.24735484288852214 0.036390973389631 40
0.247706768899627 0.04265188878522814 40
0.2469141310612727 0.047501631589575606 40
0.24577781282539632 0.05158860526399489 40
0.2482507229659593 0.05821203476926168 40
0.24738133477699223 0.06282618930429545 40
0.24735418143344545 0.06737335307517038 40
0.24920115312119365 0.07301874340145507 40
0.24894987876735886 0.07804289793876654 40
0.2500199610342965 0.08400102364213617 40
0.24885625575599918 0.08864237067518685 40
0.24984097705931532 0.09496277948596091 40
0.24972533143911424 0.10037214764903467 40
0.25373865691922565 0.1069911066687278 40
0.25303651966493845 0.11221928839453371 40
0.25239493861770707 0.11785709263343787 40
0.25266452323722927 0.12449388159520457 40
0.25621545536535373 0.13141819688309758 40
0.25470699498553206 0.13712698967568823 40
0.25502126570098327 0.14383862532950842 40
0.2549688494980521 0.15091720925091306 40
0.255927695016967 0.15857461345980461 40
0.25866367498565573 0.1656790930629726 40
0.2584875833897779 0.17298280417775658 40
0.25891796922341365 0.1809148130728606 40
0.2581582990941788 0.18934260240106507 40
0.258403077619018 0.1974498355501928 40
0.2632280218211055 0.20673537829840857 40
0.26044105824266595 0.21545718229981262 40
0.25937394139209524 0.2251893962770984 40
0.26446380603449476 0.2359231643232649 40
0.26588965251147845 0.24634281371784258 40
0.2663426433877973 0.25778578618017745 40
0.2692763390134316 0.2695088200405776 40
0.26740098866437495 0.2826938935600043 40
0.2689057999258948 0.29527960492868793 40
0.2708211818965292 0.30923724196802527 40
0.27137985167094775 0.3247291124054437 40
0.27299113714302625 0.340493300855246 40
0.2730854502868741 0.35837654308246925 40
0.2768550389496308 0.3767045175212148 40
0.27769596349461284 0.3970563889522905 40
0.27911639533215915 0.4186419441768574 40
0.28100446025789555 0.44264356300426966 40
0.28001520925253404 0.46835274151400863 40
0.2830744890945407 0.49680739202762847 40
0.28614623794901506 0.5289999289437625 40
0.294154139867884 0.563121207388609 40
0.2993750818430309 0.6036896670183489 40
0.30080390903781884 0.6478493429789973 40
0.3102860864360623 0.6992104307433371 40
0.3180856370173378 0.7565251123828173 40
0.32982779685170904 0.8233918710994506 40
0.3371672508105816 0.9054719624239032 40
0.3557138946527714 0.994180448934959 40
0.44288099845207557 0.9997688908351071 40
0.5397456838091184 1.0 40
0.636023721546863 0.9951581066123566 40
0.7275748011420516 0.9939454505196117 40
0.8170499616304182 0.9945164296690029 40
0.9095769039956982 0.9950083589292598 40
1.0 0.9938233639929018 40
0.03021575221234563 0.4773796593682392 95
0.27137985167094775 0.3247291124054437 40
0.06439626551284712 0.17788898125897595 95
0.08534536318247349 0.020372786247452937 95
0.5397456838091184 1.0 40
0.2692763390134316 0.2695088200405776 40
0.25866367498565573 0.1656790930629726 40
0.07455945375142893 0.06031886534624448 95
0.30080390903781884 0.6478493429789973 40
0.07367110166146647 0.07757605761875007 95
1.0 0.9938233639929018 40
0.0321837190456824 0.42423465227365537 95
0.049586308916294855 0.26843763614411625 95
0.03998725857304437 0.3426459432228661 95
0.03881473356229835 0.3810411868268436 95
0.6877037982024392 0.9974862943348178 95
0.24972533143911424 0.10037214764903467 40
0.2689057999258948 0.29527960492868793 40
0.07091734847422526 0.1188421446565713 95
0.9095769039956982 0.9950083589292598 40
0.00823492263389516 0.7808454398577107 95
0.2830744890945407 0.49680739202762847 40
0.055479762122798953 0.2338705006093394 95
0.0321837190456824 0.42423465227365537 95
0.2730854502868741 0.35837654308246925 40
0.014414468796161265 0.7193434028684589 95
0.06247531777275108 0.1532314218635641 95
0.07649198518992219 0.04564350748219527 95
0.07091734847422526 0.1188421446565713 95
0.08389559689491444 0.01546867368947911 95
0.2469141310612727 0.047501631589575606 40
0.24984097705931532 0.09496277948596091 40
0.07301211152470878 0.07132206206605339 95
0.255927695016967 0.15857461345980461 40
0.07044303813572722 0.11251372194208659 95
0.07520955503529925 0.05563593012553456 95
0.26044105824266595 0.21545718229981262 40
0.00823492263389516 0.7808454398577107 95
0.06247531777275108 0.1532314218635641 95
0.017105075028175935 0.6648979590868188 95
0.0409796173053719 0.3612019502741097 95
0.0409796173053719 0.3612019502741097 95
0.2689057999258948 0.29527960492868793 40
0.28100446025789555 0.44264356300426966 40
0.26044105824266595 0.21545718229981262 40
0.030544289605480553 0.505530895499812 95
0.07455945375142893 0.06031886534624448 95
0.07520955503529925 0.05563593012553456 95
0.255927695016967 0.15857461345980461 40
0.25303651966493845 0.11221928839453371 40
0.07367110166146647 0.07757605761875007 95
0.060870027477344 0.18587037772960965 95
0.2692763390134316 0.2695088200405776 40
0.07520955503529925 0.05563593012553456 95
0.26044105824266595 0.21545718229981262 40
0.07367110166146647 0.07757605761875007 95
0.04298706226493942 0.3264185645990337 95
0.24894987876735886 0.07804289793876654 40
0.08389559689491444 0.01546867368947911 95
0.06388191214136482 0.169278816983979 95
0.24894987876735886 0.07804289793876654 40
0.07649198518992219 0.04564350748219527 95
0.2549688494980521 0.15091720925091306 40
0.25502126570098327 0.14383862532950842 40
0.294154139867884 0.563121207388609 40
0.07301211152470878 0.07132206206605339 95
0.25891796922341365 0.1809148130728606 40
0.26588965251147845 0.24634281371784258 40
0.2830744890945407 0.49680739202762847 40
0.255927695016967 0.15857461345980461 40
0.44288099845207557 0.9997688908351071 40
0.013179944848570525 0.6196746410023455 95
0.07399062961253218 0.0656974521164489 95
0.06388191214136482 0.169278816983979 95
0.47351006592524164 0.9992018742196601 95
0.0409796173053719 0.3612019502741097 95
0.07367110166146647 0.07757605761875007 95
0.07367110166146647 0.07757605761875007 95
0.03021575221234563 0.4773796593682392 95
0.0 0.0 40
0.44288099845207557 0.9997688908351071 40
0.247706768899627 0.04265188878522814 40
0.05838827193871404 0.1939504308735184 95
0.8979451015748258 0.9991456905402031 95
0.36902754409905314 0.998174182362004 95
0.050712237923229014 0.2824367700067746 95
0.025108151156879845 0.5388413183489635 95
0.055479762122798953 0.2338705006093394 95
0.05838827193871404 0.1939504308735184 95
0.26588965251147845 0.24634281371784258 40
0.08389559689491444 0.01546867368947911 95
0.07399062961253218 0.0656974521164489 95
0.0 0.0 40
0.013179944848570525 0.6196746410023455 95
0.27911639533215915 0.4186419441768574 40
0.25945228349695765 0.9965590853865729 95
0.25303651966493845 0.11221928839453371 40
0.6877037982024392 0.9974862943348178 95
0.2663426433877973 0.25778578618017745 40
0.44288099845207557 0.9997688908351071 40
0.07044303813572722 0.11251372194208659 95
0.2708211818965292 0.30923724196802527 40
0.636023721546863 0.9951581066123566 40
0.27137985167094775 0.3247291124054437 40
0.05290012460893858 0.25681545098231795 95
0.8170499616304182 0.9945164296690029 40
0.07365888620782943 0.0838028643332265 95
0.0825859350768617 0.0 95
0.03998725857304437 0.3426459432228661 95
0.2632280218211055 0.20673537829840857 40
0.0700984437497718 0.10595263961487587 95
0.07365888620782943 0.0838028643332265 95
0.06813676502151123 0.14671365822170354 95
0.03525101604004018 0.4017614655218791 95
0.24577781282539632 0.05158860526399489 40
0.060870027477344 0.18587037772960965 95
0.25303651966493845 0.11221928839453371 40
