0.2637649246487125 1.0 95
0.2846434382748868 0.904475094498211 95
0.20863818232210937 0.8180557832111254 95
0.22561377029864677 0.7464302023612384 95
0.12251260754346391 0.6803237504702667 95
0.1968828418889481 0.6270124550014176 95
0.10105840880742888 0.5737410636223605 95
0.16273835929918953 0.5309950151016642 95
0.09995291449356603 0.4867982660065866 95
0.17232815804250384 0.4502429456484546 95
0.12358159430118698 0.4140574583257316 95
0.12498908521394748 0.3837079818891484 95
0.07371278044607317 0.3536960869124265 95
0.14482706468910334 0.32727150965816465 95
0.17123998435935764 0.30170915210038457 95
0.15463818080786726 0.27853231325580347 95
0.13002142153014878 0.25608899405417246 95
0.07082696505525757 0.2341060281576028 95
0.03194591649558264 0.21393945188471888 95
0.08114392497661582 0.19502726425338143 95
0.04791241401384037 0.17699955029254222 95
0.0 0.15944838284057616 95
1.0 0.15765733730345485 95
0.14561158394370785 0.13014763657965037 95
0.19277613672517716 0.11593338274461328 95
0.3221919079302389 0.10371744862475539 95
0.3839146466129156 0.09123906655350887 95
0.36402130560342494 0.07781000380029113 95
0.4362231973105595 0.0660985427620237 95
0.5547215593805903 0.05376150264175602 95
0.5542363332703651 0.042821047262197695 95
0.6621248038068915 0.03154168457805098 95
0.6401760294852634 0.01955243801603922 95
0.7196467505117883 0.009970644810408531 95
0.8239640417290617 0.0 95
0.2637649246487125 1.0 40
0.2846434382748868 0.904475094498211 40
0.20863818232210937 0.8180557832111254 40
0.22561377029864677 0.7464302023612384 40
0.12251260754346391 0.6803237504702667 40
0.1968828418889481 0.6270124550014176 40
0.10105840880742888 0.5737410636223605 40
0.16273835929918953 0.5309950151016642 40
0.09995291449356603 0.4867982660065866 40
0.17232815804250384 0.4502429456484546 40
0.12358159430118698 0.4140574583257316 40
0.12498908521394748 0.3837079818891484 40
0.07371278044607317 0.3536960869124265 40
0.14482706468910334 0.32727150965816465 40
0.17123998435935764 0.30170915210038457 40
0.15463818080786726 0.27853231325580347 40
0.13002142153014878 0.25608899405417246 40
0.07082696505525757 0.2341060281576028 40
0.03194591649558264 0.21393945188471888 40
0.08114392497661582 0.19502726425338143 40
0.04791241401384037 0.17699955029254222 40
0.0 0.15944838284057616 40
1.0 0.15765733730345485 40
0.14561158394370785 0.13014763657965037 40
0.19277613672517716 0.11593338274461328 40
0.3221919079302389 0.10371744862475539 40
0.3839146466129156 0.09123906655350887 40
0.36402130560342494 0.07781000380029113 40
0.4362231973105595 0.0660985427620237 40
0.5547215593805903 0.05376150264175602 40
0.5542363332703651 0.042821047262197695 40
0.6621248038068915 0.03154168457805098 40
0.6401760294852634 0.01955243801603922 40
0.7196467505117883 0.009970644810408531 40
0.8239640417290617 0.0 40
0.20863818232210937 0.8180557832111254 40
0.17123998435935764 0.30170915210038457 95
0.12358159430118698 0.4140574583257316 95
0.17232815804250384 0.4502429456484546 95
0.07082696505525757 0.2341060281576028 95
0.15463818080786726 0.27853231325580347 40
0.7196467505117883 0.009970644810408531 40
0.12498908521394748 0.3837079818891484 95
0.36402130560342494 0.07781000380029113 95
0.19277613672517716 0.11593338274461328 40
0.12358159430118698 0.4140574583257316 95
0.5542363332703651 0.042821047262197695 95
0.3839146466129156 0.09123906655350887 40
0.12358159430118698 0.4140574583257316 40
0.03194591649558264 0.21393945188471888 40
0.8239640417290617 0.0 40
0.16273835929918953 0.5309950151016642 95
0.15463818080786726 0.27853231325580347 40
0.12251260754346391 0.6803237504702667 95
0.08114392497661582 0.19502726425338143 40
0.3221919079302389 0.10371744862475539 95
1.0 0.15765733730345485 95
0.17232815804250384 0.4502429456484546 95
0.08114392497661582 0.19502726425338143 40
0.2846434382748868 0.904475094498211 40
0.07371278044607317 0.3536960869124265 40
0.6401760294852634 0.01955243801603922 95
0.6621248038068915 0.03154168457805098 95
0.19277613672517716 0.11593338274461328 40
0.12251260754346391 0.6803237504702667 95
0.15463818080786726 0.27853231325580347 40
0.2637649246487125 1.0 95
1.0 0.15765733730345485 40
0.19277613672517716 0.11593338274461328 95
0.10105840880742888 0.5737410636223605 95
0.1968828418889481 0.6270124550014176 40
0.5547215593805903 0.05376150264175602 95
0.17123998435935764 0.30170915210038457 40
0.17123998435935764 0.30170915210038457 40
0.17232815804250384 0.4502429456484546 40
0.14482706468910334 0.32727150965816465 40
0.16273835929918953 0.5309950151016642 95
0.22561377029864677 0.7464302023612384 40
0.6401760294852634 0.01955243801603922 95
0.5542363332703651 0.042821047262197695 95
0.13002142153014878 0.25608899405417246 40
0.12498908521394748 0.3837079818891484 95
0.5547215593805903 0.05376150264175602 95
0.07371278044607317 0.3536960869124265 40
0.07082696505525757 0.2341060281576028 40
0.3221919079302389 0.10371744862475539 40
0.15463818080786726 0.27853231325580347 95
0.12498908521394748 0.3837079818891484 40
0.5547215593805903 0.05376150264175602 40
0.19277613672517716 0.11593338274461328 40
0.16273835929918953 0.5309950151016642 40
0.6401760294852634 0.01955243801603922 40
0.09995291449356603 0.4867982660065866 40
