0.08487266758301447 0.0 95
0.08491331816176201 0.006100099380362347 95
0.08589623630219825 0.0105837040282427 95
0.08538375915429497 0.014923452713029427 95
0.08531820154818673 0.0193882281856458 95
0.07854710003689193 0.0256488652815671 95
0.07902713453774367 0.02947012340394397 95
0.07814533404775302 0.034431995838168625 95
0.07970029394522636 0.040175053366879716 95
0.0792919725211757 0.04581804524073836 95
0.07827151051937381 0.05033513071865723 95
0.0768913750155713 0.055301223130738715 95
0.0779815743084352 0.061309067310122506 95
0.07663979890034922 0.06648936465260617 95
0.07642894240118162 0.07251380499134877 95
0.07629151470104081 0.07778047414548034 95
0.0759253475146989 0.08376330658080391 95
0.0739022839538261 0.0881723418781154 95
0.07015745424859003 0.09430516061129496 95
0.07275761866632091 0.09991636594338797 95
0.07251521335591192 0.10616867021499607 95
0.07181886503273006 0.11225392554051417 95
0.07185433192495755 0.11839831190495752 95
0.06988838330064255 0.12465047522821772 95
0.06958935612737183 0.1315742849504306 95
0.06949750145863814 0.13934652639351755 95
0.06891072983029017 0.14642459731021285 95
0.06818794251413465 0.1542012970832896 95
0.06483739848779502 0.16049055000569987 95
0.06683125375785293 0.16954858549529897 95
0.06312144201617931 0.17697300121603313 95
0.06433909281035882 0.18596869751909517 95
0.05943774156938931 0.19402483932784081 95
0.05881520921907668 0.20338264950630866 95
0.0621846206417389 0.2134374638553123 95
0.05559557130972717 0.22300724867030203 95
0.059019599116620365 0.23415799458921013 95
0.05875031552293506 0.24523753931653952 95
0.057914453876986745 0.2569172133151152 95
0.05242701543465685 0.26934712509550274 95
0.05109998009131639 0.2826891922179473 95
0.049042375296244146 0.29674049110137946 95
0.04891283779625189 0.31106196202252884 95
0.043579289963827095 0.32691935437512853 95
0.042210855687386445 0.343668781541099 95
0.04373531786726012 0.36256945775648725 95
0.04247410813108008 0.3819674537513964 95
0.03577861172979542 0.4033465121619531 95
0.03645891769753907 0.42635125127276874 95
0.030706135532471868 0.45134868984114507 95
0.03364896808810885 0.478446617317712 95
0.0271732507875819 0.5095285771022926 95
0.02564639690429041 0.542354792072743 95
0.022227776921179793 0.5809223283402699 95
0.01696329844139777 0.6238247728867738 95
0.016521186880808267 0.6714061669561678 95
0.015433807915402834 0.7249366485764974 95
0.010163037354076764 0.7875091117360132 95
0.01091920496873122 0.8615996200677225 95
0.0 0.9518325810486261 95
0.06382034958436084 0.992475901043767 95
0.16849069866355565 0.9926020146049174 95
0.27634088065224294 0.9938731656559583 95
0.38233006027330757 0.995202448239909 95
0.4851116668668139 0.9971444279034413 95
0.5868055943371947 0.9983769631820837 95
0.693019560143754 1.0 95
0.7965081525018174 0.9973552456270682 95
0.8965656562739454 0.9968183024504363 95
1.0 0.9961926296722584 95
0.0 0.0 40
0.0006426293966267746 0.006504573791072629 40
0.001810880713841404 0.01278170142228909 40
0.22962586437968352 0.01751169055685056 40
0.234596832632979 0.021962322752334486 40
0.23350623681891894 0.02789561190212579 40
0.23192695730492954 0.03134284003204482 40
0.23489251698481423 0.03794141727504575 40
0.23368871365204627 0.04304728193482741 40
0.23300886838351384 0.04710235659166424 40
0.2334206950144694 0.052520802415585696 40
0.23256384559774498 0.05681274343305054 40
0.23381029846999923 0.0631047788426933 40
0.23480418130634226 0.06742129141012401 40
0.2349381599442322 0.07328427480352703 40
0.23602553243112348 0.07830072198359407 40
0.23487105857183485 0.08411432551972597 40
0.23673843699007593 0.08975777459177997 40
0.23838423148077484 0.09594528767028078 40
0.23681330820618274 0.10071916807579961 40
0.24009273599333708 0.1075036098701553 40
0.23931324970895057 0.1131349018260046 40
0.2385056819149872 0.11883547649097671 40
0.23850106173957666 0.12470462652174659 40
0.24084031897588282 0.13135688615577829 40
0.2428382297428518 0.13908796494676579 40
0.24129585193830816 0.14520796612117384 40
0.24172144573564738 0.15234714035970992 40
0.24107470518211915 0.1591378555137155 40
0.2429243954008588 0.16701651117885197 40
0.2460590853280869 0.17548286332767973 40
0.24464283749196847 0.18357940652442503 40
0.2437392873019689 0.19144997434168742 40
0.24631135811813334 0.20070233274703417 40
0.24753850720362902 0.2093710090630385 40
0.2487255042593856 0.21916833639821798 40
0.2486711111536206 0.22920335639651288 40
0.25111198243171184 0.239619806594737 40
0.2501412808667668 0.25033419646445954 40
0.25151996378790925 0.2625952068194331 40
0.25064114309565394 0.2747059009317045 40
0.2501302696790568 0.28756192305925293 40
0.2531832281434688 0.3012164624429824 40
0.255124147264766 0.3161029901172953 40
0.25811137752460944 0.33223700271372597 40
0.25936185210889334 0.3491438419606451 40
0.26120320008907616 0.3673471820648277 40
0.2617116252625575 0.38701683419434635 40
0.25980818612749046 0.40832001679533997 40
0.2636707214243778 0.43122425941838266 40
0.2667126863705302 0.4566537950755325 40
0.26722680732603743 0.48424848708276286 40
0.2718425749829547 0.5157562576436777 40
0.2740865644092897 0.548363229553821 40
0.27805249729394205 0.585714208184684 40
0.283170913088493 0.6297108069249283 40
0.2916234783214629 0.6775385708254927 40
0.2974901624184551 0.7314419231218158 40
0.30674064413567304 0.7939548764916577 40
0.31238431658731675 0.8715165044408549 40
0.32657130755892555 0.9600441630060892 40
0.3846763601339801 0.9992047676516788 40
0.47432482185953617 1.0 40
0.5644401182018922 0.9963197814078564 40
0.6542440962384749 0.9931827752772708 40
0.7421328979368051 0.9937501930537158 40
0.8269084625042329 0.9937129494409663 40
0.9155372577967479 0.9934527283680589 40
1.0 0.9931718990110178 40
0.06891072983029017 0.14642459731021285 95
0.25811137752460944 0.33223700271372597 40
0.08487266758301447 0.0 95
0.4851116668668139 0.9971444279034413 95
0.2486711111536206 0.22920335639651288 40
0.2487255042593856 0.21916833639821798 40
0.0768913750155713 0.055301223130738715 95
0.32657130755892555 0.9600441630060892 40
0.07827151051937381 0.05033513071865723 95
0.04373531786726012 0.36256945775648725 95
0.23350623681891894 0.02789561190212579 40
0.2636707214243778 0.43122425941838266 40
0.23350623681891894 0.02789561190212579 40
0.24464283749196847 0.18357940652442503 40
0.255124147264766 0.3161029901172953 40
0.25064114309565394 0.2747059009317045 40
0.06483739848779502 0.16049055000569987 95
0.06483739848779502 0.16049055000569987 95
0.010163037354076764 0.7875091117360132 95
0.23681330820618274 0.10071916807579961 40
0.016521186880808267 0.6714061669561678 95
0.015433807915402834 0.7249366485764974 95
0.03645891769753907 0.42635125127276874 95
0.693019560143754 1.0 95
0.07902713453774367 0.02947012340394397 95
0.25936185210889334 0.3491438419606451 40
0.07629151470104081 0.07778047414548034 95
0.24009273599333708 0.1075036098701553 40
0.2501302696790568 0.28756192305925293 40
0.05875031552293506 0.24523753931653952 95
0.27634088065224294 0.9938731656559583 95
0.049042375296244146 0.29674049110137946 95
0.05943774156938931 0.19402483932784081 95
0.0 0.9518325810486261 95
0.2916234783214629 0.6775385708254927 40
0.5868055943371947 0.9983769631820837 95
0.01696329844139777 0.6238247728867738 95
0.23480418130634226 0.06742129141012401 40
0.05875031552293506 0.24523753931653952 95
0.07015745424859003 0.09430516061129496 95
0.07970029394522636 0.040175053366879716 95
0.06382034958436084 0.992475901043767 95
0.04373531786726012 0.36256945775648725 95
0.23673843699007593 0.08975777459177997 40
0.6542440962384749 0.9931827752772708 40
0.07181886503273006 0.11225392554051417 95
0.283170913088493 0.6297108069249283 40
0.23931324970895057 0.1131349018260046 40
0.05109998009131639 0.2826891922179473 95
0.06483739848779502 0.16049055000569987 95
0.3846763601339801 0.9992047676516788 40
0.07185433192495755 0.11839831190495752 95
0.08589623630219825 0.0105837040282427 95
0.001810880713841404 0.01278170142228909 40
0.2429243954008588 0.16701651117885197 40
0.2531832281434688 0.3012164624429824 40
0.06891072983029017 0.14642459731021285 95
0.04373531786726012 0.36256945775648725 95
0.22962586437968352 0.01751169055685056 40
0.08491331816176201 0.006100099380362347 95
0.2385056819149872 0.11883547649097671 40
0.0779815743084352 0.061309067310122506 95
0.06891072983029017 0.14642459731021285 95
0.03577861172979542 0.4033465121619531 95
0.693019560143754 1.0 95
0.2334206950144694 0.052520802415585696 40
0.23681330820618274 0.10071916807579961 40
0.3846763601339801 0.9992047676516788 40
0.23368871365204627 0.04304728193482741 40
0.05559557130972717 0.22300724867030203 95
0.25936185210889334 0.3491438419606451 40
0.03364896808810885 0.478446617317712 95
0.2617116252625575 0.38701683419434635 40
0.06483739848779502 0.16049055000569987 95
0.010163037354076764 0.7875091117360132 95
0.283170913088493 0.6297108069249283 40
0.2349381599442322 0.07328427480352703 40
0.23931324970895057 0.1131349018260046 40
0.07181886503273006 0.11225392554051417 95
0.07629151470104081 0.07778047414548034 95
0.16849069866355565 0.9926020146049174 95
0.08531820154818673 0.0193882281856458 95
0.0739022839538261 0.0881723418781154 95
0.07275761866632091 0.09991636594338797 95
0.23480418130634226 0.06742129141012401 40
0.24129585193830816 0.14520796612117384 40
0.05242701543465685 0.26934712509550274 95
0.23381029846999923 0.0631047788426933 40
0.03364896808810885 0.478446617317712 95
0.0759253475146989 0.08376330658080391 95
0.23256384559774498 0.05681274343305054 40
0.2916234783214629 0.6775385708254927 40
0.04247410813108008 0.3819674537513964 95
0.234596832632979 0.021962322752334486 40
0.2501412808667668 0.25033419646445954 40
0.23838423148077484 0.09594528767028078 40
0.043579289963827095 0.32691935437512853 95
0.04247410813108008 0.3819674537513964 95
0.2385056819149872 0.11883547649097671 40
0.08487266758301447 0.0 95
0.08589623630219825 0.0105837040282427 95
0.0779815743084352 0.061309067310122506 95
0.3846763601339801 0.9992047676516788 40
0.07970029394522636 0.040175053366879716 95
0.06683125375785293 0.16954858549529897 95
0.23931324970895057 0.1131349018260046 40
0.07902713453774367 0.02947012340394397 95
0.31238431658731675 0.8715165044408549 40
0.3846763601339801 0.9992047676516788 40
0.06818794251413465 0.1542012970832896 95
0.03364896808810885 0.478446617317712 95
0.043579289963827095 0.32691935437512853 95
0.01696329844139777 0.6238247728867738 95
0.8965656562739454 0.9968183024504363 95
0.2385056819149872 0.11883547649097671 40
0.2636707214243778 0.43122425941838266 40
0.01696329844139777 0.6238247728867738 95
