0.08287542554290778 0.0 95
0.08323181827316026 0.004951205553098487 95
0.08204501609472276 0.00934436175195057 95
0.08318426922601095 0.01551629137501176 95
0.08617723152329684 0.0196875585506128 95
0.088186241146235 0.024919879733094744 95
0.07915916347330101 0.029452397679724723 95
0.08009280925710566 0.03528077359274947 95
0.0778629880907572 0.03972583224541111 95
0.07848891760271205 0.04463766658292952 95
0.07578086144487547 0.04908836699757875 95
0.07763937153478927 0.05588607961658103 95
0.07509616847222705 0.06021958625746004 95
0.07345735608519312 0.06494082975279922 95
0.07534800699641843 0.07122465434350393 95
0.07547527848189862 0.0772167714150532 95
0.06967408210873793 0.08147201085331814 95
0.07220993413138516 0.0884936488050061 95
0.07088339034970086 0.0928209785549865 95
0.07294154767170949 0.09957345742571681 95
0.07400038328008465 0.10614742500395132 95
0.07239708439349712 0.1119178279793846 95
0.06947667000499044 0.11783573270489033 95
0.07172050341228915 0.12435827067822042 95
0.06920131489115967 0.13055216195057076 95
0.06649727210597954 0.13728006805540752 95
0.06598553468785175 0.1450106238847211 95
0.06915143110322437 0.15261993437631766 95
0.06609112459764546 0.15956781082706736 95
0.06773548063496095 0.16765423544447206 95
0.06215319684053776 0.17536052654882478 95
0.06229334116714563 0.1839334460334955 95
0.06107962156317681 0.19237595801005702 95
0.05846456676680706 0.2013343124286544 95
0.057438468721997246 0.21046118650806578 95
0.055529749605965475 0.22078729252793627 95
0.0557332966956452 0.2315204951002211 95
0.05214789751070928 0.24185820479008652 95
0.05317713465499451 0.2530765714577083 95
0.05127927147814683 0.2653773352773514 95
0.05159888831061993 0.2785596146364251 95
0.04599822626437259 0.29177959692440597 95
0.04402247778953149 0.3064356016787499 95
0.046343408457407725 0.32201908337901886 95
0.045120569590826484 0.3376874545457403 95
0.037214136425238305 0.35589621786362075 95
0.04041378840491942 0.3748477907909102 95
0.03615666064385077 0.39600630740365506 95
0.032236513690641524 0.41713725112258687 95
0.02894767791571143 0.4427018031394339 95
0.025369851519229995 0.4692185557777692 95
0.02519774418870828 0.4962877536767381 95
0.022834759947126654 0.5291689862608614 95
0.016090457178428552 0.5659244364431516 95
0.017234466469167223 0.6048540785687397 95
0.01493146619377095 0.651540529183285 95
0.01190988576214394 0.7027135034290752 95
0.007581792744553591 0.7615460529968406 95
0.005769723852117774 0.829378222925578 95
0.0 0.9135740528947959 95
0.018090600251076297 0.9916250536897043 95
0.12508118576083438 0.9935751929352469 95
0.2389179576091673 0.9944025881344192 95
0.3461769726799454 0.9961234296308733 95
0.45446036333383005 0.9976206922172973 95
0.5615583196942843 0.9982617993890147 95
0.6729242520094805 1.0 95
0.7827556475411529 0.9979016658542017 95
0.8875613190866916 0.9985824379424612 95
1.0 0.9977899649517635 95
0.0 0.0 40
0.002448551199414186 0.005227092598617157 40
0.003103294122172552 0.01289141276532416 40
0.2379135895969991 0.017263429007866548 40
0.23852415173840044 0.02276578945328173 40
0.24382495710176375 0.027022126336218193 40
0.24155004627485965 0.03231919622898266 40
0.24194877723508626 0.03615036507474581 40
0.24264679870256187 0.041401579576161654 40
0.2407215157968586 0.04620113840442289 40
0.24187562324864412 0.05207294506150756 40
0.24306155606941984 0.05690830324574277 40
0.24399752707066416 0.06304878846326925 40
0.24415868504506746 0.0680922957049952 40
0.24393101003832426 0.07254469655076037 40
0.2441605378638771 0.07824586530070855 40
0.24601394307131733 0.08427243870844305 40
0.24593269245053137 0.08982159849201173 40
0.24608118132057702 0.09490621047725424 40
0.2460106082107609 0.09997587268735925 40
0.2472237964958988 0.10669043000000163 40
0.24647532387047794 0.11158281078713787 40
0.24884102772172034 0.11828542973509866 40
0.24826710932032103 0.12370332398362387 40
0.24906041999672 0.13029167512290019 40
0.25032442785860337 0.13658101224171385 40
0.25213820556164257 0.1445418050823764 40
0.24964484827726122 0.15092936217862032 40
0.2523862585924755 0.1582579561339932 40
0.2521851900896366 0.16506724701278805 40
0.25450034259051185 0.17376456497941944 40
0.2567112599264575 0.1817482993701875 40
0.25583478382997815 0.1900759535618321 40
0.2556888572508321 0.19802499077305838 40
0.25641444303961547 0.20720144638138815 40
0.2576267225892518 0.2166742253095621 40
0.2561875729662806 0.22588405408272463 40
0.25718805205883577 0.23622208591067576 40
0.25936437411940566 0.24714962670419383 40
0.2622167309174988 0.25817700717443437 40
0.26310405055264274 0.27068611504314527 40
0.2622110042154636 0.2831635085310983 40
0.2639646871724045 0.296607650674772 40
0.2656567905171912 0.3109868525438804 40
0.265809882291205 0.3260457204593663 40
0.2677348902784876 0.34246897289644557 40
0.26332904955443065 0.36107899573147184 40
0.2708329047848458 0.37927924804978713 40
0.2681273563618191 0.3995907131947019 40
0.271252538984128 0.4210621244795416 40
0.2758219006645656 0.4467120248908718 40
0.27562691088399205 0.47244987179616793 40
0.28041384731776714 0.501917295878868 40
0.28214817069710885 0.534938384471512 40
0.28716294823783994 0.5706285415701899 40
0.2908881160026788 0.6111543339562481 40
0.29886715028358823 0.6564837484322017 40
0.3054339747875248 0.7076899325098414 40
0.316652861547853 0.7674302292900937 40
0.3218771802300412 0.837925574376553 40
0.33321746599797797 0.9229476857738683 40
0.36339178791819304 1.0 40
0.45547170540895926 0.9986078626477617 40
0.5469098351973612 0.9988722283818423 40
0.6403210926653604 0.9929261453203948 40
0.7337253858852174 0.9922477128499491 40
0.8222381078309319 0.9927079406870579 40
0.9095260277058439 0.9934515742031613 40
1.0 0.9922971884158801 40
0.07915916347330101 0.029452397679724723 95
0.25213820556164257 0.1445418050823764 40
0.07578086144487547 0.04908836699757875 95
0.0 0.9135740528947959 95
0.04402247778953149 0.3064356016787499 95
0.271252538984128 0.4210621244795416 40
0.07509616847222705 0.06021958625746004 95
0.6729242520094805 1.0 95
0.2567112599264575 0.1817482993701875 40
0.6729242520094805 1.0 95
0.06229334116714563 0.1839334460334955 95
0.2379135895969991 0.017263429007866548 40
0.0 0.9135740528947959 95
0.06649727210597954 0.13728006805540752 95
0.24826710932032103 0.12370332398362387 40
0.06215319684053776 0.17536052654882478 95
0.057438468721997246 0.21046118650806578 95
0.24393101003832426 0.07254469655076037 40
0.0557332966956452 0.2315204951002211 95
0.24415868504506746 0.0680922957049952 40
0.08323181827316026 0.004951205553098487 95
0.0557332966956452 0.2315204951002211 95
0.08617723152329684 0.0196875585506128 95
0.01493146619377095 0.651540529183285 95
0.07509616847222705 0.06021958625746004 95
0.25583478382997815 0.1900759535618321 40
0.08323181827316026 0.004951205553098487 95
0.055529749605965475 0.22078729252793627 95
0.016090457178428552 0.5659244364431516 95
0.057438468721997246 0.21046118650806578 95
0.6729242520094805 1.0 95
0.2441605378638771 0.07824586530070855 40
0.07172050341228915 0.12435827067822042 95
0.24393101003832426 0.07254469655076037 40
1.0 0.9977899649517635 95
0.07915916347330101 0.029452397679724723 95
0.03615666064385077 0.39600630740365506 95
0.025369851519229995 0.4692185557777692 95
0.45446036333383005 0.9976206922172973 95
0.25032442785860337 0.13658101224171385 40
0.7337253858852174 0.9922477128499491 40
0.08287542554290778 0.0 95
0.24884102772172034 0.11828542973509866 40
0.2622167309174988 0.25817700717443437 40
0.07294154767170949 0.09957345742571681 95
0.8222381078309319 0.9927079406870579 40
0.23852415173840044 0.02276578945328173 40
0.06947667000499044 0.11783573270489033 95
0.2908881160026788 0.6111543339562481 40
0.06915143110322437 0.15261993437631766 95
0.2656567905171912 0.3109868525438804 40
0.2656567905171912 0.3109868525438804 40
0.06598553468785175 0.1450106238847211 95
0.27562691088399205 0.47244987179616793 40
0.07172050341228915 0.12435827067822042 95
0.26310405055264274 0.27068611504314527 40
0.08287542554290778 0.0 95
0.26310405055264274 0.27068611504314527 40
0.016090457178428552 0.5659244364431516 95
0.07763937153478927 0.05588607961658103 95
0.25032442785860337 0.13658101224171385 40
0.25450034259051185 0.17376456497941944 40
0.0 0.0 40
0.01190988576214394 0.7027135034290752 95
0.06915143110322437 0.15261993437631766 95
0.9095260277058439 0.9934515742031613 40
0.2523862585924755 0.1582579561339932 40
0.06947667000499044 0.11783573270489033 95
0.316652861547853 0.7674302292900937 40
0.2639646871724045 0.296607650674772 40
0.3461769726799454 0.9961234296308733 95
0.022834759947126654 0.5291689862608614 95
0.05127927147814683 0.2653773352773514 95
0.24399752707066416 0.06304878846326925 40
0.7827556475411529 0.9979016658542017 95
0.07220993413138516 0.0884936488050061 95
0.05846456676680706 0.2013343124286544 95
0.2681273563618191 0.3995907131947019 40
0.005769723852117774 0.829378222925578 95
0.06967408210873793 0.08147201085331814 95
0.06915143110322437 0.15261993437631766 95
0.2758219006645656 0.4467120248908718 40
0.2561875729662806 0.22588405408272463 40
0.2521851900896366 0.16506724701278805 40
0.06107962156317681 0.19237595801005702 95
0.07915916347330101 0.029452397679724723 95
0.07172050341228915 0.12435827067822042 95
0.2576267225892518 0.2166742253095621 40
0.007581792744553591 0.7615460529968406 95
0.33321746599797797 0.9229476857738683 40
0.06947667000499044 0.11783573270489033 95
0.24906041999672 0.13029167512290019 40
0.25936437411940566 0.24714962670419383 40
0.07578086144487547 0.04908836699757875 95
0.2708329047848458 0.37927924804978713 40
0.5615583196942843 0.9982617993890147 95
0.2681273563618191 0.3995907131947019 40
0.06598553468785175 0.1450106238847211 95
0.2567112599264575 0.1817482993701875 40
0.2441605378638771 0.07824586530070855 40
0.24884102772172034 0.11828542973509866 40
0.26332904955443065 0.36107899573147184 40
0.0 0.0 40
0.25450034259051185 0.17376456497941944 40
0.28716294823783994 0.5706285415701899 40
0.088186241146235 0.024919879733094744 95
0.06915143110322437 0.15261993437631766 95
0.29886715028358823 0.6564837484322017 40
0.24155004627485965 0.03231919622898266 40
0.24415868504506746 0.0680922957049952 40
0.06229334116714563 0.1839334460334955 95
0.8875613190866916 0.9985824379424612 95
0.8875613190866916 0.9985824379424612 95
0.04041378840491942 0.3748477907909102 95
0.45547170540895926 0.9986078626477617 40
0.02894767791571143 0.4427018031394339 95
0.24593269245053137 0.08982159849201173 40
