0.08035470130878833 0.0 95
0.08204701391984016 0.0036900459728007626 95
0.08171628206729636 0.00803407854308093 95
0.08261911829765567 0.014693322503705858 95
0.0836403844514185 0.018512906099898863 95
0.0770621731856323 0.024801716799360277 95
0.07631477077084298 0.029454316457667162 95
0.07651761240566465 0.03476628010861899 95
0.07373690649661344 0.038203514734151345 95
0.07449655660118808 0.044436764248440425 95
0.07503837963353588 0.04920531786816583 95
0.07213605551418634 0.053922123503349816 95
0.07306336250244742 0.060299378348568286 95
0.07115058796780008 0.06504856722108775 95
0.07066706338747289 0.07048282901492672 95
0.0697288172319387 0.07571436081022706 95
0.07029763062508952 0.08191833208550293 95
0.07085725972499712 0.08810570650293173 95
0.06945461147720636 0.0939901209584149 95
0.06855003043356128 0.09952160293684781 95
0.06803768468536026 0.10594068908329385 95
0.06819377874552185 0.11236439442079191 95
0.06856954674162169 0.1186120179368935 95
0.06590273775215971 0.12455913851251582 95
0.06772578771246585 0.13223668098857846 95
0.06317762500178484 0.13816365875439648 95
0.0632929784786489 0.14526662711753452 95
0.06390225782220832 0.15350329507973207 95
0.06083137708029193 0.16035664921103454 95
0.0607950827268979 0.1686191480369229 95
0.06157093822860428 0.17774904918981024 95
0.05899986787265847 0.18616442599445354 95
0.05896184777814351 0.19482454133582067 95
0.058558688932527074 0.20381005943626268 95
0.058885905268217645 0.21396573342089664 95
0.056240979971163244 0.22421378864006394 95
0.055269923819206264 0.23519687325434424 95
0.053357536231897415 0.24521478583974632 95
0.04964056661934733 0.25749674327294064 95
0.04820447552946819 0.2698207816567781 95
0.04779097236906485 0.28319260242290556 95
0.043424895984776286 0.2974293021888865 95
0.043184390451430965 0.3124836744246933 95
0.04087229481627535 0.3286897732242167 95
0.040501033764659404 0.3459653691174558 95
0.03968117749506633 0.36426113495093443 95
0.0360075489674362 0.3848807801988194 95
0.03516683313386119 0.4062669909062783 95
0.03002106449628656 0.4288082480319802 95
0.027624793109640604 0.45476519969893153 95
0.024799688086685645 0.4827539584100681 95
0.02255471751818918 0.513629472443932 95
0.022217857622163096 0.5476205448512286 95
0.0219560178383957 0.5855591018844029 95
0.011788592491268048 0.6297269798819005 95
0.014224757397119743 0.6780386315751414 95
0.012936012608882316 0.733556067317754 95
0.00956185437012723 0.7969594001698028 95
0.001032432398783652 0.8743103895846257 95
0.0 0.964063319020766 95
0.0723098896506482 0.994164685690064 95
0.17453892643797914 0.9960280971308665 95
0.2826030574446356 0.9975692832976895 95
0.3830055409059311 0.9988253348197149 95
0.4882026208688227 0.9994025229836645 95
0.5924380144511692 0.9982500682397694 95
0.6964769540319389 0.9993668227318001 95
0.796992212528298 0.9995950513092757 95
0.8973156155684961 1.0 95
1.0 0.9994546040890934 95
0.0 0.0 40
0.0030603759082328957 0.005886163105882983 40
0.0025617436448699413 0.012825258011088575 40
0.23940704995162954 0.017336956672532242 40
0.23989911859428054 0.021345538440102695 40
0.24481928803305444 0.02607882510581055 40
0.2423604816404527 0.031259477238134326 40
0.24318405918579536 0.03658821793880557 40
0.2438984463534404 0.041135347712863306 40
0.24366922606529864 0.047262043478285984 40
0.24374015398004312 0.05194136020355372 40
0.24385100001957793 0.056302621356577626 40
0.24353446368125217 0.0619190493527181 40
0.24597615193454 0.06795140133453632 40
0.24503892938451077 0.07272051818125773 40
0.24711851932572912 0.07888845038490942 40
0.24571535014413678 0.08355220857798207 40
0.24689978152393968 0.0895558491954125 40
0.24671361037068995 0.09447136312887959 40
0.24996628225656578 0.10099841646844179 40
0.24775198513477842 0.10625607118119153 40
0.2480224606148397 0.11165466858348601 40
0.24851688938948308 0.11751459972164913 40
0.25279522713222335 0.12476739783686028 40
0.25165908658312874 0.1302696632623867 40
0.25350198333031126 0.13702250543324124 40
0.2545879868576539 0.1444522166060694 40
0.25169453126329566 0.1504729946285548 40
0.2550630635401989 0.15846697538112883 40
0.25429435138042344 0.16530570053678234 40
0.25539674185478645 0.17341085755586413 40
0.2544774069573746 0.1807053155407059 40
0.2556286587566079 0.18964538874506937 40
0.2555788894898349 0.1974418450058425 40
0.25826311944572894 0.20675232529738496 40
0.255807420175094 0.2159102193147711 40
0.25886172559901116 0.22564461810200703 40
0.2609366582631716 0.23603728513800007 40
0.2595770818534296 0.24656157398201559 40
0.26249767443558253 0.25797027062900624 40
0.2604680536559594 0.26992655442415653 40
0.26208236924065087 0.2825651288860926 40
0.26189015497468626 0.29635365372172845 40
0.2640029116657174 0.3103336924531112 40
0.26444502192492586 0.3257915814969119 40
0.26922950925612055 0.3421882308776434 40
0.26627738137402096 0.36054197521675324 40
0.2717730670299468 0.37846122945736743 40
0.2708754274410303 0.39855825986910814 40
0.27653906191382804 0.42064967653565133 40
0.2762803436317969 0.445874531126148 40
0.2766878530054264 0.4718423708967396 40
0.2822610798781954 0.4999102028404781 40
0.2825576128292583 0.5328086717357097 40
0.2883029341520298 0.5681470589471407 40
0.2965860411991587 0.6080528504798747 40
0.2982503945026491 0.6547699692381295 40
0.304551929469119 0.7058354199020122 40
0.31421980213664363 0.7649293323590823 40
0.32415218606871493 0.83445589086612 40
0.33476370608745815 0.9184628860756777 40
0.3613703906234471 1.0 40
0.45170169083087436 0.9989613778659201 40
0.5446757709000494 0.9995763568389424 40
0.641036198521826 0.9933102098819142 40
0.730845597683901 0.9927028244404866 40
0.8221411857816706 0.9928251311975842 40
0.9121482770711409 0.9930655814782992 40
1.0 0.9924749362284345 40
0.05899986787265847 0.18616442599445354 95
0.2826030574446356 0.9975692832976895 95
0.5446757709000494 0.9995763568389424 40
0.5446757709000494 0.9995763568389424 40
0.2423604816404527 0.031259477238134326 40
0.2762803436317969 0.445874531126148 40
0.24503892938451077 0.07272051818125773 40
0.07306336250244742 0.060299378348568286 95
0.04779097236906485 0.28319260242290556 95
0.0360075489674362 0.3848807801988194 95
0.06855003043356128 0.09952160293684781 95
0.0 0.964063319020766 95
0.17453892643797914 0.9960280971308665 95
0.17453892643797914 0.9960280971308665 95
0.06590273775215971 0.12455913851251582 95
0.2480224606148397 0.11165466858348601 40
0.011788592491268048 0.6297269798819005 95
0.07085725972499712 0.08810570650293173 95
0.07373690649661344 0.038203514734151345 95
0.24996628225656578 0.10099841646844179 40
0.058885905268217645 0.21396573342089664 95
0.26922950925612055 0.3421882308776434 40
0.25539674185478645 0.17341085755586413 40
0.2766878530054264 0.4718423708967396 40
0.2640029116657174 0.3103336924531112 40
0.055269923819206264 0.23519687325434424 95
0.0360075489674362 0.3848807801988194 95
0.26444502192492586 0.3257915814969119 40
0.32415218606871493 0.83445589086612 40
0.08261911829765567 0.014693322503705858 95
0.2826030574446356 0.9975692832976895 95
0.2609366582631716 0.23603728513800007 40
0.25539674185478645 0.17341085755586413 40
0.2609366582631716 0.23603728513800007 40
0.06819377874552185 0.11236439442079191 95
0.24775198513477842 0.10625607118119153 40
0.0219560178383957 0.5855591018844029 95
0.27653906191382804 0.42064967653565133 40
0.24571535014413678 0.08355220857798207 40
0.2825576128292583 0.5328086717357097 40
0.001032432398783652 0.8743103895846257 95
0.255807420175094 0.2159102193147711 40
0.08261911829765567 0.014693322503705858 95
0.012936012608882316 0.733556067317754 95
0.058558688932527074 0.20381005943626268 95
0.25279522713222335 0.12476739783686028 40
0.2708754274410303 0.39855825986910814 40
0.23989911859428054 0.021345538440102695 40
0.04779097236906485 0.28319260242290556 95
0.26922950925612055 0.3421882308776434 40
0.24385100001957793 0.056302621356577626 40
0.26189015497468626 0.29635365372172845 40
0.8221411857816706 0.9928251311975842 40
0.03002106449628656 0.4288082480319802 95
0.26249767443558253 0.25797027062900624 40
0.07651761240566465 0.03476628010861899 95
0.0770621731856323 0.024801716799360277 95
0.2480224606148397 0.11165466858348601 40
0.027624793109640604 0.45476519969893153 95
0.043424895984776286 0.2974293021888865 95
0.043424895984776286 0.2974293021888865 95
0.2717730670299468 0.37846122945736743 40
0.07373690649661344 0.038203514734151345 95
0.07373690649661344 0.038203514734151345 95
0.058558688932527074 0.20381005943626268 95
0.0723098896506482 0.994164685690064 95
0.24353446368125217 0.0619190493527181 40
0.9121482770711409 0.9930655814782992 40
0.024799688086685645 0.4827539584100681 95
0.2480224606148397 0.11165466858348601 40
0.730845597683901 0.9927028244404866 40
0.0360075489674362 0.3848807801988194 95
0.2556286587566079 0.18964538874506937 40
0.024799688086685645 0.4827539584100681 95
0.07066706338747289 0.07048282901492672 95
0.730845597683901 0.9927028244404866 40
0.07651761240566465 0.03476628010861899 95
0.001032432398783652 0.8743103895846257 95
0.24597615193454 0.06795140133453632 40
0.9121482770711409 0.9930655814782992 40
0.2604680536559594 0.26992655442415653 40
0.6964769540319389 0.9993668227318001 95
0.03516683313386119 0.4062669909062783 95
0.4882026208688227 0.9994025229836645 95
0.0 0.0 40
0.24671361037068995 0.09447136312887959 40
0.2595770818534296 0.24656157398201559 40
0.04964056661934733 0.25749674327294064 95
0.06856954674162169 0.1186120179368935 95
0.0360075489674362 0.3848807801988194 95
0.024799688086685645 0.4827539584100681 95
0.043424895984776286 0.2974293021888865 95
0.058885905268217645 0.21396573342089664 95
0.04964056661934733 0.25749674327294064 95
0.00956185437012723 0.7969594001698028 95
0.0219560178383957 0.5855591018844029 95
0.23989911859428054 0.021345538440102695 40
0.24503892938451077 0.07272051818125773 40
0.2480224606148397 0.11165466858348601 40
0.27653906191382804 0.42064967653565133 40
0.2717730670299468 0.37846122945736743 40
0.024799688086685645 0.4827539584100681 95
0.2438984463534404 0.041135347712863306 40
0.25826311944572894 0.20675232529738496 40
0.26208236924065087 0.2825651288860926 40
0.07213605551418634 0.053922123503349816 95
0.02255471751818918 0.513629472443932 95
0.24385100001957793 0.056302621356577626 40
0.058885905268217645 0.21396573342089664 95
0.08035470130878833 0.0 95
0.2545879868576539 0.1444522166060694 40
0.2762803436317969 0.445874531126148 40
0.03516683313386119 0.4062669909062783 95
0.796992212528298 0.9995950513092757 95
0.0030603759082328957 0.005886163105882983 40
0.25279522713222335 0.12476739783686028 40
0.304551929469119 0.7058354199020122 40
