0.08259993500740921 0.0 95
0.08309272383226361 0.005475127101631721 95
0.08204675386697576 0.009932297302262475 95
0.08181894083834314 0.013641761081473342 95
0.08506908052024706 0.0188020082059625 95
0.08616096348992268 0.024824957230773454 95
0.07809701591112754 0.028582360902709086 95
0.07920370278274422 0.034710780856677205 95
0.07650736136364283 0.03858390279922467 95
0.07586513278067672 0.043621207615953464 95
0.07477003121431297 0.04898228198050358 95
0.07739459212393048 0.054759146788852645 95
0.07328849729730989 0.059442361845299115 95
0.07365544027834957 0.06512279417459832 95
0.07295937834579948 0.07057683259762985 95
0.07359349286083507 0.07608265883061997 95
0.0716802040864087 0.0817594010588074 95
0.06881956368980967 0.08736861170006413 95
0.07083341980588542 0.09305339193703221 95
0.07200407595429827 0.09970563136289107 95
0.07161969112192813 0.10595283314593679 95
0.07176076114505248 0.11184321657105185 95
0.0718263590891729 0.11833846034976815 95
0.06828042202128097 0.12405795511371943 95
0.07001157980303557 0.13123665392063705 95
0.06751578600015327 0.1377319781986128 95
0.0654922947817237 0.14469700357392967 95
0.0661547499087978 0.15253062332496 95
0.0651634149708978 0.16008725061735804 95
0.06376125196889655 0.16731811139315672 95
0.062357186213214524 0.17548533572859015 95
0.060906151183487675 0.18408289583069135 95
0.061222346648227725 0.19311347418192737 95
0.059311951425942075 0.20221654801216352 95
0.0559881231691479 0.2112114197911488 95
0.054984722288347096 0.2215291450993232 95
0.058976016603222416 0.23245693977457535 95
0.05439242740146726 0.2431357740126732 95
0.05495223792743881 0.2544318216591755 95
0.04850519338416652 0.2664407883825786 95
0.051044358879884615 0.2801937939529583 95
0.04986971259596821 0.29376941789051736 95
0.04761216521701954 0.30834925960124276 95
0.046045282089792604 0.323846304192364 95
0.04412052601656164 0.3399166547913812 95
0.03995278265964512 0.3587862993743293 95
0.03614577009794012 0.37780199827130495 95
0.03212117929412992 0.39835802657697994 95
0.03122114399339519 0.4206592286843466 95
0.029242619884604228 0.4451142710023654 95
0.02560898380203947 0.4719534292017304 95
0.02723649093096076 0.5013789466801948 95
0.01965207330093652 0.5343885548401832 95
0.016173026021187364 0.5713059515937962 95
0.014319855672611306 0.6116714452293173 95
0.013378106644034741 0.6589518260458918 95
0.011467766895466263 0.7103980112392947 95
0.006681059232679861 0.7723405170405008 95
0.006263918230440873 0.8426521699653358 95
0.0 0.9277655800521095 95
0.030069125557739836 0.9938014421296527 95
0.14318846082571568 0.9943090293751007 95
0.24956236249744004 0.9956735119294173 95
0.35621809880175337 0.9976458465840158 95
0.4628620863631256 0.9990686803827081 95
0.5719218693074483 1.0 95
0.6810429182571073 0.9964088469696643 95
0.7852096193211985 0.9978367244462621 95
0.8957118590417859 0.9986448039272269 95
1.0 0.9995545112028844 95
0.0 0.0 40
0.003017486441840594 0.005517734320591722 40
0.0028618240871927784 0.01163936222679329 40
0.2385796262301846 0.017035196691748827 40
0.24009754304902894 0.022221484641030506 40
0.24449866328090078 0.02685164836482904 40
0.24160341633620705 0.03118494186195468 40
0.24290669102605134 0.03643184679843452 40
0.2444745749216019 0.042049525594984614 40
0.24172820546141952 0.04648264375059481 40
0.24291667055171143 0.052353797689170346 40
0.2432110310370342 0.05634064764190891 40
0.24284046214725763 0.06190041083556537 40
0.2431115280159839 0.06667702402430101 40
0.2449779362182599 0.0731531710029928 40
0.24558886810276293 0.07830557896430201 40
0.24468006340812118 0.08330716226427581 40
0.24603297053864487 0.08942364682281792 40
0.24654871312367807 0.09473346194155206 40
0.2460367025452129 0.09957753300307084 40
0.24765789096721302 0.10651744781143502 40
0.24973970451208588 0.11246651697330258 40
0.24949511065954397 0.11822456505450772 40
0.24930819680105482 0.12381061847239061 40
0.25295359163046083 0.13103200535608303 40
0.2535814816618633 0.13752598566024823 40
0.25320743259823564 0.1443997195185397 40
0.2519741721617849 0.15123258990627692 40
0.2531772121545167 0.15825159152176993 40
0.2548418883947768 0.16587356728363087 40
0.2541956807934019 0.17342314197958797 40
0.2575157676147417 0.18174099005395475 40
0.25543182429034156 0.1897344231620944 40
0.2575373132256279 0.1982949174746903 40
0.2554038145818117 0.20653789387178528 40
0.2588918405663679 0.2167764333570846 40
0.2594921957900093 0.22627118743920513 40
0.2572464721400656 0.23604598071652586 40
0.2589841058609971 0.24724330566540167 40
0.26276625091318767 0.25811146425248893 40
0.2633579710732367 0.2705650143894823 40
0.26183947557298265 0.28293134856979263 40
0.26139820643267614 0.29649812532603304 40
0.26583431283079173 0.31086448886797624 40
0.26698626845136214 0.32608749002233717 40
0.26929512428032093 0.34256466289417997 40
0.26467089540115546 0.36082269531817796 40
0.27232747469749086 0.3791959954135684 40
0.2732258187679465 0.3998182078019343 40
0.2758730051570174 0.42135502850065165 40
0.27433858247508325 0.4464227380107429 40
0.27888721282197576 0.4723920587838511 40
0.2825951478800037 0.5014356841570001 40
0.28728865432510237 0.5337023048379119 40
0.2881597128566583 0.5690057209070338 40
0.2914828234996292 0.610232479892401 40
0.30015987812338973 0.6554754257935573 40
0.3072194680474602 0.7068599193579432 40
0.31450612482240514 0.7662018790987721 40
0.32514667923891194 0.8363220523532291 40
0.333778022651608 0.9209107330502827 40
0.36234055285154587 1.0 40
0.4523882012068298 0.9989486104833758 40
0.5464605503258787 0.9988993930153836 40
0.6421629424838146 0.9932990220875354 40
0.7326468901391746 0.9929702054501308 40
0.8184440436749789 0.9931276294094593 40
0.9092499050343169 0.99338418764663 40
1.0 0.9925258613094113 40
0.31450612482240514 0.7662018790987721 40
0.36234055285154587 1.0 40
0.08309272383226361 0.005475127101631721 95
0.07739459212393048 0.054759146788852645 95
0.03614577009794012 0.37780199827130495 95
0.25320743259823564 0.1443997195185397 40
0.07586513278067672 0.043621207615953464 95
0.36234055285154587 1.0 40
0.0654922947817237 0.14469700357392967 95
0.2594921957900093 0.22627118743920513 40
0.04850519338416652 0.2664407883825786 95
0.26929512428032093 0.34256466289417997 40
0.6421629424838146 0.9932990220875354 40
0.07176076114505248 0.11184321657105185 95
0.26183947557298265 0.28293134856979263 40
0.08309272383226361 0.005475127101631721 95
0.0654922947817237 0.14469700357392967 95
0.07176076114505248 0.11184321657105185 95
0.26139820643267614 0.29649812532603304 40
0.2531772121545167 0.15825159152176993 40
0.24558886810276293 0.07830557896430201 40
0.26467089540115546 0.36082269531817796 40
0.03122114399339519 0.4206592286843466 95
0.2541956807934019 0.17342314197958797 40
0.31450612482240514 0.7662018790987721 40
0.27433858247508325 0.4464227380107429 40
0.26698626845136214 0.32608749002233717 40
0.25543182429034156 0.1897344231620944 40
0.014319855672611306 0.6116714452293173 95
0.26583431283079173 0.31086448886797624 40
0.24973970451208588 0.11246651697330258 40
0.27433858247508325 0.4464227380107429 40
0.07739459212393048 0.054759146788852645 95
0.32514667923891194 0.8363220523532291 40
0.08181894083834314 0.013641761081473342 95
0.07809701591112754 0.028582360902709086 95
0.26467089540115546 0.36082269531817796 40
0.2431115280159839 0.06667702402430101 40
0.07176076114505248 0.11184321657105185 95
0.03995278265964512 0.3587862993743293 95
0.062357186213214524 0.17548533572859015 95
0.05439242740146726 0.2431357740126732 95
0.02560898380203947 0.4719534292017304 95
0.24654871312367807 0.09473346194155206 40
0.08259993500740921 0.0 95
0.35621809880175337 0.9976458465840158 95
0.24949511065954397 0.11822456505450772 40
0.2431115280159839 0.06667702402430101 40
0.6421629424838146 0.9932990220875354 40
0.0 0.0 40
0.26929512428032093 0.34256466289417997 40
0.2575373132256279 0.1982949174746903 40
0.24973970451208588 0.11246651697330258 40
0.24930819680105482 0.12381061847239061 40
0.2432110310370342 0.05634064764190891 40
0.08506908052024706 0.0188020082059625 95
0.2758730051570174 0.42135502850065165 40
0.02723649093096076 0.5013789466801948 95
0.24284046214725763 0.06190041083556537 40
0.02723649093096076 0.5013789466801948 95
0.2531772121545167 0.15825159152176993 40
0.2732258187679465 0.3998182078019343 40
0.03212117929412992 0.39835802657697994 95
0.4628620863631256 0.9990686803827081 95
0.2460367025452129 0.09957753300307084 40
0.26698626845136214 0.32608749002233717 40
0.060906151183487675 0.18408289583069135 95
0.2881597128566583 0.5690057209070338 40
0.054984722288347096 0.2215291450993232 95
0.4628620863631256 0.9990686803827081 95
0.061222346648227725 0.19311347418192737 95
0.2519741721617849 0.15123258990627692 40
0.07809701591112754 0.028582360902709086 95
0.28728865432510237 0.5337023048379119 40
0.25320743259823564 0.1443997195185397 40
0.32514667923891194 0.8363220523532291 40
0.060906151183487675 0.18408289583069135 95
0.07809701591112754 0.028582360902709086 95
0.06828042202128097 0.12405795511371943 95
0.08259993500740921 0.0 95
0.07359349286083507 0.07608265883061997 95
0.2633579710732367 0.2705650143894823 40
0.051044358879884615 0.2801937939529583 95
0.2385796262301846 0.017035196691748827 40
0.0654922947817237 0.14469700357392967 95
0.35621809880175337 0.9976458465840158 95
0.014319855672611306 0.6116714452293173 95
0.03122114399339519 0.4206592286843466 95
0.24172820546141952 0.04648264375059481 40
0.2385796262301846 0.017035196691748827 40
0.2732258187679465 0.3998182078019343 40
0.08506908052024706 0.0188020082059625 95
0.2589841058609971 0.24724330566540167 40
0.2575373132256279 0.1982949174746903 40
0.24449866328090078 0.02685164836482904 40
0.07365544027834957 0.06512279417459832 95
0.03614577009794012 0.37780199827130495 95
0.9092499050343169 0.99338418764663 40
0.6421629424838146 0.9932990220875354 40
0.006263918230440873 0.8426521699653358 95
0.06828042202128097 0.12405795511371943 95
0.26467089540115546 0.36082269531817796 40
0.03995278265964512 0.3587862993743293 95
0.051044358879884615 0.2801937939529583 95
0.2531772121545167 0.15825159152176993 40
0.24956236249744004 0.9956735119294173 95
0.2633579710732367 0.2705650143894823 40
0.2535814816618633 0.13752598566024823 40
0.062357186213214524 0.17548533572859015 95
0.36234055285154587 1.0 40
0.06828042202128097 0.12405795511371943 95
0.03614577009794012 0.37780199827130495 95
0.6421629424838146 0.9932990220875354 40
0.28728865432510237 0.5337023048379119 40
0.2460367025452129 0.09957753300307084 40
0.2575373132256279 0.1982949174746903 40
0.2444745749216019 0.042049525594984614 40
