0.0919874049000645 0.0 95
0.09422533475324774 0.006450324849992906 95
0.09252079168613625 0.010342706014596142 95
0.09440011507218965 0.015588237093332239 95
0.09574667648143645 0.01991821928225931 95
0.08800848852707975 0.025326144757037428 95
0.08573882159671359 0.029953685949250772 95
0.08560689302440869 0.03575148528294811 95
0.08646372283660936 0.04180578578929241 95
0.08452615486988535 0.04524106011798115 95
0.08476468455706647 0.050327861236608935 95
0.08271918769012662 0.05591433874114314 95
0.08420299279612826 0.06156363936490591 95
0.08366040298924807 0.06729352326180237 95
0.08414823748333919 0.07324108839638968 95
0.08172459582249633 0.07758954139385633 95
0.08148102453799651 0.08365858378694219 95
0.08093665520627989 0.08994857033266117 95
0.07968769861429793 0.09524540990454494 95
0.08170066425465951 0.10205318059789552 95
0.07814200077758071 0.10747607331124738 95
0.0803126592553927 0.11404991462593081 95
0.07841194833800028 0.12026167672202512 95
0.07657179799723947 0.12655666417334135 95
0.07419565431539697 0.13326454430957277 95
0.07777346797502283 0.14087476426075884 95
0.07422279047633189 0.14801873342917357 95
0.07295334737657468 0.15514838960557872 95
0.07612890857256074 0.16329611145210127 95
0.07477271326394166 0.17134243757341824 95
0.06806743487301405 0.1787270270884127 95
0.0699377424770357 0.18846802344737904 95
0.06988137632449555 0.19727688702023186 95
0.07092826975137481 0.20612103388004277 95
0.06766560138761615 0.21625356915215024 95
0.06558721631411214 0.2266179798608437 95
0.06308254606316872 0.23746434282203344 95
0.0612779729716519 0.24787036272165464 95
0.061375447744831405 0.25990791274634817 95
0.060906401348788664 0.27216917426144605 95
0.056553538331994176 0.28555611591396907 95
0.057589995420058944 0.2999246950677499 95
0.05306651572949194 0.315647210865495 95
0.04748519769394515 0.3311863118830305 95
0.045660182243736885 0.34838653999050756 95
0.0428125324523318 0.36721100872494034 95
0.04501823563216333 0.3878731451755504 95
0.03840352503774686 0.40949762476485874 95
0.035348712735440414 0.4325767091706692 95
0.03627963231281114 0.45756017400463017 95
0.035725553380508784 0.4860128356144921 95
0.032573297451214366 0.5171753246818006 95
0.032794166876713805 0.5512519820439303 95
0.021220591940854523 0.5914833637564091 95
0.018044400559251293 0.6352448179167804 95
0.0157142500543689 0.6861826105078835 95
0.01284646020784325 0.7421927055826335 95
0.010779013483838182 0.805387218383844 95
0.0037090266067134146 0.8870405393146986 95
0.0 0.979026449684578 95
0.0995711355808252 0.9934927957835816 95
0.2117694989578271 0.9962933808356306 95
0.32957721761118924 0.9965877388374641 95
0.4375508681359175 0.9984232169919319 95
0.5537508986841282 0.999237999979516 95
0.66820442556383 1.0 95
0.7803154118225912 0.9988879101011917 95
0.8890391635491136 0.9986120569313879 95
1.0 0.9992409639741591 95
0.0 0.0 40
0.004678927603739112 0.007003718126109541 40
0.24611870725793406 0.017326856731803664 40
0.2472002045236357 0.02203937179310865 40
0.2497771743931497 0.026708962011947845 40
0.2521856912479235 0.03290932259211599 40
0.2511174326364697 0.03666559150432819 40
0.24729364514151644 0.04210577431300669 40
0.24971348268328325 0.04767697540740555 40
0.25076796532035506 0.0530195615311114 40
0.2504269846211902 0.0572284897229902 40
0.25169829309278907 0.06292225383064404 40
0.25173454011439333 0.06772234065947359 40
0.2532817819755509 0.0736761941108169 40
0.2536668166049317 0.07813637174580752 40
0.2524930019891094 0.08430130615506622 40
0.25358794342840213 0.08973266044727211 40
0.2555430955613257 0.09599474327987709 40
0.25631676413742105 0.10225958510635795 40
0.25647571380211 0.10766300074056347 40
0.25473426035555574 0.11286411388464782 40
0.25551896384263567 0.11926373585051815 40
0.2585834755662805 0.12633719178967281 40
0.25856104086115766 0.1321859074851656 40
0.25962263529452345 0.13875058086840175 40
0.25835587415946987 0.14594489516830614 40
0.2606860388062741 0.15367295494637073 40
0.2584344057793608 0.16058216349285262 40
0.2642576412805956 0.1684941638081127 40
0.26202003616067004 0.17611972376532925 40
0.26450811888172115 0.18469252868761604 40
0.2621832372531444 0.19276435144666249 40
0.2634408014044687 0.20160061947366503 40
0.2677123713740527 0.2109669045720587 40
0.26289041932275203 0.22062375169367718 40
0.2656573430056132 0.23072439193254182 40
0.26735079829344705 0.24236902769804364 40
0.2687068742691783 0.2526464152350263 40
0.2715294726045505 0.2649523877161263 40
0.2722638432366516 0.2771580448325652 40
0.27410809145213266 0.29021548552840615 40
0.2725578898047868 0.30416554540480584 40
0.2725764742872743 0.31917862159594174 40
0.27308035843106565 0.33568928334484727 40
0.279162667173122 0.35278962373165706 40
0.2772825691174358 0.37122290154118376 40
0.2804516268611599 0.3915328782496002 40
0.2822748909379053 0.41359060124386937 40
0.2848300574673981 0.43641364264677207 40
0.2885450864177147 0.4618570267765242 40
0.2922321677417936 0.4904894742664458 40
0.2928392648756878 0.5228656062301313 40
0.2981107743523434 0.5577642373143123 40
0.2987898825198088 0.5976917996103575 40
0.3067907263812968 0.6414072946573349 40
0.31132562309773004 0.6924814951416284 40
0.3237393034074231 0.7460488415589454 40
0.3306320960368931 0.8119171364572719 40
0.3414825446281181 0.8924210867020995 40
0.35202008235967497 0.9884719747205741 40
0.43750920793489884 0.9988372561936013 40
0.5357458692971846 1.0 40
0.6328340390277212 0.9928260482157762 40
0.7254530888519879 0.9933539814107643 40
0.8189638410309891 0.9934814366546475 40
0.9067819799901446 0.9940971108520862 40
1.0 0.9932646352814445 40
0.2524930019891094 0.08430130615506622 40
0.8890391635491136 0.9986120569313879 95
0.7254530888519879 0.9933539814107643 40
0.06988137632449555 0.19727688702023186 95
0.08476468455706647 0.050327861236608935 95
0.2524930019891094 0.08430130615506622 40
0.07657179799723947 0.12655666417334135 95
0.07968769861429793 0.09524540990454494 95
0.2987898825198088 0.5976917996103575 40
0.05306651572949194 0.315647210865495 95
0.08560689302440869 0.03575148528294811 95
0.08573882159671359 0.029953685949250772 95
0.32957721761118924 0.9965877388374641 95
0.2677123713740527 0.2109669045720587 40
1.0 0.9992409639741591 95
0.27410809145213266 0.29021548552840615 40
0.07841194833800028 0.12026167672202512 95
0.07814200077758071 0.10747607331124738 95
0.25358794342840213 0.08973266044727211 40
0.035348712735440414 0.4325767091706692 95
0.057589995420058944 0.2999246950677499 95
0.2606860388062741 0.15367295494637073 40
0.2472002045236357 0.02203937179310865 40
0.010779013483838182 0.805387218383844 95
0.2634408014044687 0.20160061947366503 40
0.25173454011439333 0.06772234065947359 40
0.06558721631411214 0.2266179798608437 95
0.26735079829344705 0.24236902769804364 40
0.09422533475324774 0.006450324849992906 95
0.004678927603739112 0.007003718126109541 40
0.2585834755662805 0.12633719178967281 40
0.2504269846211902 0.0572284897229902 40
0.08170066425465951 0.10205318059789552 95
0.9067819799901446 0.9940971108520862 40
0.0612779729716519 0.24787036272165464 95
0.25856104086115766 0.1321859074851656 40
0.0803126592553927 0.11404991462593081 95
0.25358794342840213 0.08973266044727211 40
0.25962263529452345 0.13875058086840175 40
0.08452615486988535 0.04524106011798115 95
0.01284646020784325 0.7421927055826335 95
0.03627963231281114 0.45756017400463017 95
0.01284646020784325 0.7421927055826335 95
0.07777346797502283 0.14087476426075884 95
0.4375508681359175 0.9984232169919319 95
0.08452615486988535 0.04524106011798115 95
0.018044400559251293 0.6352448179167804 95
0.08420299279612826 0.06156363936490591 95
0.07092826975137481 0.20612103388004277 95
0.09252079168613625 0.010342706014596142 95
0.2822748909379053 0.41359060124386937 40
0.3067907263812968 0.6414072946573349 40
0.2922321677417936 0.4904894742664458 40
0.07814200077758071 0.10747607331124738 95
0.08560689302440869 0.03575148528294811 95
0.0699377424770357 0.18846802344737904 95
0.0 0.979026449684578 95
0.2715294726045505 0.2649523877161263 40
0.08560689302440869 0.03575148528294811 95
0.26289041932275203 0.22062375169367718 40
1.0 0.9932646352814445 40
0.3237393034074231 0.7460488415589454 40
0.09574667648143645 0.01991821928225931 95
0.03840352503774686 0.40949762476485874 95
0.25173454011439333 0.06772234065947359 40
0.05306651572949194 0.315647210865495 95
0.021220591940854523 0.5914833637564091 95
0.9067819799901446 0.9940971108520862 40
0.2922321677417936 0.4904894742664458 40
0.08172459582249633 0.07758954139385633 95
0.2848300574673981 0.43641364264677207 40
0.26450811888172115 0.18469252868761604 40
0.25473426035555574 0.11286411388464782 40
0.08414823748333919 0.07324108839638968 95
0.2725578898047868 0.30416554540480584 40
0.25358794342840213 0.08973266044727211 40
0.2981107743523434 0.5577642373143123 40
0.0612779729716519 0.24787036272165464 95
0.09574667648143645 0.01991821928225931 95
0.07612890857256074 0.16329611145210127 95
0.035725553380508784 0.4860128356144921 95
0.2621832372531444 0.19276435144666249 40
0.021220591940854523 0.5914833637564091 95
0.07477271326394166 0.17134243757341824 95
0.004678927603739112 0.007003718126109541 40
0.24611870725793406 0.017326856731803664 40
0.021220591940854523 0.5914833637564091 95
0.004678927603739112 0.007003718126109541 40
0.2981107743523434 0.5577642373143123 40
0.25473426035555574 0.11286411388464782 40
0.25962263529452345 0.13875058086840175 40
0.3414825446281181 0.8924210867020995 40
0.3414825446281181 0.8924210867020995 40
0.24971348268328325 0.04767697540740555 40
0.08093665520627989 0.08994857033266117 95
0.279162667173122 0.35278962373165706 40
0.26289041932275203 0.22062375169367718 40
1.0 0.9932646352814445 40
0.08800848852707975 0.025326144757037428 95
0.27410809145213266 0.29021548552840615 40
0.26289041932275203 0.22062375169367718 40
0.2772825691174358 0.37122290154118376 40
0.2981107743523434 0.5577642373143123 40
0.0037090266067134146 0.8870405393146986 95
0.2722638432366516 0.2771580448325652 40
0.045660182243736885 0.34838653999050756 95
0.2536668166049317 0.07813637174580752 40
0.08800848852707975 0.025326144757037428 95
0.2497771743931497 0.026708962011947845 40
0.2621832372531444 0.19276435144666249 40
0.06988137632449555 0.19727688702023186 95
0.09440011507218965 0.015588237093332239 95
0.26289041932275203 0.22062375169367718 40
0.060906401348788664 0.27216917426144605 95
0.2928392648756878 0.5228656062301313 40
0.9067819799901446 0.9940971108520862 40
0.0699377424770357 0.18846802344737904 95
0.09440011507218965 0.015588237093332239 95
0.2772825691174358 0.37122290154118376 40
0.2497771743931497 0.026708962011947845 40
