0.08402616133719627 0.0 95
0.08504172028820424 0.004842543241589619 95
0.08603301550198648 0.010143433152400435 95
0.08352778561613115 0.014637914933756888 95
0.08643251035248664 0.018880174372869117 95
0.0854539133571103 0.024673579307049033 95
0.08150923274668173 0.03073449833384005 95
0.08184778632667142 0.03475743058796193 95
0.07949010550847223 0.03975736684670634 95
0.08077153613066558 0.04531675507086379 95
0.07899026977444279 0.05047622212103708 95
0.07975353330769004 0.055684165976557294 95
0.07705696273204025 0.06085865921128612 95
0.07971849132391413 0.06664427245007219 95
0.07771757570543952 0.07200923243970118 95
0.07595371463421433 0.0767962406551186 95
0.0766182543451078 0.08273167827046697 95
0.07487813659992319 0.0888637804853259 95
0.07376340427020206 0.09325911866055475 95
0.07369040434453838 0.09932664182665553 95
0.0731994140459566 0.10586837739322578 95
0.07330924495246939 0.11176002027817303 95
0.07246086909713696 0.11790623759537316 95
0.07367292914903346 0.12543700257592527 95
0.07278393926283053 0.13162358863313503 95
0.07187418081416004 0.13889880682253158 95
0.06947147859273972 0.14569313553682944 95
0.06963558354672673 0.15309639494104899 95
0.06911632587611558 0.1607712105944546 95
0.06676697465848795 0.16770956010587995 95
0.06808647008445408 0.17637547865033476 95
0.06516229454434194 0.18476986624947522 95
0.06366515334910973 0.1935414684979183 95
0.06227620500780311 0.20255049580090165 95
0.05901539217393067 0.21154548314354132 95
0.059979799503140856 0.22227752528386235 95
0.058887565165775334 0.23213957082676598 95
0.057846274207857096 0.24352784928192242 95
0.057098013382754345 0.25475235610515035 95
0.052570495362946765 0.2674571635275762 95
0.04981110605704925 0.2799190021737378 95
0.04924444968469949 0.2934411376977945 95
0.0476193775927593 0.3081376576377047 95
0.048210592494329026 0.32346206959113255 95
0.04475130383020282 0.33981909362006757 95
0.04040969023165878 0.35850412633972467 95
0.041774463202640694 0.3783601113554393 95
0.03912142571941307 0.39921821888462594 95
0.033977581098828515 0.42146656852929876 95
0.03492160406574727 0.4456012633989211 95
0.03189819999716145 0.47325503680740694 95
0.027225132828577518 0.5015633085896661 95
0.025105949726990727 0.5349278609259491 95
0.018598794170612665 0.5727632118962228 95
0.014164552015494353 0.6137979842078498 95
0.014062301242107092 0.6612788209401504 95
0.013805108335258026 0.7117899266490498 95
0.009274824975955144 0.773725977067503 95
0.003693857416750469 0.846619997662035 95
0.0 0.9308410726224174 95
0.03568787599740222 0.9964328545827049 95
0.14677363566701543 0.994003818043174 95
0.2554419134356074 0.9959185295499838 95
0.3599560702678005 0.9976852102352272 95
0.4695814898823883 0.9986336991699357 95
0.5735819556399793 1.0 95
0.6815840822811179 0.996530417164366 95
0.7859915431626295 0.9979547155469592 95
0.8917142656765699 0.9989912864572977 95
1.0 0.9989196921870159 95
0.0004685519689212822 0.0 40
0.0 0.005847992297733637 40
0.002817997293047327 0.012843059112131556 40
0.22993325511919394 0.017600505458124544 40
0.23515053996806118 0.02255731920809701 40
0.23245018602722653 0.026411405892360372 40
0.23281019376436157 0.0314587321394814 40
0.23340775937556765 0.03694213271307793 40
0.23425303277818585 0.04144768512000397 40
0.23303055014106824 0.04678123096341964 40
0.23353041760759455 0.05231113549329625 40
0.23376822417785234 0.05712959743668484 40
0.2328868459655624 0.062040728776992245 40
0.23465766229991394 0.06703665480530466 40
0.23516068105040983 0.07279291384786825 40
0.23540287915091906 0.07763021933851517 40
0.23386858224082688 0.08287759183795942 40
0.23636407154848887 0.08863172904884378 40
0.23511505865615404 0.09420122392593545 40
0.236680324918032 0.10043828725601847 40
0.23636218720788044 0.10570909643315063 40
0.23945696508518716 0.11272686389143044 40
0.23829956399846264 0.11855080350780471 40
0.24039211260289434 0.12507681980224894 40
0.24297493614361965 0.1310458773021017 40
0.24123956611295266 0.13780126475668292 40
0.242227126934932 0.1446752847982961 40
0.24141065630769334 0.15160954646824323 40
0.23964786065377044 0.15870888878946032 40
0.24498212524064575 0.1673083169082221 40
0.24477001903839699 0.17450697273671753 40
0.24473895872365414 0.1834557239342429 40
0.24337277418370054 0.19059157271075178 40
0.24799504096868055 0.20003146611701267 40
0.24524937237413935 0.20863345268374311 40
0.2481519756298635 0.21813418400057688 40
0.24728882877741104 0.22836986863091557 40
0.251891780550162 0.23912093134360818 40
0.24863937868866665 0.2498779318666353 40
0.24881721374975482 0.26103423402078674 40
0.2538671268165701 0.2741880336678662 40
0.25072491053337753 0.286537374444944 40
0.2518579680404302 0.30019314397277547 40
0.25340052491962595 0.31536515608587834 40
0.2544065141202213 0.3308757965478255 40
0.256885898056872 0.34817544231348674 40
0.259754911006885 0.36624368097661175 40
0.25685095291960147 0.38655387247660195 40
0.2583724936093575 0.4072640282461673 40
0.26353840661548084 0.42959125445125007 40
0.26720247839429767 0.45481312666122004 40
0.2667924779694196 0.4824738267104385 40
0.2691806236672483 0.5140734355426665 40
0.2742537187124647 0.5475784502032557 40
0.27892308012915057 0.5842737861535778 40
0.28241247260310043 0.6277130746755434 40
0.28831448997774933 0.6755174255346951 40
0.2972577625459008 0.7289628621142594 40
0.30679589730588325 0.7916651929816213 40
0.31153741085610487 0.8687760901791549 40
0.3239533551457666 0.9562602979304963 40
0.3825781023284636 0.9987220949484324 40
0.4697798376907463 1.0 40
0.5628664775978957 0.9940675471251844 40
0.6512234801716126 0.9942533462719626 40
0.7383977797023352 0.9937088264119808 40
0.8259967728426427 0.9942838147691864 40
0.9116255437665967 0.9933106215982492 40
1.0 0.9930492377324771 40
0.23516068105040983 0.07279291384786825 40
0.07246086909713696 0.11790623759537316 95
0.30679589730588325 0.7916651929816213 40
0.24498212524064575 0.1673083169082221 40
0.28241247260310043 0.6277130746755434 40
0.25072491053337753 0.286537374444944 40
0.2667924779694196 0.4824738267104385 40
0.08184778632667142 0.03475743058796193 95
0.2544065141202213 0.3308757965478255 40
0.4697798376907463 1.0 40
0.07771757570543952 0.07200923243970118 95
0.08402616133719627 0.0 95
0.0 0.9308410726224174 95
0.2481519756298635 0.21813418400057688 40
0.0854539133571103 0.024673579307049033 95
0.04924444968469949 0.2934411376977945 95
0.08150923274668173 0.03073449833384005 95
0.2742537187124647 0.5475784502032557 40
0.08402616133719627 0.0 95
0.06676697465848795 0.16770956010587995 95
0.5735819556399793 1.0 95
0.7383977797023352 0.9937088264119808 40
0.0731994140459566 0.10586837739322578 95
0.0 0.005847992297733637 40
0.24297493614361965 0.1310458773021017 40
0.6512234801716126 0.9942533462719626 40
0.24728882877741104 0.22836986863091557 40
0.08150923274668173 0.03073449833384005 95
0.23945696508518716 0.11272686389143044 40
0.236680324918032 0.10043828725601847 40
0.04924444968469949 0.2934411376977945 95
0.07278393926283053 0.13162358863313503 95
0.0 0.005847992297733637 40
0.23281019376436157 0.0314587321394814 40
0.04981110605704925 0.2799190021737378 95
0.027225132828577518 0.5015633085896661 95
0.24123956611295266 0.13780126475668292 40
0.0004685519689212822 0.0 40
0.31153741085610487 0.8687760901791549 40
0.05901539217393067 0.21154548314354132 95
0.07949010550847223 0.03975736684670634 95
0.3599560702678005 0.9976852102352272 95
0.28831448997774933 0.6755174255346951 40
0.24477001903839699 0.17450697273671753 40
0.6512234801716126 0.9942533462719626 40
0.07487813659992319 0.0888637804853259 95
0.03912142571941307 0.39921821888462594 95
0.24477001903839699 0.17450697273671753 40
0.27892308012915057 0.5842737861535778 40
0.24799504096868055 0.20003146611701267 40
0.8917142656765699 0.9989912864572977 95
0.07595371463421433 0.0767962406551186 95
0.08184778632667142 0.03475743058796193 95
0.03568787599740222 0.9964328545827049 95
0.08402616133719627 0.0 95
0.23511505865615404 0.09420122392593545 40
0.23465766229991394 0.06703665480530466 40
0.30679589730588325 0.7916651929816213 40
0.24337277418370054 0.19059157271075178 40
0.24473895872365414 0.1834557239342429 40
0.07367292914903346 0.12543700257592527 95
0.3599560702678005 0.9976852102352272 95
0.25072491053337753 0.286537374444944 40
0.06676697465848795 0.16770956010587995 95
0.23515053996806118 0.02255731920809701 40
0.5628664775978957 0.9940675471251844 40
0.24863937868866665 0.2498779318666353 40
0.057098013382754345 0.25475235610515035 95
0.06227620500780311 0.20255049580090165 95
0.07187418081416004 0.13889880682253158 95
0.06227620500780311 0.20255049580090165 95
0.242227126934932 0.1446752847982961 40
0.052570495362946765 0.2674571635275762 95
0.26720247839429767 0.45481312666122004 40
0.23340775937556765 0.03694213271307793 40
0.24799504096868055 0.20003146611701267 40
0.03189819999716145 0.47325503680740694 95
0.0004685519689212822 0.0 40
0.25072491053337753 0.286537374444944 40
0.24473895872365414 0.1834557239342429 40
0.014164552015494353 0.6137979842078498 95
0.057846274207857096 0.24352784928192242 95
0.0476193775927593 0.3081376576377047 95
0.07330924495246939 0.11176002027817303 95
0.25340052491962595 0.31536515608587834 40
0.07975353330769004 0.055684165976557294 95
0.23303055014106824 0.04678123096341964 40
0.24337277418370054 0.19059157271075178 40
0.31153741085610487 0.8687760901791549 40
0.07487813659992319 0.0888637804853259 95
0.4695814898823883 0.9986336991699357 95
0.06516229454434194 0.18476986624947522 95
0.04475130383020282 0.33981909362006757 95
0.6512234801716126 0.9942533462719626 40
0.027225132828577518 0.5015633085896661 95
0.23353041760759455 0.05231113549329625 40
0.24863937868866665 0.2498779318666353 40
0.06676697465848795 0.16770956010587995 95
0.24799504096868055 0.20003146611701267 40
0.0 0.005847992297733637 40
0.2972577625459008 0.7289628621142594 40
0.2518579680404302 0.30019314397277547 40
0.07246086909713696 0.11790623759537316 95
0.033977581098828515 0.42146656852929876 95
0.23376822417785234 0.05712959743668484 40
0.027225132828577518 0.5015633085896661 95
0.2481519756298635 0.21813418400057688 40
0.08352778561613115 0.014637914933756888 95
0.9116255437665967 0.9933106215982492 40
0.23281019376436157 0.0314587321394814 40
0.048210592494329026 0.32346206959113255 95
0.07369040434453838 0.09932664182665553 95
0.23515053996806118 0.02255731920809701 40
0.23303055014106824 0.04678123096341964 40
0.23945696508518716 0.11272686389143044 40
0.22993325511919394 0.017600505458124544 40
0.07949010550847223 0.03975736684670634 95
