0.23860765617352175 1.0 95
0.3005805201996971 0.9092100631901314 95
0.20138488346310732 0.8197059340419313 95
0.17269062029917934 0.7495000669365129 95
0.1222650830583337 0.6844506487282574 95
0.08094111010623255 0.6251777194750302 95
0.16113292849727073 0.5775943136751962 95
0.13434992362757237 0.5316086696805338 95
0.06469125505070897 0.4898699457354914 95
0.19329238306054952 0.453445762238945 95
0.07392134246833464 0.41701830372941945 95
0.11922913030970889 0.3867140397821921 95
0.1174273138503839 0.3558495730486363 95
0.15793386932977146 0.33063940390187796 95
0.10815936423513914 0.3044435284945487 95
0.09232130218635236 0.27961636465935324 95
0.08837747096468355 0.2578184174318708 95
0.057151453495639416 0.23534187638569243 95
0.04168932507442912 0.21533963690738964 95
0.0 0.19676482358304184 95
0.04141666041698395 0.1791241323604003 95
0.07281223712026107 0.16272485517492322 95
1.0 0.16213863758365543 95
0.1556807115759348 0.13232054653982056 95
0.19745005332994758 0.11819570671588797 95
0.2854666914785872 0.10535910465017165 95
0.3476617813913732 0.09245191024077393 95
0.4026208088637205 0.07987041430851083 95
0.4433211263339347 0.0678024291604486 95
0.5177322601636273 0.05531973108160878 95
0.5416615499772217 0.04362895582461558 95
0.5972617190670513 0.03269564550632195 95
0.6635403020862385 0.021462672154932774 95
0.6550245730109264 0.010216180161501366 95
0.7534080991616791 0.0 95
0.23860765617352175 1.0 40
0.3005805201996971 0.9092100631901314 40
0.20138488346310732 0.8197059340419313 40
0.17269062029917934 0.7495000669365129 40
0.1222650830583337 0.6844506487282574 40
0.08094111010623255 0.6251777194750302 40
0.16113292849727073 0.5775943136751962 40
0.13434992362757237 0.5316086696805338 40
0.06469125505070897 0.4898699457354914 40
0.19329238306054952 0.453445762238945 40
0.07392134246833464 0.41701830372941945 40
0.11922913030970889 0.3867140397821921 40
0.1174273138503839 0.3558495730486363 40
0.15793386932977146 0.33063940390187796 40
0.10815936423513914 0.3044435284945487 40
0.09232130218635236 0.27961636465935324 40
0.08837747096468355 0.2578184174318708 40
0.057151453495639416 0.23534187638569243 40
0.04168932507442912 0.21533963690738964 40
0.0 0.19676482358304184 40
0.04141666041698395 0.1791241323604003 40
0.07281223712026107 0.16272485517492322 40
1.0 0.16213863758365543 40
0.1556807115759348 0.13232054653982056 40
0.19745005332994758 0.11819570671588797 40
0.2854666914785872 0.10535910465017165 40
0.3476617813913732 0.09245191024077393 40
0.4026208088637205 0.07987041430851083 40
0.4433211263339347 0.0678024291604486 40
0.5177322601636273 0.05531973108160878 40
0.5416615499772217 0.04362895582461558 40
0.5972617190670513 0.03269564550632195 40
0.6635403020862385 0.021462672154932774 40
0.6550245730109264 0.010216180161501366 40
0.7534080991616791 0.0 40
0.6635403020862385 0.021462672154932774 95
0.1222650830583337 0.6844506487282574 40
0.16113292849727073 0.5775943136751962 40
0.19329238306054952 0.453445762238945 95
0.06469125505070897 0.4898699457354914 95
0.23860765617352175 1.0 95
0.08837747096468355 0.2578184174318708 40
0.19329238306054952 0.453445762238945 40
0.1222650830583337 0.6844506487282574 40
0.4026208088637205 0.07987041430851083 40
0.08094111010623255 0.6251777194750302 95
0.3005805201996971 0.9092100631901314 40
0.17269062029917934 0.7495000669365129 95
0.4433211263339347 0.0678024291604486 95
0.11922913030970889 0.3867140397821921 95
0.1556807115759348 0.13232054653982056 40
0.13434992362757237 0.5316086696805338 40
0.08837747096468355 0.2578184174318708 95
0.5177322601636273 0.05531973108160878 40
0.0 0.19676482358304184 40
0.1556807115759348 0.13232054653982056 40
0.11922913030970889 0.3867140397821921 95
0.13434992362757237 0.5316086696805338 40
0.08837747096468355 0.2578184174318708 40
0.057151453495639416 0.23534187638569243 40
0.07392134246833464 0.41701830372941945 95
0.4433211263339347 0.0678024291604486 95
0.23860765617352175 1.0 40
0.6550245730109264 0.010216180161501366 95
0.6635403020862385 0.021462672154932774 40
0.09232130218635236 0.27961636465935324 95
0.08094111010623255 0.6251777194750302 95
0.07281223712026107 0.16272485517492322 40
0.08094111010623255 0.6251777194750302 95
0.2854666914785872 0.10535910465017165 40
0.5972617190670513 0.03269564550632195 95
0.09232130218635236 0.27961636465935324 95
0.6635403020862385 0.021462672154932774 40
0.1174273138503839 0.3558495730486363 95
0.19329238306054952 0.453445762238945 95
0.10815936423513914 0.3044435284945487 95
0.19745005332994758 0.11819570671588797 95
0.4433211263339347 0.0678024291604486 95
0.1222650830583337 0.6844506487282574 40
0.23860765617352175 1.0 40
0.1556807115759348 0.13232054653982056 40
0.07281223712026107 0.16272485517492322 40
0.1174273138503839 0.3558495730486363 40
0.3476617813913732 0.09245191024077393 40
0.07281223712026107 0.16272485517492322 40
0.20138488346310732 0.8197059340419313 95
0.08094111010623255 0.6251777194750302 40
1.0 0.16213863758365543 95
0.16113292849727073 0.5775943136751962 40
0.20138488346310732 0.8197059340419313 40
0.08837747096468355 0.2578184174318708 40
0.09232130218635236 0.27961636465935324 95
0.08837747096468355 0.2578184174318708 40
