0.24969096498750906 0.7099633499652891 40
0.2267659584323135 0.652310526739031 40
0.18200371840759497 0.5869657963982757 40
0.10644889574841805 0.528047858206057 40
0.04687350913573237 0.4671920787311271 40
0.021328788454577287 0.407407862736821 40
0.0 0.3528203179923134 40
0.026099439443478957 0.29417328146630767 40
0.04927032230635022 0.23760354171237413 40
0.06679614402659001 0.18727583040576837 40
0.09275731420852647 0.1253828036978432 40
0.20432413151012194 0.06560836338765595 40
0.27939749460344093 0.0 40
1.0 1.0 40
0.6793347656270686 0.8953626830696491 40
0.35653228073084725 0.8039470199465426 40
0.24952950731291526 0.7337506016504429 40
0.24969096498750906 0.7099633499652891 95
0.2267659584323135 0.652310526739031 95
0.18200371840759497 0.5869657963982757 95
0.10644889574841805 0.528047858206057 95
0.04687350913573237 0.4671920787311271 95
0.021328788454577287 0.407407862736821 95
0.0 0.3528203179923134 95
0.026099439443478957 0.29417328146630767 95
0.04927032230635022 0.23760354171237413 95
0.06679614402659001 0.18727583040576837 95
0.09275731420852647 0.1253828036978432 95
0.20432413151012194 0.06560836338765595 95
0.27939749460344093 0.0 95
1.0 1.0 95
0.6793347656270686 0.8953626830696491 95
0.35653228073084725 0.8039470199465426 95
0.24952950731291526 0.7337506016504429 95
0.24969096498750906 0.7099633499652891 95
0.18200371840759497 0.5869657963982757 95
0.10644889574841805 0.528047858206057 95
0.20432413151012194 0.06560836338765595 40
0.06679614402659001 0.18727583040576837 40
0.27939749460344093 0.0 95
0.10644889574841805 0.528047858206057 95
0.6793347656270686 0.8953626830696491 40
0.021328788454577287 0.407407862736821 95
0.27939749460344093 0.0 40
0.24952950731291526 0.7337506016504429 95
0.04687350913573237 0.4671920787311271 40
0.35653228073084725 0.8039470199465426 95
0.026099439443478957 0.29417328146630767 95
0.27939749460344093 0.0 40
0.24969096498750906 0.7099633499652891 40
0.06679614402659001 0.18727583040576837 95
1.0 1.0 95
0.24952950731291526 0.7337506016504429 40
0.0 0.3528203179923134 95
0.06679614402659001 0.18727583040576837 40
0.18200371840759497 0.5869657963982757 40
0.09275731420852647 0.1253828036978432 40
0.0 0.3528203179923134 95
0.04927032230635022 0.23760354171237413 40
0.04927032230635022 0.23760354171237413 40
0.27939749460344093 0.0 40
0.24952950731291526 0.7337506016504429 40
0.27939749460344093 0.0 40
0.0 0.3528203179923134 95
0.0 0.3528203179923134 95
1.0 1.0 95
0.24952950731291526 0.7337506016504429 40
0.026099439443478957 0.29417328146630767 40
0.27939749460344093 0.0 40
0.026099439443478957 0.29417328146630767 40
0.27939749460344093 0.0 95
0.10644889574841805 0.528047858206057 40
0.026099439443478957 0.29417328146630767 95
0.24952950731291526 0.7337506016504429 95
0.10644889574841805 0.528047858206057 95
0.24969096498750906 0.7099633499652891 95
1.0 1.0 95
0.24969096498750906 0.7099633499652891 40
0.026099439443478957 0.29417328146630767 95
0.24969096498750906 0.7099633499652891 95
0.06679614402659001 0.18727583040576837 40
0.0 0.3528203179923134 40
0.18200371840759497 0.5869657963982757 40
0.6793347656270686 0.8953626830696491 40
0.10644889574841805 0.528047858206057 95
0.18200371840759497 0.5869657963982757 40
0.2267659584323135 0.652310526739031 40
0.24969096498750906 0.7099633499652891 95
0.06679614402659001 0.18727583040576837 40
0.04687350913573237 0.4671920787311271 40
0.021328788454577287 0.407407862736821 95
0.06679614402659001 0.18727583040576837 40
0.24969096498750906 0.7099633499652891 40
0.6793347656270686 0.8953626830696491 40
0.18200371840759497 0.5869657963982757 95
0.24952950731291526 0.7337506016504429 40
0.27939749460344093 0.0 95
0.20432413151012194 0.06560836338765595 40
0.18200371840759497 0.5869657963982757 95
0.24952950731291526 0.7337506016504429 95
0.0 0.3528203179923134 95
0.2267659584323135 0.652310526739031 95
0.27939749460344093 0.0 95
1.0 1.0 40
0.18200371840759497 0.5869657963982757 40
0.0 0.3528203179923134 95
0.026099439443478957 0.29417328146630767 95
0.18200371840759497 0.5869657963982757 40
0.6793347656270686 0.8953626830696491 95
0.20432413151012194 0.06560836338765595 40
0.27939749460344093 0.0 40
0.35653228073084725 0.8039470199465426 95
0.10644889574841805 0.528047858206057 95
0.6793347656270686 0.8953626830696491 95
0.27939749460344093 0.0 40
0.2267659584323135 0.652310526739031 40
0.24969096498750906 0.7099633499652891 95
0.18200371840759497 0.5869657963982757 40
0.021328788454577287 0.407407862736821 40
0.24969096498750906 0.7099633499652891 40
0.18200371840759497 0.5869657963982757 40
0.18200371840759497 0.5869657963982757 95
0.27939749460344093 0.0 40
0.18200371840759497 0.5869657963982757 40
0.20432413151012194 0.06560836338765595 40
0.09275731420852647 0.1253828036978432 40
0.27939749460344093 0.0 95
0.026099439443478957 0.29417328146630767 40
0.35653228073084725 0.8039470199465426 40
0.10644889574841805 0.528047858206057 40
0.24952950731291526 0.7337506016504429 95
1.0 1.0 40
0.0 0.3528203179923134 40
0.10644889574841805 0.528047858206057 40
0.09275731420852647 0.1253828036978432 40
0.021328788454577287 0.407407862736821 95
0.35653228073084725 0.8039470199465426 95
0.20432413151012194 0.06560836338765595 95
0.10644889574841805 0.528047858206057 95
0.2267659584323135 0.652310526739031 40
0.18200371840759497 0.5869657963982757 40
0.24952950731291526 0.7337506016504429 40
0.6793347656270686 0.8953626830696491 95
0.24952950731291526 0.7337506016504429 95
0.24952950731291526 0.7337506016504429 40
0.04927032230635022 0.23760354171237413 95
0.021328788454577287 0.407407862736821 40
1.0 1.0 95
0.2267659584323135 0.652310526739031 40
0.04927032230635022 0.23760354171237413 95
0.6793347656270686 0.8953626830696491 40
0.06679614402659001 0.18727583040576837 95
0.026099439443478957 0.29417328146630767 40
0.18200371840759497 0.5869657963982757 40
0.09275731420852647 0.1253828036978432 95
0.09275731420852647 0.1253828036978432 95
0.6793347656270686 0.8953626830696491 40
0.06679614402659001 0.18727583040576837 95
0.6793347656270686 0.8953626830696491 95
0.026099439443478957 0.29417328146630767 95
0.20432413151012194 0.06560836338765595 40
0.021328788454577287 0.407407862736821 95
0.09275731420852647 0.1253828036978432 40
0.09275731420852647 0.1253828036978432 95
0.18200371840759497 0.5869657963982757 95
0.09275731420852647 0.1253828036978432 95
1.0 1.0 40
0.026099439443478957 0.29417328146630767 40
0.2267659584323135 0.652310526739031 40
0.04927032230635022 0.23760354171237413 95
0.09275731420852647 0.1253828036978432 95
0.2267659584323135 0.652310526739031 40
0.24952950731291526 0.7337506016504429 40
0.026099439443478957 0.29417328146630767 95
0.18200371840759497 0.5869657963982757 40
0.04687350913573237 0.4671920787311271 95
0.35653228073084725 0.8039470199465426 95
0.24952950731291526 0.7337506016504429 95
0.24969096498750906 0.7099633499652891 40
0.6793347656270686 0.8953626830696491 40
1.0 1.0 95
0.04687350913573237 0.4671920787311271 95
0.04927032230635022 0.23760354171237413 95
0.06679614402659001 0.18727583040576837 40
0.18200371840759497 0.5869657963982757 40
1.0 1.0 95
0.35653228073084725 0.8039470199465426 95
0.18200371840759497 0.5869657963982757 95
0.04687350913573237 0.4671920787311271 95
0.24952950731291526 0.7337506016504429 40
0.0 0.3528203179923134 95
0.10644889574841805 0.528047858206057 95
0.27939749460344093 0.0 95
0.35653228073084725 0.8039470199465426 95
0.10644889574841805 0.528047858206057 40
0.06679614402659001 0.18727583040576837 95
0.04927032230635022 0.23760354171237413 95
0.2267659584323135 0.652310526739031 40
0.10644889574841805 0.528047858206057 40
0.06679614402659001 0.18727583040576837 40
0.6793347656270686 0.8953626830696491 40
0.026099439443478957 0.29417328146630767 95
0.10644889574841805 0.528047858206057 95
0.06679614402659001 0.18727583040576837 40
0.35653228073084725 0.8039470199465426 95
0.18200371840759497 0.5869657963982757 95
0.09275731420852647 0.1253828036978432 40
0.27939749460344093 0.0 40
0.09275731420852647 0.1253828036978432 95
0.24969096498750906 0.7099633499652891 95
0.6793347656270686 0.8953626830696491 95
0.35653228073084725 0.8039470199465426 95
0.06679614402659001 0.18727583040576837 95
1.0 1.0 95
0.026099439443478957 0.29417328146630767 40
0.18200371840759497 0.5869657963982757 40
0.18200371840759497 0.5869657963982757 40
0.24969096498750906 0.7099633499652891 95
0.09275731420852647 0.1253828036978432 95
0.04927032230635022 0.23760354171237413 40
0.04927032230635022 0.23760354171237413 40
0.20432413151012194 0.06560836338765595 95
0.04687350913573237 0.4671920787311271 95
0.04687350913573237 0.4671920787311271 40
0.27939749460344093 0.0 95
1.0 1.0 40
0.24952950731291526 0.7337506016504429 95
0.18200371840759497 0.5869657963982757 95
0.20432413151012194 0.06560836338765595 40
0.35653228073084725 0.8039470199465426 95
0.04927032230635022 0.23760354171237413 40
0.20432413151012194 0.06560836338765595 95
0.0 0.3528203179923134 40
0.10644889574841805 0.528047858206057 95
0.0 0.3528203179923134 40
0.18200371840759497 0.5869657963982757 95
0.18200371840759497 0.5869657963982757 40
0.04927032230635022 0.23760354171237413 95
0.2267659584323135 0.652310526739031 95
0.6793347656270686 0.8953626830696491 40
0.06679614402659001 0.18727583040576837 40
0.04687350913573237 0.4671920787311271 95
0.04687350913573237 0.4671920787311271 40
0.04687350913573237 0.4671920787311271 40
0.2267659584323135 0.652310526739031 95
0.24969096498750906 0.7099633499652891 40
0.24969096498750906 0.7099633499652891 40
0.20432413151012194 0.06560836338765595 95
0.20432413151012194 0.06560836338765595 95
1.0 1.0 40
0.20432413151012194 0.06560836338765595 40
0.27939749460344093 0.0 40
0.24952950731291526 0.7337506016504429 40
0.10644889574841805 0.528047858206057 40
0.021328788454577287 0.407407862736821 40
0.0 0.3528203179923134 95
