0.2577438327142226 0.7514451317812958 40
0.2492825371291373 0.6955513523924274 40
0.16361329088232154 0.6358964124745127 40
0.07633726356763153 0.5760658440241947 40
0.022730737125778236 0.5239453508768686 40
0.0 0.4691606176116461 40
0.04602913942683089 0.4174737231704383 40
0.027218320068377412 0.3646612629455628 40
0.055218730435089694 0.306599278692812 40
0.08325891248164843 0.2560509520472721 40
0.13018620110828963 0.19963152994148653 40
0.2544725057266946 0.13564854340393265 40
0.4059837602861949 0.07886704387629584 40
0.725494510949587 0.0 40
1.0 1.0 40
0.4734664576586811 0.8946488740773697 40
0.3417782502123835 0.8240277358388468 40
0.2577438327142226 0.7514451317812958 95
0.2492825371291373 0.6955513523924274 95
0.16361329088232154 0.6358964124745127 95
0.07633726356763153 0.5760658440241947 95
0.022730737125778236 0.5239453508768686 95
0.0 0.4691606176116461 95
0.04602913942683089 0.4174737231704383 95
0.027218320068377412 0.3646612629455628 95
0.055218730435089694 0.306599278692812 95
0.08325891248164843 0.2560509520472721 95
0.13018620110828963 0.19963152994148653 95
0.2544725057266946 0.13564854340393265 95
0.4059837602861949 0.07886704387629584 95
0.725494510949587 0.0 95
1.0 1.0 95
0.4734664576586811 0.8946488740773697 95
0.3417782502123835 0.8240277358388468 95
0.04602913942683089 0.4174737231704383 40
0.055218730435089694 0.306599278692812 95
0.04602913942683089 0.4174737231704383 40
0.4734664576586811 0.8946488740773697 95
0.2544725057266946 0.13564854340393265 95
1.0 1.0 40
0.13018620110828963 0.19963152994148653 95
0.3417782502123835 0.8240277358388468 95
0.027218320068377412 0.3646612629455628 40
0.04602913942683089 0.4174737231704383 95
0.08325891248164843 0.2560509520472721 40
0.2544725057266946 0.13564854340393265 40
0.022730737125778236 0.5239453508768686 95
0.2577438327142226 0.7514451317812958 40
0.725494510949587 0.0 95
0.16361329088232154 0.6358964124745127 95
0.4734664576586811 0.8946488740773697 95
0.04602913942683089 0.4174737231704383 40
0.3417782502123835 0.8240277358388468 95
0.055218730435089694 0.306599278692812 40
0.08325891248164843 0.2560509520472721 95
0.027218320068377412 0.3646612629455628 40
1.0 1.0 40
0.2577438327142226 0.7514451317812958 95
0.0 0.4691606176116461 40
0.2492825371291373 0.6955513523924274 40
0.13018620110828963 0.19963152994148653 40
0.2492825371291373 0.6955513523924274 40
0.07633726356763153 0.5760658440241947 95
1.0 1.0 95
0.3417782502123835 0.8240277358388468 95
0.022730737125778236 0.5239453508768686 40
1.0 1.0 95
0.0 0.4691606176116461 40
0.2577438327142226 0.7514451317812958 95
0.04602913942683089 0.4174737231704383 40
0.2544725057266946 0.13564854340393265 95
0.16361329088232154 0.6358964124745127 40
0.022730737125778236 0.5239453508768686 40
0.0 0.4691606176116461 40
0.0 0.4691606176116461 40
0.3417782502123835 0.8240277358388468 40
0.16361329088232154 0.6358964124745127 40
0.07633726356763153 0.5760658440241947 40
0.3417782502123835 0.8240277358388468 95
0.13018620110828963 0.19963152994148653 40
0.027218320068377412 0.3646612629455628 40
0.3417782502123835 0.8240277358388468 95
0.0 0.4691606176116461 95
0.0 0.4691606176116461 95
0.2492825371291373 0.6955513523924274 95
0.04602913942683089 0.4174737231704383 95
0.07633726356763153 0.5760658440241947 40
0.2544725057266946 0.13564854340393265 95
0.055218730435089694 0.306599278692812 95
0.055218730435089694 0.306599278692812 40
1.0 1.0 95
0.0 0.4691606176116461 95
1.0 1.0 40
0.16361329088232154 0.6358964124745127 40
0.16361329088232154 0.6358964124745127 40
0.027218320068377412 0.3646612629455628 40
0.2577438327142226 0.7514451317812958 95
0.4734664576586811 0.8946488740773697 40
0.13018620110828963 0.19963152994148653 95
0.0 0.4691606176116461 40
0.08325891248164843 0.2560509520472721 40
0.022730737125778236 0.5239453508768686 40
0.04602913942683089 0.4174737231704383 40
0.07633726356763153 0.5760658440241947 40
1.0 1.0 95
0.2544725057266946 0.13564854340393265 40
0.4059837602861949 0.07886704387629584 40
1.0 1.0 95
0.13018620110828963 0.19963152994148653 40
0.0 0.4691606176116461 95
0.13018620110828963 0.19963152994148653 40
1.0 1.0 40
0.07633726356763153 0.5760658440241947 95
0.0 0.4691606176116461 40
0.2544725057266946 0.13564854340393265 95
0.027218320068377412 0.3646612629455628 40
0.055218730435089694 0.306599278692812 40
0.16361329088232154 0.6358964124745127 95
0.4734664576586811 0.8946488740773697 95
1.0 1.0 40
0.04602913942683089 0.4174737231704383 40
0.2577438327142226 0.7514451317812958 95
0.08325891248164843 0.2560509520472721 40
0.055218730435089694 0.306599278692812 40
0.2492825371291373 0.6955513523924274 95
1.0 1.0 95
0.2544725057266946 0.13564854340393265 40
0.725494510949587 0.0 40
0.4059837602861949 0.07886704387629584 40
1.0 1.0 40
0.027218320068377412 0.3646612629455628 40
0.0 0.4691606176116461 40
1.0 1.0 95
0.13018620110828963 0.19963152994148653 95
0.0 0.4691606176116461 40
0.0 0.4691606176116461 40
0.08325891248164843 0.2560509520472721 40
0.027218320068377412 0.3646612629455628 40
0.3417782502123835 0.8240277358388468 40
0.04602913942683089 0.4174737231704383 40
0.2544725057266946 0.13564854340393265 95
0.2544725057266946 0.13564854340393265 40
0.4734664576586811 0.8946488740773697 40
0.08325891248164843 0.2560509520472721 95
0.4734664576586811 0.8946488740773697 95
0.4734664576586811 0.8946488740773697 40
0.16361329088232154 0.6358964124745127 40
0.04602913942683089 0.4174737231704383 40
0.022730737125778236 0.5239453508768686 40
0.027218320068377412 0.3646612629455628 40
0.08325891248164843 0.2560509520472721 95
0.4059837602861949 0.07886704387629584 40
0.16361329088232154 0.6358964124745127 40
0.13018620110828963 0.19963152994148653 40
0.3417782502123835 0.8240277358388468 95
0.13018620110828963 0.19963152994148653 95
0.2577438327142226 0.7514451317812958 95
0.3417782502123835 0.8240277358388468 40
0.04602913942683089 0.4174737231704383 95
0.022730737125778236 0.5239453508768686 40
1.0 1.0 95
0.4059837602861949 0.07886704387629584 40
0.13018620110828963 0.19963152994148653 95
0.07633726356763153 0.5760658440241947 40
0.027218320068377412 0.3646612629455628 95
0.0 0.4691606176116461 95
0.027218320068377412 0.3646612629455628 95
0.16361329088232154 0.6358964124745127 95
0.022730737125778236 0.5239453508768686 40
0.2492825371291373 0.6955513523924274 95
0.08325891248164843 0.2560509520472721 95
0.055218730435089694 0.306599278692812 95
0.08325891248164843 0.2560509520472721 95
0.022730737125778236 0.5239453508768686 95
1.0 1.0 40
0.4059837602861949 0.07886704387629584 95
0.725494510949587 0.0 40
0.4734664576586811 0.8946488740773697 95
0.08325891248164843 0.2560509520472721 40
0.2544725057266946 0.13564854340393265 95
0.0 0.4691606176116461 40
0.0 0.4691606176116461 95
0.08325891248164843 0.2560509520472721 40
0.13018620110828963 0.19963152994148653 40
0.04602913942683089 0.4174737231704383 95
0.725494510949587 0.0 95
0.07633726356763153 0.5760658440241947 95
0.4734664576586811 0.8946488740773697 40
0.08325891248164843 0.2560509520472721 40
0.16361329088232154 0.6358964124745127 40
0.055218730435089694 0.306599278692812 95
0.08325891248164843 0.2560509520472721 40
0.07633726356763153 0.5760658440241947 40
0.07633726356763153 0.5760658440241947 95
0.16361329088232154 0.6358964124745127 40
0.08325891248164843 0.2560509520472721 95
1.0 1.0 95
0.027218320068377412 0.3646612629455628 95
1.0 1.0 40
0.055218730435089694 0.306599278692812 40
0.055218730435089694 0.306599278692812 95
0.2544725057266946 0.13564854340393265 40
0.3417782502123835 0.8240277358388468 40
0.725494510949587 0.0 95
0.13018620110828963 0.19963152994148653 40
0.4059837602861949 0.07886704387629584 40
0.3417782502123835 0.8240277358388468 95
0.027218320068377412 0.3646612629455628 40
0.0 0.4691606176116461 95
0.2492825371291373 0.6955513523924274 95
0.3417782502123835 0.8240277358388468 95
1.0 1.0 95
0.2544725057266946 0.13564854340393265 95
0.3417782502123835 0.8240277358388468 40
0.022730737125778236 0.5239453508768686 95
0.022730737125778236 0.5239453508768686 95
0.4734664576586811 0.8946488740773697 40
1.0 1.0 95
0.0 0.4691606176116461 40
0.3417782502123835 0.8240277358388468 40
0.725494510949587 0.0 95
0.16361329088232154 0.6358964124745127 40
1.0 1.0 40
0.04602913942683089 0.4174737231704383 95
0.725494510949587 0.0 40
0.4059837602861949 0.07886704387629584 95
0.4059837602861949 0.07886704387629584 95
0.08325891248164843 0.2560509520472721 95
0.4059837602861949 0.07886704387629584 95
0.08325891248164843 0.2560509520472721 40
0.725494510949587 0.0 95
0.16361329088232154 0.6358964124745127 95
0.07633726356763153 0.5760658440241947 40
0.055218730435089694 0.306599278692812 40
1.0 1.0 40
0.0 0.4691606176116461 40
0.16361329088232154 0.6358964124745127 40
0.022730737125778236 0.5239453508768686 40
1.0 1.0 95
0.07633726356763153 0.5760658440241947 95
0.027218320068377412 0.3646612629455628 95
0.13018620110828963 0.19963152994148653 95
1.0 1.0 40
0.3417782502123835 0.8240277358388468 40
0.3417782502123835 0.8240277358388468 40
0.13018620110828963 0.19963152994148653 40
0.022730737125778236 0.5239453508768686 95
0.08325891248164843 0.2560509520472721 95
0.0 0.4691606176116461 40
0.08325891248164843 0.2560509520472721 40
1.0 1.0 95
1.0 1.0 95
0.0 0.4691606176116461 95
0.022730737125778236 0.5239453508768686 40
0.07633726356763153 0.5760658440241947 40
0.0 0.4691606176116461 95
