0.2649975553453254 0.7222324357027585 40
0.21113400746105535 0.6616456389409096 40
0.22706241508922173 0.6040031436949288 40
0.11693056052182221 0.5332807289763662 40
0.051479703883304626 0.47501854590904097 40
0.02721846624080024 0.41795972548442595 40
0.0 0.35543187360934675 40
0.050374345653615274 0.301375894795315 40
0.041594845432681715 0.24003904639842813 40
0.0734822235085779 0.18970048783306348 40
0.11817612977213862 0.1278300061185732 40
0.17808245806042503 0.06254988176727223 40
0.258722757787291 0.0 40
1.0 1.0 40
0.5827211054511121 0.88583033382173 40
0.38058432825473537 0.8078477807463194 40
0.2720149859514188 0.7305504673405961 40
0.2649975553453254 0.7222324357027585 95
0.21113400746105535 0.6616456389409096 95
0.22706241508922173 0.6040031436949288 95
0.11693056052182221 0.5332807289763662 95
0.051479703883304626 0.47501854590904097 95
0.02721846624080024 0.41795972548442595 95
0.0 0.35543187360934675 95
0.050374345653615274 0.301375894795315 95
0.041594845432681715 0.24003904639842813 95
0.0734822235085779 0.18970048783306348 95
0.11817612977213862 0.1278300061185732 95
0.17808245806042503 0.06254988176727223 95
0.258722757787291 0.0 95
1.0 1.0 95
0.5827211054511121 0.88583033382173 95
0.38058432825473537 0.8078477807463194 95
0.2720149859514188 0.7305504673405961 95
0.38058432825473537 0.8078477807463194 40
0.0 0.35543187360934675 40
0.2720149859514188 0.7305504673405961 40
0.2720149859514188 0.7305504673405961 95
0.38058432825473537 0.8078477807463194 40
0.22706241508922173 0.6040031436949288 95
0.17808245806042503 0.06254988176727223 95
0.5827211054511121 0.88583033382173 95
0.041594845432681715 0.24003904639842813 95
0.0734822235085779 0.18970048783306348 95
0.22706241508922173 0.6040031436949288 95
0.0 0.35543187360934675 40
0.11817612977213862 0.1278300061185732 95
0.21113400746105535 0.6616456389409096 40
1.0 1.0 40
0.21113400746105535 0.6616456389409096 95
0.2720149859514188 0.7305504673405961 40
1.0 1.0 40
0.0 0.35543187360934675 40
0.2649975553453254 0.7222324357027585 95
0.38058432825473537 0.8078477807463194 40
0.22706241508922173 0.6040031436949288 40
0.0734822235085779 0.18970048783306348 95
0.02721846624080024 0.41795972548442595 40
0.041594845432681715 0.24003904639842813 40
0.21113400746105535 0.6616456389409096 95
0.258722757787291 0.0 40
0.22706241508922173 0.6040031436949288 40
0.17808245806042503 0.06254988176727223 40
0.051479703883304626 0.47501854590904097 40
0.02721846624080024 0.41795972548442595 95
0.22706241508922173 0.6040031436949288 95
0.2720149859514188 0.7305504673405961 40
0.11693056052182221 0.5332807289763662 40
0.258722757787291 0.0 95
0.258722757787291 0.0 40
0.5827211054511121 0.88583033382173 40
0.5827211054511121 0.88583033382173 40
1.0 1.0 95
0.38058432825473537 0.8078477807463194 40
0.22706241508922173 0.6040031436949288 40
0.0734822235085779 0.18970048783306348 95
0.11693056052182221 0.5332807289763662 40
0.02721846624080024 0.41795972548442595 40
1.0 1.0 95
0.050374345653615274 0.301375894795315 40
0.38058432825473537 0.8078477807463194 95
0.02721846624080024 0.41795972548442595 95
0.0 0.35543187360934675 95
0.258722757787291 0.0 95
0.2720149859514188 0.7305504673405961 40
0.21113400746105535 0.6616456389409096 95
0.5827211054511121 0.88583033382173 95
0.0734822235085779 0.18970048783306348 95
0.2720149859514188 0.7305504673405961 95
0.041594845432681715 0.24003904639842813 95
0.17808245806042503 0.06254988176727223 40
0.041594845432681715 0.24003904639842813 40
0.2649975553453254 0.7222324357027585 95
0.22706241508922173 0.6040031436949288 40
0.2649975553453254 0.7222324357027585 95
0.17808245806042503 0.06254988176727223 40
0.02721846624080024 0.41795972548442595 95
0.22706241508922173 0.6040031436949288 40
0.2649975553453254 0.7222324357027585 95
0.2649975553453254 0.7222324357027585 40
0.051479703883304626 0.47501854590904097 40
0.0 0.35543187360934675 95
0.21113400746105535 0.6616456389409096 40
0.22706241508922173 0.6040031436949288 95
0.051479703883304626 0.47501854590904097 40
0.11693056052182221 0.5332807289763662 95
0.041594845432681715 0.24003904639842813 40
0.11693056052182221 0.5332807289763662 40
0.02721846624080024 0.41795972548442595 95
0.17808245806042503 0.06254988176727223 95
0.22706241508922173 0.6040031436949288 95
0.051479703883304626 0.47501854590904097 95
1.0 1.0 95
0.2649975553453254 0.7222324357027585 95
0.041594845432681715 0.24003904639842813 95
0.02721846624080024 0.41795972548442595 95
0.5827211054511121 0.88583033382173 95
0.11817612977213862 0.1278300061185732 40
0.2649975553453254 0.7222324357027585 95
0.5827211054511121 0.88583033382173 40
0.22706241508922173 0.6040031436949288 40
0.11693056052182221 0.5332807289763662 95
0.11693056052182221 0.5332807289763662 95
0.11693056052182221 0.5332807289763662 95
0.0734822235085779 0.18970048783306348 40
0.22706241508922173 0.6040031436949288 40
0.11693056052182221 0.5332807289763662 40
0.21113400746105535 0.6616456389409096 40
0.051479703883304626 0.47501854590904097 40
0.38058432825473537 0.8078477807463194 40
0.38058432825473537 0.8078477807463194 40
0.2649975553453254 0.7222324357027585 40
0.2720149859514188 0.7305504673405961 95
0.258722757787291 0.0 40
0.051479703883304626 0.47501854590904097 95
0.050374345653615274 0.301375894795315 95
0.22706241508922173 0.6040031436949288 95
0.02721846624080024 0.41795972548442595 40
0.11817612977213862 0.1278300061185732 95
0.17808245806042503 0.06254988176727223 95
0.041594845432681715 0.24003904639842813 40
0.11817612977213862 0.1278300061185732 95
0.2720149859514188 0.7305504673405961 40
0.2720149859514188 0.7305504673405961 40
0.38058432825473537 0.8078477807463194 40
0.2720149859514188 0.7305504673405961 40
0.2649975553453254 0.7222324357027585 40
0.17808245806042503 0.06254988176727223 95
0.17808245806042503 0.06254988176727223 40
0.258722757787291 0.0 40
0.22706241508922173 0.6040031436949288 40
0.2649975553453254 0.7222324357027585 40
0.050374345653615274 0.301375894795315 40
0.0 0.35543187360934675 95
0.041594845432681715 0.24003904639842813 95
0.0 0.35543187360934675 95
0.02721846624080024 0.41795972548442595 40
0.11817612977213862 0.1278300061185732 95
0.22706241508922173 0.6040031436949288 40
0.17808245806042503 0.06254988176727223 40
0.2720149859514188 0.7305504673405961 40
0.21113400746105535 0.6616456389409096 40
0.17808245806042503 0.06254988176727223 40
0.041594845432681715 0.24003904639842813 40
0.258722757787291 0.0 95
1.0 1.0 40
0.21113400746105535 0.6616456389409096 40
0.2720149859514188 0.7305504673405961 40
0.050374345653615274 0.301375894795315 40
0.11817612977213862 0.1278300061185732 40
0.041594845432681715 0.24003904639842813 95
1.0 1.0 40
0.258722757787291 0.0 95
0.21113400746105535 0.6616456389409096 40
0.21113400746105535 0.6616456389409096 95
0.22706241508922173 0.6040031436949288 95
0.0734822235085779 0.18970048783306348 95
0.0 0.35543187360934675 95
0.2720149859514188 0.7305504673405961 40
0.041594845432681715 0.24003904639842813 95
0.0734822235085779 0.18970048783306348 95
0.258722757787291 0.0 40
0.2720149859514188 0.7305504673405961 40
0.0 0.35543187360934675 95
0.11817612977213862 0.1278300061185732 40
0.0 0.35543187360934675 95
0.21113400746105535 0.6616456389409096 40
0.5827211054511121 0.88583033382173 40
0.258722757787291 0.0 95
0.02721846624080024 0.41795972548442595 95
0.5827211054511121 0.88583033382173 95
0.11693056052182221 0.5332807289763662 95
1.0 1.0 40
0.050374345653615274 0.301375894795315 95
0.02721846624080024 0.41795972548442595 95
0.2720149859514188 0.7305504673405961 40
0.041594845432681715 0.24003904639842813 95
0.051479703883304626 0.47501854590904097 40
0.21113400746105535 0.6616456389409096 40
0.22706241508922173 0.6040031436949288 40
0.258722757787291 0.0 40
0.5827211054511121 0.88583033382173 40
1.0 1.0 95
0.11693056052182221 0.5332807289763662 40
0.5827211054511121 0.88583033382173 40
0.5827211054511121 0.88583033382173 40
0.050374345653615274 0.301375894795315 95
0.11817612977213862 0.1278300061185732 40
0.21113400746105535 0.6616456389409096 40
0.5827211054511121 0.88583033382173 95
0.17808245806042503 0.06254988176727223 95
0.38058432825473537 0.8078477807463194 40
0.0 0.35543187360934675 95
0.17808245806042503 0.06254988176727223 40
0.2720149859514188 0.7305504673405961 95
0.258722757787291 0.0 95
0.0734822235085779 0.18970048783306348 95
0.258722757787291 0.0 95
0.0 0.35543187360934675 95
0.11693056052182221 0.5332807289763662 95
0.11693056052182221 0.5332807289763662 95
0.2720149859514188 0.7305504673405961 95
0.2720149859514188 0.7305504673405961 95
1.0 1.0 40
0.5827211054511121 0.88583033382173 40
0.21113400746105535 0.6616456389409096 40
0.21113400746105535 0.6616456389409096 40
0.11693056052182221 0.5332807289763662 95
0.11693056052182221 0.5332807289763662 95
0.22706241508922173 0.6040031436949288 95
0.17808245806042503 0.06254988176727223 40
0.11693056052182221 0.5332807289763662 40
0.2720149859514188 0.7305504673405961 40
0.11817612977213862 0.1278300061185732 95
0.0 0.35543187360934675 40
0.11817612977213862 0.1278300061185732 40
0.5827211054511121 0.88583033382173 40
0.0 0.35543187360934675 40
0.5827211054511121 0.88583033382173 40
0.21113400746105535 0.6616456389409096 95
0.11817612977213862 0.1278300061185732 95
0.22706241508922173 0.6040031436949288 95
0.0 0.35543187360934675 95
0.050374345653615274 0.301375894795315 40
0.38058432825473537 0.8078477807463194 95
0.041594845432681715 0.24003904639842813 95
0.0734822235085779 0.18970048783306348 40
1.0 1.0 95
0.11817612977213862 0.1278300061185732 40
0.0734822235085779 0.18970048783306348 95
0.11817612977213862 0.1278300061185732 40
0.21113400746105535 0.6616456389409096 40
0.2649975553453254 0.7222324357027585 95
0.041594845432681715 0.24003904639842813 40
0.0734822235085779 0.18970048783306348 40
0.21113400746105535 0.6616456389409096 95
