0.26534857025732556 0.7221871884123741 40
0.21399756490385605 0.6548822196705207 40
0.22358349553131684 0.5985928532097414 40
0.12150089756864244 0.531210925938817 40
0.05506482874335619 0.4704176643464166 40
0.030793433721938473 0.41559464995898876 40
0.0 0.3553062707419026 40
0.05579466054926553 0.304136638389298 40
0.047111080392010535 0.24098747270305215 40
0.0765742930730322 0.1888632297254215 40
0.12244817339414756 0.12578553216233218 40
0.17449462918483583 0.06248575030383789 40
0.2466159908761633 0.0 40
1.0 1.0 40
0.6085022960771286 0.8901433466629028 40
0.3809831428309667 0.8039747564422308 40
0.26947751448006724 0.7331509548522562 40
0.26534857025732556 0.7221871884123741 95
0.21399756490385605 0.6548822196705207 95
0.22358349553131684 0.5985928532097414 95
0.12150089756864244 0.531210925938817 95
0.05506482874335619 0.4704176643464166 95
0.030793433721938473 0.41559464995898876 95
0.0 0.3553062707419026 95
0.05579466054926553 0.304136638389298 95
0.047111080392010535 0.24098747270305215 95
0.0765742930730322 0.1888632297254215 95
0.12244817339414756 0.12578553216233218 95
0.17449462918483583 0.06248575030383789 95
0.2466159908761633 0.0 95
1.0 1.0 95
0.6085022960771286 0.8901433466629028 95
0.3809831428309667 0.8039747564422308 95
0.26947751448006724 0.7331509548522562 95
0.12150089756864244 0.531210925938817 95
0.12150089756864244 0.531210925938817 95
0.05506482874335619 0.4704176643464166 95
0.12244817339414756 0.12578553216233218 95
0.17449462918483583 0.06248575030383789 40
0.26947751448006724 0.7331509548522562 95
0.26947751448006724 0.7331509548522562 95
0.26947751448006724 0.7331509548522562 40
0.21399756490385605 0.6548822196705207 40
0.21399756490385605 0.6548822196705207 95
0.047111080392010535 0.24098747270305215 40
0.26534857025732556 0.7221871884123741 40
0.05579466054926553 0.304136638389298 95
0.12244817339414756 0.12578553216233218 40
0.12244817339414756 0.12578553216233218 95
0.22358349553131684 0.5985928532097414 40
0.3809831428309667 0.8039747564422308 40
0.26947751448006724 0.7331509548522562 95
0.26534857025732556 0.7221871884123741 40
0.030793433721938473 0.41559464995898876 40
0.26947751448006724 0.7331509548522562 95
0.26534857025732556 0.7221871884123741 95
0.12244817339414756 0.12578553216233218 40
0.0 0.3553062707419026 40
0.047111080392010535 0.24098747270305215 40
0.2466159908761633 0.0 40
0.17449462918483583 0.06248575030383789 95
0.12150089756864244 0.531210925938817 40
0.12244817339414756 0.12578553216233218 40
0.3809831428309667 0.8039747564422308 40
0.0765742930730322 0.1888632297254215 40
0.26534857025732556 0.7221871884123741 40
0.05579466054926553 0.304136638389298 40
0.21399756490385605 0.6548822196705207 95
0.2466159908761633 0.0 95
0.17449462918483583 0.06248575030383789 40
0.05579466054926553 0.304136638389298 95
0.12244817339414756 0.12578553216233218 95
0.3809831428309667 0.8039747564422308 40
0.17449462918483583 0.06248575030383789 95
0.6085022960771286 0.8901433466629028 95
0.6085022960771286 0.8901433466629028 95
0.047111080392010535 0.24098747270305215 40
0.047111080392010535 0.24098747270305215 40
0.12244817339414756 0.12578553216233218 95
0.26534857025732556 0.7221871884123741 95
0.2466159908761633 0.0 95
0.26947751448006724 0.7331509548522562 40
0.05579466054926553 0.304136638389298 95
0.05579466054926553 0.304136638389298 40
0.05579466054926553 0.304136638389298 40
0.047111080392010535 0.24098747270305215 40
0.26947751448006724 0.7331509548522562 95
0.05579466054926553 0.304136638389298 40
0.05506482874335619 0.4704176643464166 40
0.030793433721938473 0.41559464995898876 95
0.0 0.3553062707419026 95
0.2466159908761633 0.0 95
0.047111080392010535 0.24098747270305215 40
0.22358349553131684 0.5985928532097414 95
0.12244817339414756 0.12578553216233218 40
0.12244817339414756 0.12578553216233218 95
0.17449462918483583 0.06248575030383789 95
0.22358349553131684 0.5985928532097414 95
0.0 0.3553062707419026 40
0.030793433721938473 0.41559464995898876 40
0.6085022960771286 0.8901433466629028 40
0.05506482874335619 0.4704176643464166 40
0.6085022960771286 0.8901433466629028 95
0.22358349553131684 0.5985928532097414 40
0.047111080392010535 0.24098747270305215 95
0.2466159908761633 0.0 40
0.12150089756864244 0.531210925938817 95
0.2466159908761633 0.0 95
0.26534857025732556 0.7221871884123741 95
0.26534857025732556 0.7221871884123741 40
0.12150089756864244 0.531210925938817 40
0.030793433721938473 0.41559464995898876 95
0.26947751448006724 0.7331509548522562 40
0.3809831428309667 0.8039747564422308 95
0.6085022960771286 0.8901433466629028 95
0.26947751448006724 0.7331509548522562 40
0.17449462918483583 0.06248575030383789 40
0.26947751448006724 0.7331509548522562 40
0.22358349553131684 0.5985928532097414 40
0.047111080392010535 0.24098747270305215 95
0.3809831428309667 0.8039747564422308 40
0.05506482874335619 0.4704176643464166 40
0.26534857025732556 0.7221871884123741 95
0.0 0.3553062707419026 40
0.05506482874335619 0.4704176643464166 40
0.05506482874335619 0.4704176643464166 95
0.12244817339414756 0.12578553216233218 40
0.05579466054926553 0.304136638389298 40
0.05579466054926553 0.304136638389298 40
0.2466159908761633 0.0 40
0.05506482874335619 0.4704176643464166 40
0.0 0.3553062707419026 95
0.2466159908761633 0.0 95
0.12244817339414756 0.12578553216233218 95
1.0 1.0 95
0.3809831428309667 0.8039747564422308 95
0.3809831428309667 0.8039747564422308 95
0.0 0.3553062707419026 95
0.0 0.3553062707419026 95
0.0765742930730322 0.1888632297254215 95
0.2466159908761633 0.0 95
0.12150089756864244 0.531210925938817 40
0.17449462918483583 0.06248575030383789 95
0.047111080392010535 0.24098747270305215 40
0.05506482874335619 0.4704176643464166 95
0.2466159908761633 0.0 95
0.05506482874335619 0.4704176643464166 40
0.22358349553131684 0.5985928532097414 40
0.22358349553131684 0.5985928532097414 95
0.12244817339414756 0.12578553216233218 40
0.26947751448006724 0.7331509548522562 40
0.030793433721938473 0.41559464995898876 40
0.21399756490385605 0.6548822196705207 40
0.17449462918483583 0.06248575030383789 95
0.05579466054926553 0.304136638389298 40
0.0765742930730322 0.1888632297254215 40
0.05506482874335619 0.4704176643464166 40
0.6085022960771286 0.8901433466629028 40
0.047111080392010535 0.24098747270305215 95
0.0 0.3553062707419026 95
0.26534857025732556 0.7221871884123741 95
0.05506482874335619 0.4704176643464166 95
0.26534857025732556 0.7221871884123741 40
0.05506482874335619 0.4704176643464166 40
0.26947751448006724 0.7331509548522562 40
0.6085022960771286 0.8901433466629028 40
0.26947751448006724 0.7331509548522562 40
0.6085022960771286 0.8901433466629028 40
0.05506482874335619 0.4704176643464166 40
0.05506482874335619 0.4704176643464166 40
0.0 0.3553062707419026 40
0.21399756490385605 0.6548822196705207 40
0.22358349553131684 0.5985928532097414 40
0.17449462918483583 0.06248575030383789 95
0.21399756490385605 0.6548822196705207 95
0.21399756490385605 0.6548822196705207 95
0.047111080392010535 0.24098747270305215 40
0.17449462918483583 0.06248575030383789 95
0.05579466054926553 0.304136638389298 95
0.17449462918483583 0.06248575030383789 95
0.030793433721938473 0.41559464995898876 95
0.2466159908761633 0.0 40
0.0765742930730322 0.1888632297254215 40
0.3809831428309667 0.8039747564422308 95
0.05506482874335619 0.4704176643464166 40
0.0765742930730322 0.1888632297254215 40
0.030793433721938473 0.41559464995898876 95
0.22358349553131684 0.5985928532097414 40
0.12150089756864244 0.531210925938817 40
0.22358349553131684 0.5985928532097414 40
0.12244817339414756 0.12578553216233218 40
0.26534857025732556 0.7221871884123741 95
0.22358349553131684 0.5985928532097414 40
0.047111080392010535 0.24098747270305215 40
0.26534857025732556 0.7221871884123741 95
0.047111080392010535 0.24098747270305215 95
0.26534857025732556 0.7221871884123741 95
0.21399756490385605 0.6548822196705207 40
0.0765742930730322 0.1888632297254215 40
0.0 0.3553062707419026 40
0.0 0.3553062707419026 40
0.05506482874335619 0.4704176643464166 40
0.21399756490385605 0.6548822196705207 95
0.2466159908761633 0.0 40
0.047111080392010535 0.24098747270305215 40
0.21399756490385605 0.6548822196705207 40
0.17449462918483583 0.06248575030383789 40
0.6085022960771286 0.8901433466629028 40
0.0765742930730322 0.1888632297254215 95
0.3809831428309667 0.8039747564422308 95
0.0 0.3553062707419026 40
1.0 1.0 95
0.22358349553131684 0.5985928532097414 40
0.047111080392010535 0.24098747270305215 40
0.047111080392010535 0.24098747270305215 40
0.22358349553131684 0.5985928532097414 95
0.12150089756864244 0.531210925938817 40
0.12244817339414756 0.12578553216233218 40
0.26947751448006724 0.7331509548522562 40
0.26534857025732556 0.7221871884123741 95
0.22358349553131684 0.5985928532097414 95
0.17449462918483583 0.06248575030383789 40
0.21399756490385605 0.6548822196705207 95
0.3809831428309667 0.8039747564422308 40
0.0 0.3553062707419026 95
0.047111080392010535 0.24098747270305215 95
0.12244817339414756 0.12578553216233218 40
0.030793433721938473 0.41559464995898876 95
0.6085022960771286 0.8901433466629028 95
0.12150089756864244 0.531210925938817 95
0.030793433721938473 0.41559464995898876 95
0.047111080392010535 0.24098747270305215 40
0.22358349553131684 0.5985928532097414 40
0.0765742930730322 0.1888632297254215 95
0.26947751448006724 0.7331509548522562 40
0.05579466054926553 0.304136638389298 95
0.05579466054926553 0.304136638389298 95
0.26947751448006724 0.7331509548522562 95
0.17449462918483583 0.06248575030383789 95
0.05506482874335619 0.4704176643464166 40
0.05506482874335619 0.4704176643464166 95
0.12150089756864244 0.531210925938817 95
0.12150089756864244 0.531210925938817 40
0.0 0.3553062707419026 95
0.22358349553131684 0.5985928532097414 95
0.12244817339414756 0.12578553216233218 95
1.0 1.0 95
0.21399756490385605 0.6548822196705207 95
0.030793433721938473 0.41559464995898876 40
0.21399756490385605 0.6548822196705207 95
0.047111080392010535 0.24098747270305215 40
0.0765742930730322 0.1888632297254215 40
0.6085022960771286 0.8901433466629028 95
0.0765742930730322 0.1888632297254215 95
1.0 1.0 40
0.12150089756864244 0.531210925938817 40
