0.862395913885429 0.15124411587964753 40
0.8589510428118718 0.1394618885633013 40
0.8493923808095051 0.12784298964097743 40
0.8351297554600972 0.11514732963441993 40
0.8184103566877278 0.10403643750422016 40
0.8180951411609514 0.09263666636195686 40
0.8151939939576981 0.08164231527255558 40
0.8158965456760445 0.07027692993868179 40
0.8242678821482375 0.06064443223206906 40
0.8259662380831757 0.04858527030051647 40
0.8315154180020089 0.037850979983406585 40
0.8526114747632103 0.026325699053668043 40
0.8752059315398253 0.012756852021186687 40
0.9083698974969019 0.0 40
0.0 1.0 40
0.04690833315266629 0.988727622519905 40
0.09681659207109146 0.9862556880028633 40
1.0 0.19875157601392518 40
0.9004559898216549 0.17627023322346566 40
0.87791499593799 0.16247110407123358 40
0.862395913885429 0.15124411587964753 95
0.8589510428118718 0.1394618885633013 95
0.8493923808095051 0.12784298964097743 95
0.8351297554600972 0.11514732963441993 95
0.8184103566877278 0.10403643750422016 95
0.8180951411609514 0.09263666636195686 95
0.8151939939576981 0.08164231527255558 95
0.8158965456760445 0.07027692993868179 95
0.8242678821482375 0.06064443223206906 95
0.8259662380831757 0.04858527030051647 95
0.8315154180020089 0.037850979983406585 95
0.8526114747632103 0.026325699053668043 95
0.8752059315398253 0.012756852021186687 95
0.9083698974969019 0.0 95
0.0 1.0 95
0.04690833315266629 0.988727622519905 95
0.09681659207109146 0.9862556880028633 95
1.0 0.19875157601392518 95
0.9004559898216549 0.17627023322346566 95
0.87791499593799 0.16247110407123358 95
0.8242678821482375 0.06064443223206906 95
0.8259662380831757 0.04858527030051647 95
0.04690833315266629 0.988727622519905 40
1.0 0.19875157601392518 40
0.87791499593799 0.16247110407123358 95
0.8589510428118718 0.1394618885633013 95
0.87791499593799 0.16247110407123358 40
0.8351297554600972 0.11514732963441993 95
0.8259662380831757 0.04858527030051647 95
0.04690833315266629 0.988727622519905 40
0.8259662380831757 0.04858527030051647 40
0.04690833315266629 0.988727622519905 95
0.8589510428118718 0.1394618885633013 95
0.8180951411609514 0.09263666636195686 95
0.8180951411609514 0.09263666636195686 95
0.8589510428118718 0.1394618885633013 40
0.8351297554600972 0.11514732963441993 95
0.8752059315398253 0.012756852021186687 95
0.8151939939576981 0.08164231527255558 40
0.9004559898216549 0.17627023322346566 95
0.8259662380831757 0.04858527030051647 95
0.8242678821482375 0.06064443223206906 95
0.8351297554600972 0.11514732963441993 95
0.0 1.0 40
0.8589510428118718 0.1394618885633013 40
1.0 0.19875157601392518 95
0.9083698974969019 0.0 40
0.8242678821482375 0.06064443223206906 95
0.8315154180020089 0.037850979983406585 40
0.9083698974969019 0.0 40
0.8589510428118718 0.1394618885633013 95
0.8242678821482375 0.06064443223206906 95
0.09681659207109146 0.9862556880028633 95
0.04690833315266629 0.988727622519905 40
0.8151939939576981 0.08164231527255558 40
0.862395913885429 0.15124411587964753 40
0.9083698974969019 0.0 95
1.0 0.19875157601392518 95
0.8752059315398253 0.012756852021186687 95
0.0 1.0 40
0.8315154180020089 0.037850979983406585 95
0.8589510428118718 0.1394618885633013 40
0.8184103566877278 0.10403643750422016 40
0.8351297554600972 0.11514732963441993 95
0.8315154180020089 0.037850979983406585 40
0.8351297554600972 0.11514732963441993 40
0.09681659207109146 0.9862556880028633 95
0.09681659207109146 0.9862556880028633 95
1.0 0.19875157601392518 40
0.8526114747632103 0.026325699053668043 40
1.0 0.19875157601392518 40
0.8259662380831757 0.04858527030051647 95
0.8526114747632103 0.026325699053668043 40
0.862395913885429 0.15124411587964753 40
0.87791499593799 0.16247110407123358 40
0.8526114747632103 0.026325699053668043 40
0.9083698974969019 0.0 40
1.0 0.19875157601392518 40
1.0 0.19875157601392518 40
1.0 0.19875157601392518 95
0.8180951411609514 0.09263666636195686 95
0.8493923808095051 0.12784298964097743 95
0.87791499593799 0.16247110407123358 95
0.8184103566877278 0.10403643750422016 95
1.0 0.19875157601392518 40
0.09681659207109146 0.9862556880028633 95
0.87791499593799 0.16247110407123358 40
1.0 0.19875157601392518 95
1.0 0.19875157601392518 40
0.8589510428118718 0.1394618885633013 95
0.9004559898216549 0.17627023322346566 95
0.9004559898216549 0.17627023322346566 40
0.8493923808095051 0.12784298964097743 40
0.9004559898216549 0.17627023322346566 40
0.09681659207109146 0.9862556880028633 40
0.8151939939576981 0.08164231527255558 40
0.8242678821482375 0.06064443223206906 40
0.9004559898216549 0.17627023322346566 95
0.862395913885429 0.15124411587964753 95
0.8589510428118718 0.1394618885633013 40
0.8158965456760445 0.07027692993868179 95
0.862395913885429 0.15124411587964753 95
0.8315154180020089 0.037850979983406585 95
0.8526114747632103 0.026325699053668043 95
0.0 1.0 40
0.862395913885429 0.15124411587964753 95
0.862395913885429 0.15124411587964753 95
0.8589510428118718 0.1394618885633013 95
0.09681659207109146 0.9862556880028633 95
0.9083698974969019 0.0 95
0.8242678821482375 0.06064443223206906 95
0.8184103566877278 0.10403643750422016 40
0.8315154180020089 0.037850979983406585 95
0.8526114747632103 0.026325699053668043 95
0.04690833315266629 0.988727622519905 40
0.8151939939576981 0.08164231527255558 40
0.8180951411609514 0.09263666636195686 40
0.862395913885429 0.15124411587964753 40
0.04690833315266629 0.988727622519905 95
0.8184103566877278 0.10403643750422016 40
0.8180951411609514 0.09263666636195686 95
0.9083698974969019 0.0 40
0.0 1.0 95
0.8526114747632103 0.026325699053668043 40
0.8752059315398253 0.012756852021186687 40
0.8259662380831757 0.04858527030051647 40
0.862395913885429 0.15124411587964753 95
0.04690833315266629 0.988727622519905 95
0.8315154180020089 0.037850979983406585 95
0.8526114747632103 0.026325699053668043 40
0.8526114747632103 0.026325699053668043 40
0.8589510428118718 0.1394618885633013 40
0.8158965456760445 0.07027692993868179 40
0.9083698974969019 0.0 95
0.8526114747632103 0.026325699053668043 95
0.0 1.0 40
0.8180951411609514 0.09263666636195686 95
0.8184103566877278 0.10403643750422016 40
0.09681659207109146 0.9862556880028633 95
0.8315154180020089 0.037850979983406585 95
0.87791499593799 0.16247110407123358 40
0.0 1.0 95
0.862395913885429 0.15124411587964753 95
0.8315154180020089 0.037850979983406585 95
0.87791499593799 0.16247110407123358 40
0.862395913885429 0.15124411587964753 95
0.8242678821482375 0.06064443223206906 40
0.8526114747632103 0.026325699053668043 40
0.8315154180020089 0.037850979983406585 95
0.9083698974969019 0.0 40
0.04690833315266629 0.988727622519905 95
0.8151939939576981 0.08164231527255558 95
0.0 1.0 95
0.8526114747632103 0.026325699053668043 95
0.8184103566877278 0.10403643750422016 40
0.8493923808095051 0.12784298964097743 95
0.8526114747632103 0.026325699053668043 95
0.8180951411609514 0.09263666636195686 95
0.8526114747632103 0.026325699053668043 95
0.8589510428118718 0.1394618885633013 95
0.862395913885429 0.15124411587964753 95
0.87791499593799 0.16247110407123358 95
1.0 0.19875157601392518 95
0.8315154180020089 0.037850979983406585 95
0.8151939939576981 0.08164231527255558 40
0.9083698974969019 0.0 40
0.862395913885429 0.15124411587964753 40
0.8151939939576981 0.08164231527255558 95
0.8752059315398253 0.012756852021186687 40
0.9004559898216549 0.17627023322346566 40
0.09681659207109146 0.9862556880028633 95
0.8493923808095051 0.12784298964097743 95
0.9083698974969019 0.0 40
0.87791499593799 0.16247110407123358 95
0.87791499593799 0.16247110407123358 40
0.9004559898216549 0.17627023322346566 40
0.8184103566877278 0.10403643750422016 40
0.8242678821482375 0.06064443223206906 40
0.8315154180020089 0.037850979983406585 40
1.0 0.19875157601392518 95
0.8589510428118718 0.1394618885633013 40
0.87791499593799 0.16247110407123358 95
0.8526114747632103 0.026325699053668043 40
0.8151939939576981 0.08164231527255558 40
0.9083698974969019 0.0 95
0.0 1.0 95
0.8315154180020089 0.037850979983406585 40
0.8184103566877278 0.10403643750422016 40
0.8752059315398253 0.012756852021186687 95
0.09681659207109146 0.9862556880028633 40
0.8752059315398253 0.012756852021186687 40
0.862395913885429 0.15124411587964753 40
0.8242678821482375 0.06064443223206906 95
0.87791499593799 0.16247110407123358 95
0.8151939939576981 0.08164231527255558 40
0.8180951411609514 0.09263666636195686 40
1.0 0.19875157601392518 40
0.8351297554600972 0.11514732963441993 40
0.8589510428118718 0.1394618885633013 40
0.8589510428118718 0.1394618885633013 40
1.0 0.19875157601392518 40
0.8184103566877278 0.10403643750422016 95
0.9083698974969019 0.0 95
0.8151939939576981 0.08164231527255558 40
0.09681659207109146 0.9862556880028633 40
0.09681659207109146 0.9862556880028633 40
0.8493923808095051 0.12784298964097743 40
0.8259662380831757 0.04858527030051647 95
0.8151939939576981 0.08164231527255558 95
0.8184103566877278 0.10403643750422016 95
0.8315154180020089 0.037850979983406585 40
0.8493923808095051 0.12784298964097743 95
0.8158965456760445 0.07027692993868179 40
0.8351297554600972 0.11514732963441993 40
0.8242678821482375 0.06064443223206906 40
0.9083698974969019 0.0 40
0.8493923808095051 0.12784298964097743 95
0.8752059315398253 0.012756852021186687 95
0.8158965456760445 0.07027692993868179 95
0.8242678821482375 0.06064443223206906 40
0.8493923808095051 0.12784298964097743 40
0.8259662380831757 0.04858527030051647 40
0.8589510428118718 0.1394618885633013 95
0.0 1.0 95
0.862395913885429 0.15124411587964753 95
0.862395913885429 0.15124411587964753 95
0.8752059315398253 0.012756852021186687 95
0.8526114747632103 0.026325699053668043 95
0.8589510428118718 0.1394618885633013 40
0.9083698974969019 0.0 40
0.0 1.0 95
0.8315154180020089 0.037850979983406585 95
0.8493923808095051 0.12784298964097743 40
0.8242678821482375 0.06064443223206906 40
0.9083698974969019 0.0 95
0.0 1.0 95
