0.8749274729377576 0.13266782850189893 40
0.8686589974776509 0.12269249475597235 40
0.8606870153474945 0.11189594574827515 40
0.8537159338663933 0.10156300792425975 40
0.8350671571236963 0.0907685284048818 40
0.832901208060865 0.08225047076952742 40
0.8329883864333771 0.07232049657870467 40
0.8341680504213945 0.06214601501283434 40
0.8348501077156538 0.05272732132215845 40
0.8425142188943499 0.04360594962015517 40
0.8514297360440103 0.03311451318191531 40
0.865125541739773 0.022368574066284556 40
0.8939941488305989 0.01081145235481885 40
0.9247055228972094 0.0 40
0.0 1.0 40
0.04915387223533614 0.9865135299972675 40
0.1007442838225792 0.9870463908524698 40
0.12184817718391533 0.8857986181723406 40
0.16534468064645128 0.8729242051619672 40
0.2074903416802879 0.8679897843049925 40
1.0 0.17694593744119202 40
0.9103370224651977 0.1579919885581696 40
0.8901092358577645 0.1457049908871843 40
0.8749274729377576 0.13266782850189893 95
0.8686589974776509 0.12269249475597235 95
0.8606870153474945 0.11189594574827515 95
0.8537159338663933 0.10156300792425975 95
0.8350671571236963 0.0907685284048818 95
0.832901208060865 0.08225047076952742 95
0.8329883864333771 0.07232049657870467 95
0.8341680504213945 0.06214601501283434 95
0.8348501077156538 0.05272732132215845 95
0.8425142188943499 0.04360594962015517 95
0.8514297360440103 0.03311451318191531 95
0.865125541739773 0.022368574066284556 95
0.8939941488305989 0.01081145235481885 95
0.9247055228972094 0.0 95
0.0 1.0 95
0.04915387223533614 0.9865135299972675 95
0.1007442838225792 0.9870463908524698 95
0.12184817718391533 0.8857986181723406 95
0.16534468064645128 0.8729242051619672 95
0.2074903416802879 0.8679897843049925 95
1.0 0.17694593744119202 95
0.9103370224651977 0.1579919885581696 95
0.8901092358577645 0.1457049908871843 95
0.8341680504213945 0.06214601501283434 40
0.16534468064645128 0.8729242051619672 40
0.8425142188943499 0.04360594962015517 95
0.8537159338663933 0.10156300792425975 40
0.12184817718391533 0.8857986181723406 95
0.8341680504213945 0.06214601501283434 40
0.8329883864333771 0.07232049657870467 95
0.1007442838225792 0.9870463908524698 40
0.8686589974776509 0.12269249475597235 95
0.8749274729377576 0.13266782850189893 40
0.8606870153474945 0.11189594574827515 95
0.8350671571236963 0.0907685284048818 95
0.8329883864333771 0.07232049657870467 40
0.8686589974776509 0.12269249475597235 40
0.16534468064645128 0.8729242051619672 95
0.12184817718391533 0.8857986181723406 40
0.12184817718391533 0.8857986181723406 95
0.8749274729377576 0.13266782850189893 95
0.8514297360440103 0.03311451318191531 40
0.12184817718391533 0.8857986181723406 95
0.8537159338663933 0.10156300792425975 95
0.8425142188943499 0.04360594962015517 95
0.0 1.0 95
0.0 1.0 40
0.8939941488305989 0.01081145235481885 95
0.8425142188943499 0.04360594962015517 40
0.8939941488305989 0.01081145235481885 95
0.8348501077156538 0.05272732132215845 40
0.8514297360440103 0.03311451318191531 40
0.04915387223533614 0.9865135299972675 95
0.8514297360440103 0.03311451318191531 95
0.1007442838225792 0.9870463908524698 40
0.832901208060865 0.08225047076952742 95
0.9103370224651977 0.1579919885581696 40
0.8749274729377576 0.13266782850189893 40
0.8329883864333771 0.07232049657870467 95
0.8939941488305989 0.01081145235481885 40
0.9103370224651977 0.1579919885581696 40
0.8425142188943499 0.04360594962015517 40
0.8606870153474945 0.11189594574827515 40
0.9247055228972094 0.0 95
0.8348501077156538 0.05272732132215845 95
0.865125541739773 0.022368574066284556 40
0.8606870153474945 0.11189594574827515 95
0.8348501077156538 0.05272732132215845 95
0.1007442838225792 0.9870463908524698 40
0.04915387223533614 0.9865135299972675 40
0.8514297360440103 0.03311451318191531 40
0.8350671571236963 0.0907685284048818 95
0.8350671571236963 0.0907685284048818 95
0.8341680504213945 0.06214601501283434 40
0.8341680504213945 0.06214601501283434 40
0.8537159338663933 0.10156300792425975 95
0.8939941488305989 0.01081145235481885 95
1.0 0.17694593744119202 40
0.8350671571236963 0.0907685284048818 95
0.04915387223533614 0.9865135299972675 95
0.16534468064645128 0.8729242051619672 40
0.8606870153474945 0.11189594574827515 95
0.8514297360440103 0.03311451318191531 95
0.8686589974776509 0.12269249475597235 40
0.12184817718391533 0.8857986181723406 40
0.8341680504213945 0.06214601501283434 40
0.04915387223533614 0.9865135299972675 40
0.9103370224651977 0.1579919885581696 40
0.8341680504213945 0.06214601501283434 40
0.8341680504213945 0.06214601501283434 40
0.832901208060865 0.08225047076952742 95
0.8329883864333771 0.07232049657870467 95
0.0 1.0 40
0.8686589974776509 0.12269249475597235 95
1.0 0.17694593744119202 40
0.9247055228972094 0.0 40
0.8341680504213945 0.06214601501283434 40
0.8749274729377576 0.13266782850189893 95
1.0 0.17694593744119202 95
0.16534468064645128 0.8729242051619672 95
0.8606870153474945 0.11189594574827515 40
0.8749274729377576 0.13266782850189893 95
0.04915387223533614 0.9865135299972675 95
0.8686589974776509 0.12269249475597235 40
0.8341680504213945 0.06214601501283434 95
0.0 1.0 95
1.0 0.17694593744119202 95
0.8686589974776509 0.12269249475597235 95
0.8901092358577645 0.1457049908871843 40
0.8606870153474945 0.11189594574827515 40
0.2074903416802879 0.8679897843049925 40
1.0 0.17694593744119202 40
1.0 0.17694593744119202 40
0.8348501077156538 0.05272732132215845 40
0.1007442838225792 0.9870463908524698 95
0.9103370224651977 0.1579919885581696 40
0.04915387223533614 0.9865135299972675 95
0.1007442838225792 0.9870463908524698 95
0.8341680504213945 0.06214601501283434 40
0.8537159338663933 0.10156300792425975 40
0.0 1.0 40
0.9247055228972094 0.0 40
0.8329883864333771 0.07232049657870467 95
0.0 1.0 95
0.8341680504213945 0.06214601501283434 95
0.9247055228972094 0.0 40
0.865125541739773 0.022368574066284556 40
0.1007442838225792 0.9870463908524698 40
0.1007442838225792 0.9870463908524698 40
0.865125541739773 0.022368574066284556 95
0.8329883864333771 0.07232049657870467 40
0.8329883864333771 0.07232049657870467 40
0.12184817718391533 0.8857986181723406 40
0.2074903416802879 0.8679897843049925 40
0.832901208060865 0.08225047076952742 95
0.8350671571236963 0.0907685284048818 40
0.8514297360440103 0.03311451318191531 40
0.8749274729377576 0.13266782850189893 95
0.8514297360440103 0.03311451318191531 40
0.16534468064645128 0.8729242051619672 40
0.16534468064645128 0.8729242051619672 40
0.9103370224651977 0.1579919885581696 95
0.12184817718391533 0.8857986181723406 40
0.9103370224651977 0.1579919885581696 95
0.04915387223533614 0.9865135299972675 95
0.12184817718391533 0.8857986181723406 40
0.8686589974776509 0.12269249475597235 40
0.8606870153474945 0.11189594574827515 40
0.832901208060865 0.08225047076952742 95
0.8341680504213945 0.06214601501283434 95
0.832901208060865 0.08225047076952742 40
0.8901092358577645 0.1457049908871843 95
0.8749274729377576 0.13266782850189893 40
0.8606870153474945 0.11189594574827515 95
0.1007442838225792 0.9870463908524698 40
1.0 0.17694593744119202 95
0.8606870153474945 0.11189594574827515 95
0.865125541739773 0.022368574066284556 40
0.8350671571236963 0.0907685284048818 95
0.8350671571236963 0.0907685284048818 95
0.2074903416802879 0.8679897843049925 40
0.04915387223533614 0.9865135299972675 40
0.8514297360440103 0.03311451318191531 40
0.8350671571236963 0.0907685284048818 40
0.8606870153474945 0.11189594574827515 40
0.16534468064645128 0.8729242051619672 95
0.8537159338663933 0.10156300792425975 40
0.8329883864333771 0.07232049657870467 95
0.8939941488305989 0.01081145235481885 40
0.04915387223533614 0.9865135299972675 40
0.2074903416802879 0.8679897843049925 95
0.16534468064645128 0.8729242051619672 40
1.0 0.17694593744119202 95
0.8537159338663933 0.10156300792425975 95
0.8901092358577645 0.1457049908871843 95
0.16534468064645128 0.8729242051619672 95
0.8901092358577645 0.1457049908871843 40
0.8350671571236963 0.0907685284048818 40
0.04915387223533614 0.9865135299972675 95
0.8537159338663933 0.10156300792425975 40
0.9103370224651977 0.1579919885581696 40
0.8425142188943499 0.04360594962015517 95
0.8939941488305989 0.01081145235481885 40
0.16534468064645128 0.8729242051619672 40
0.8901092358577645 0.1457049908871843 95
0.0 1.0 40
0.8749274729377576 0.13266782850189893 95
0.04915387223533614 0.9865135299972675 95
0.8939941488305989 0.01081145235481885 95
0.9103370224651977 0.1579919885581696 95
0.8686589974776509 0.12269249475597235 40
0.8341680504213945 0.06214601501283434 95
0.8425142188943499 0.04360594962015517 40
0.8901092358577645 0.1457049908871843 40
1.0 0.17694593744119202 40
0.8348501077156538 0.05272732132215845 95
0.8329883864333771 0.07232049657870467 95
0.04915387223533614 0.9865135299972675 40
0.9247055228972094 0.0 95
0.2074903416802879 0.8679897843049925 95
0.8606870153474945 0.11189594574827515 40
0.8350671571236963 0.0907685284048818 95
0.865125541739773 0.022368574066284556 40
1.0 0.17694593744119202 95
0.8425142188943499 0.04360594962015517 40
0.0 1.0 95
0.8606870153474945 0.11189594574827515 40
0.0 1.0 40
0.8348501077156538 0.05272732132215845 95
0.9103370224651977 0.1579919885581696 40
0.9103370224651977 0.1579919885581696 95
0.8939941488305989 0.01081145235481885 40
0.8329883864333771 0.07232049657870467 40
0.832901208060865 0.08225047076952742 95
0.865125541739773 0.022368574066284556 40
0.04915387223533614 0.9865135299972675 40
0.9103370224651977 0.1579919885581696 40
0.9103370224651977 0.1579919885581696 40
0.8686589974776509 0.12269249475597235 40
1.0 0.17694593744119202 40
0.8537159338663933 0.10156300792425975 95
0.8939941488305989 0.01081145235481885 95
0.8686589974776509 0.12269249475597235 95
0.8341680504213945 0.06214601501283434 40
0.9103370224651977 0.1579919885581696 95
0.04915387223533614 0.9865135299972675 40
0.8514297360440103 0.03311451318191531 40
0.1007442838225792 0.9870463908524698 95
0.8425142188943499 0.04360594962015517 40
0.832901208060865 0.08225047076952742 40
0.2074903416802879 0.8679897843049925 40
1.0 0.17694593744119202 95
0.8686589974776509 0.12269249475597235 40
