0.2432184720620986 0.7390060181307061 40
0.24998029059302962 0.6814144610305011 40
0.16011638914441492 0.6268055986177943 40
0.07187759494961778 0.5677702108749524 40
0.041438364047675674 0.5161361572140191 40
0.0 0.46324505156087026 40
0.037389797769049334 0.4094072566149243 40
0.035462648967989986 0.35606391337685095 40
0.0644298652484352 0.3031231634132537 40
0.08898667902812404 0.25339181658953347 40
0.13266305166238482 0.19534133037260729 40
0.2568749743615519 0.14100122252552016 40
0.39426889489369343 0.08026127938107037 40
0.6844738217418089 0.0 40
1.0 1.0 40
0.48049224665902873 0.890387328735255 40
0.3622397503676069 0.8273539668813795 40
0.2432184720620986 0.7390060181307061 95
0.24998029059302962 0.6814144610305011 95
0.16011638914441492 0.6268055986177943 95
0.07187759494961778 0.5677702108749524 95
0.041438364047675674 0.5161361572140191 95
0.0 0.46324505156087026 95
0.037389797769049334 0.4094072566149243 95
0.035462648967989986 0.35606391337685095 95
0.0644298652484352 0.3031231634132537 95
0.08898667902812404 0.25339181658953347 95
0.13266305166238482 0.19534133037260729 95
0.2568749743615519 0.14100122252552016 95
0.39426889489369343 0.08026127938107037 95
0.6844738217418089 0.0 95
1.0 1.0 95
0.48049224665902873 0.890387328735255 95
0.3622397503676069 0.8273539668813795 95
0.0 0.46324505156087026 95
0.0 0.46324505156087026 95
0.0644298652484352 0.3031231634132537 40
0.0644298652484352 0.3031231634132537 40
0.2432184720620986 0.7390060181307061 40
0.041438364047675674 0.5161361572140191 95
0.041438364047675674 0.5161361572140191 95
0.3622397503676069 0.8273539668813795 40
0.3622397503676069 0.8273539668813795 95
0.0644298652484352 0.3031231634132537 95
0.08898667902812404 0.25339181658953347 95
0.24998029059302962 0.6814144610305011 95
0.2432184720620986 0.7390060181307061 40
0.037389797769049334 0.4094072566149243 40
0.0644298652484352 0.3031231634132537 95
0.48049224665902873 0.890387328735255 95
0.16011638914441492 0.6268055986177943 40
0.0 0.46324505156087026 40
0.13266305166238482 0.19534133037260729 40
0.48049224665902873 0.890387328735255 40
0.13266305166238482 0.19534133037260729 40
0.037389797769049334 0.4094072566149243 95
0.07187759494961778 0.5677702108749524 95
0.16011638914441492 0.6268055986177943 40
0.041438364047675674 0.5161361572140191 40
0.48049224665902873 0.890387328735255 95
0.0 0.46324505156087026 95
0.0 0.46324505156087026 95
0.2568749743615519 0.14100122252552016 40
0.037389797769049334 0.4094072566149243 40
0.3622397503676069 0.8273539668813795 95
0.39426889489369343 0.08026127938107037 95
0.0644298652484352 0.3031231634132537 40
0.48049224665902873 0.890387328735255 95
1.0 1.0 95
0.3622397503676069 0.8273539668813795 40
0.24998029059302962 0.6814144610305011 40
0.0644298652484352 0.3031231634132537 95
0.0644298652484352 0.3031231634132537 95
0.3622397503676069 0.8273539668813795 40
0.0644298652484352 0.3031231634132537 95
0.48049224665902873 0.890387328735255 40
0.037389797769049334 0.4094072566149243 95
0.39426889489369343 0.08026127938107037 95
0.48049224665902873 0.890387328735255 40
0.2432184720620986 0.7390060181307061 95
0.035462648967989986 0.35606391337685095 95
0.037389797769049334 0.4094072566149243 40
0.08898667902812404 0.25339181658953347 40
0.39426889489369343 0.08026127938107037 95
0.037389797769049334 0.4094072566149243 95
0.13266305166238482 0.19534133037260729 40
0.041438364047675674 0.5161361572140191 40
0.2568749743615519 0.14100122252552016 95
0.035462648967989986 0.35606391337685095 95
0.39426889489369343 0.08026127938107037 95
0.3622397503676069 0.8273539668813795 95
0.13266305166238482 0.19534133037260729 40
0.0 0.46324505156087026 95
0.035462648967989986 0.35606391337685095 95
0.3622397503676069 0.8273539668813795 95
0.041438364047675674 0.5161361572140191 40
0.0644298652484352 0.3031231634132537 95
1.0 1.0 40
1.0 1.0 40
0.16011638914441492 0.6268055986177943 95
0.037389797769049334 0.4094072566149243 40
0.08898667902812404 0.25339181658953347 40
0.3622397503676069 0.8273539668813795 40
0.041438364047675674 0.5161361572140191 95
0.037389797769049334 0.4094072566149243 40
0.0 0.46324505156087026 40
0.07187759494961778 0.5677702108749524 40
0.6844738217418089 0.0 40
0.16011638914441492 0.6268055986177943 95
0.08898667902812404 0.25339181658953347 95
0.3622397503676069 0.8273539668813795 95
0.48049224665902873 0.890387328735255 40
0.2432184720620986 0.7390060181307061 95
0.16011638914441492 0.6268055986177943 40
0.035462648967989986 0.35606391337685095 95
0.13266305166238482 0.19534133037260729 95
0.3622397503676069 0.8273539668813795 40
0.035462648967989986 0.35606391337685095 40
0.3622397503676069 0.8273539668813795 40
0.24998029059302962 0.6814144610305011 95
0.6844738217418089 0.0 95
0.16011638914441492 0.6268055986177943 95
0.48049224665902873 0.890387328735255 40
0.6844738217418089 0.0 95
0.48049224665902873 0.890387328735255 95
0.48049224665902873 0.890387328735255 95
0.2568749743615519 0.14100122252552016 40
0.24998029059302962 0.6814144610305011 95
0.24998029059302962 0.6814144610305011 95
0.6844738217418089 0.0 95
0.0 0.46324505156087026 95
0.035462648967989986 0.35606391337685095 40
0.037389797769049334 0.4094072566149243 95
0.3622397503676069 0.8273539668813795 40
0.48049224665902873 0.890387328735255 40
0.24998029059302962 0.6814144610305011 40
0.037389797769049334 0.4094072566149243 40
0.0 0.46324505156087026 40
0.3622397503676069 0.8273539668813795 40
0.16011638914441492 0.6268055986177943 40
0.0 0.46324505156087026 95
0.035462648967989986 0.35606391337685095 95
0.48049224665902873 0.890387328735255 40
0.037389797769049334 0.4094072566149243 40
0.08898667902812404 0.25339181658953347 95
0.037389797769049334 0.4094072566149243 40
0.39426889489369343 0.08026127938107037 40
0.48049224665902873 0.890387328735255 40
0.07187759494961778 0.5677702108749524 95
0.041438364047675674 0.5161361572140191 95
0.13266305166238482 0.19534133037260729 40
0.0644298652484352 0.3031231634132537 40
0.037389797769049334 0.4094072566149243 95
0.0 0.46324505156087026 40
0.6844738217418089 0.0 95
0.2568749743615519 0.14100122252552016 95
0.48049224665902873 0.890387328735255 95
0.0 0.46324505156087026 40
0.035462648967989986 0.35606391337685095 40
0.6844738217418089 0.0 95
0.2432184720620986 0.7390060181307061 40
0.6844738217418089 0.0 95
1.0 1.0 40
0.13266305166238482 0.19534133037260729 95
0.24998029059302962 0.6814144610305011 95
0.0644298652484352 0.3031231634132537 40
0.48049224665902873 0.890387328735255 95
0.07187759494961778 0.5677702108749524 95
0.08898667902812404 0.25339181658953347 95
0.2432184720620986 0.7390060181307061 40
0.035462648967989986 0.35606391337685095 40
0.13266305166238482 0.19534133037260729 95
0.13266305166238482 0.19534133037260729 40
0.2432184720620986 0.7390060181307061 40
0.48049224665902873 0.890387328735255 95
0.2432184720620986 0.7390060181307061 40
0.037389797769049334 0.4094072566149243 95
0.13266305166238482 0.19534133037260729 95
0.035462648967989986 0.35606391337685095 95
0.13266305166238482 0.19534133037260729 40
0.035462648967989986 0.35606391337685095 40
0.13266305166238482 0.19534133037260729 95
0.037389797769049334 0.4094072566149243 95
0.48049224665902873 0.890387328735255 40
0.13266305166238482 0.19534133037260729 40
0.037389797769049334 0.4094072566149243 95
0.13266305166238482 0.19534133037260729 95
1.0 1.0 40
0.6844738217418089 0.0 40
0.6844738217418089 0.0 95
0.0 0.46324505156087026 95
1.0 1.0 40
0.48049224665902873 0.890387328735255 40
0.2432184720620986 0.7390060181307061 40
0.24998029059302962 0.6814144610305011 40
0.16011638914441492 0.6268055986177943 95
0.48049224665902873 0.890387328735255 40
0.39426889489369343 0.08026127938107037 40
0.08898667902812404 0.25339181658953347 40
0.2568749743615519 0.14100122252552016 40
0.2568749743615519 0.14100122252552016 95
0.39426889489369343 0.08026127938107037 40
0.13266305166238482 0.19534133037260729 40
0.2568749743615519 0.14100122252552016 95
0.0 0.46324505156087026 95
0.2432184720620986 0.7390060181307061 95
0.16011638914441492 0.6268055986177943 40
0.2432184720620986 0.7390060181307061 40
0.6844738217418089 0.0 95
0.3622397503676069 0.8273539668813795 95
0.39426889489369343 0.08026127938107037 40
0.035462648967989986 0.35606391337685095 40
0.035462648967989986 0.35606391337685095 95
1.0 1.0 40
0.24998029059302962 0.6814144610305011 40
0.24998029059302962 0.6814144610305011 40
0.08898667902812404 0.25339181658953347 40
0.035462648967989986 0.35606391337685095 40
0.0 0.46324505156087026 95
1.0 1.0 40
0.0 0.46324505156087026 40
0.2568749743615519 0.14100122252552016 40
0.13266305166238482 0.19534133037260729 40
0.48049224665902873 0.890387328735255 40
0.035462648967989986 0.35606391337685095 40
0.041438364047675674 0.5161361572140191 40
0.037389797769049334 0.4094072566149243 40
0.6844738217418089 0.0 95
0.2568749743615519 0.14100122252552016 95
0.037389797769049334 0.4094072566149243 95
0.037389797769049334 0.4094072566149243 40
0.08898667902812404 0.25339181658953347 95
0.3622397503676069 0.8273539668813795 40
0.24998029059302962 0.6814144610305011 95
0.48049224665902873 0.890387328735255 40
0.0 0.46324505156087026 40
0.0644298652484352 0.3031231634132537 40
0.39426889489369343 0.08026127938107037 40
0.13266305166238482 0.19534133037260729 40
0.39426889489369343 0.08026127938107037 40
0.2432184720620986 0.7390060181307061 95
0.2432184720620986 0.7390060181307061 40
0.24998029059302962 0.6814144610305011 40
0.035462648967989986 0.35606391337685095 40
0.0 0.46324505156087026 40
0.037389797769049334 0.4094072566149243 40
0.2432184720620986 0.7390060181307061 95
0.07187759494961778 0.5677702108749524 40
0.2568749743615519 0.14100122252552016 40
0.0644298652484352 0.3031231634132537 95
0.08898667902812404 0.25339181658953347 95
0.24998029059302962 0.6814144610305011 40
0.24998029059302962 0.6814144610305011 40
0.2432184720620986 0.7390060181307061 40
0.0 0.46324505156087026 40
0.08898667902812404 0.25339181658953347 40
