0.2431947037909053 0.723095346478284 40
0.23752094275790409 0.667633491369934 40
0.14386471849584737 0.6136006996416308 40
0.07050782958047973 0.5581884331825412 40
0.02839550302985913 0.5022592904130243 40
0.0 0.4490664578363604 40
0.0469584171668027 0.39827067345579403 40
0.03552488436277239 0.3475334395727582 40
0.06319506782821764 0.29590771065913307 40
0.08362379859352313 0.24203200240197528 40
0.12926120159445106 0.1932591215803398 40
0.23276243434224383 0.1341376223075445 40
0.3841436162033435 0.07168017206239548 40
0.6586745632586117 0.0 40
1.0 1.0 40
0.5147405771607048 0.8987157423959932 40
0.36403904631641854 0.8271108653034078 40
0.2431947037909053 0.723095346478284 95
0.23752094275790409 0.667633491369934 95
0.14386471849584737 0.6136006996416308 95
0.07050782958047973 0.5581884331825412 95
0.02839550302985913 0.5022592904130243 95
0.0 0.4490664578363604 95
0.0469584171668027 0.39827067345579403 95
0.03552488436277239 0.3475334395727582 95
0.06319506782821764 0.29590771065913307 95
0.08362379859352313 0.24203200240197528 95
0.12926120159445106 0.1932591215803398 95
0.23276243434224383 0.1341376223075445 95
0.3841436162033435 0.07168017206239548 95
0.6586745632586117 0.0 95
1.0 1.0 95
0.5147405771607048 0.8987157423959932 95
0.36403904631641854 0.8271108653034078 95
0.5147405771607048 0.8987157423959932 40
0.23276243434224383 0.1341376223075445 40
0.03552488436277239 0.3475334395727582 95
0.14386471849584737 0.6136006996416308 40
0.2431947037909053 0.723095346478284 95
0.23752094275790409 0.667633491369934 40
0.0 0.4490664578363604 95
0.36403904631641854 0.8271108653034078 95
0.12926120159445106 0.1932591215803398 95
0.23276243434224383 0.1341376223075445 40
0.23752094275790409 0.667633491369934 40
0.23276243434224383 0.1341376223075445 95
0.6586745632586117 0.0 40
0.14386471849584737 0.6136006996416308 95
0.03552488436277239 0.3475334395727582 40
0.0469584171668027 0.39827067345579403 95
0.02839550302985913 0.5022592904130243 95
0.14386471849584737 0.6136006996416308 95
0.0 0.4490664578363604 40
0.02839550302985913 0.5022592904130243 95
0.14386471849584737 0.6136006996416308 95
0.6586745632586117 0.0 40
0.36403904631641854 0.8271108653034078 95
0.03552488436277239 0.3475334395727582 95
1.0 1.0 95
0.03552488436277239 0.3475334395727582 95
0.23276243434224383 0.1341376223075445 40
0.3841436162033435 0.07168017206239548 95
1.0 1.0 95
0.0469584171668027 0.39827067345579403 95
0.0 0.4490664578363604 40
0.12926120159445106 0.1932591215803398 40
0.0469584171668027 0.39827067345579403 95
0.3841436162033435 0.07168017206239548 40
0.0469584171668027 0.39827067345579403 40
0.0 0.4490664578363604 95
0.36403904631641854 0.8271108653034078 95
0.0 0.4490664578363604 40
1.0 1.0 40
0.07050782958047973 0.5581884331825412 40
0.06319506782821764 0.29590771065913307 95
0.14386471849584737 0.6136006996416308 40
0.12926120159445106 0.1932591215803398 95
0.5147405771607048 0.8987157423959932 40
1.0 1.0 95
0.6586745632586117 0.0 40
1.0 1.0 40
0.03552488436277239 0.3475334395727582 40
0.02839550302985913 0.5022592904130243 95
0.23276243434224383 0.1341376223075445 40
0.3841436162033435 0.07168017206239548 40
0.14386471849584737 0.6136006996416308 40
0.14386471849584737 0.6136006996416308 40
0.23276243434224383 0.1341376223075445 40
0.08362379859352313 0.24203200240197528 40
0.2431947037909053 0.723095346478284 95
0.6586745632586117 0.0 95
0.14386471849584737 0.6136006996416308 40
0.02839550302985913 0.5022592904130243 40
0.07050782958047973 0.5581884331825412 95
0.23752094275790409 0.667633491369934 40
0.3841436162033435 0.07168017206239548 40
0.23752094275790409 0.667633491369934 40
0.36403904631641854 0.8271108653034078 95
0.0469584171668027 0.39827067345579403 95
0.23752094275790409 0.667633491369934 40
0.2431947037909053 0.723095346478284 95
0.0 0.4490664578363604 95
0.2431947037909053 0.723095346478284 40
0.08362379859352313 0.24203200240197528 95
0.0 0.4490664578363604 40
0.14386471849584737 0.6136006996416308 95
1.0 1.0 40
1.0 1.0 40
0.02839550302985913 0.5022592904130243 95
0.6586745632586117 0.0 40
0.2431947037909053 0.723095346478284 40
0.0 0.4490664578363604 95
0.5147405771607048 0.8987157423959932 95
0.2431947037909053 0.723095346478284 95
0.08362379859352313 0.24203200240197528 40
0.23752094275790409 0.667633491369934 95
0.23276243434224383 0.1341376223075445 95
0.0 0.4490664578363604 40
0.23752094275790409 0.667633491369934 40
0.07050782958047973 0.5581884331825412 40
0.06319506782821764 0.29590771065913307 95
0.12926120159445106 0.1932591215803398 95
0.12926120159445106 0.1932591215803398 40
1.0 1.0 40
0.0 0.4490664578363604 40
0.02839550302985913 0.5022592904130243 40
0.07050782958047973 0.5581884331825412 95
0.07050782958047973 0.5581884331825412 95
0.0 0.4490664578363604 95
0.5147405771607048 0.8987157423959932 40
0.3841436162033435 0.07168017206239548 95
1.0 1.0 95
0.12926120159445106 0.1932591215803398 95
0.0 0.4490664578363604 40
0.0469584171668027 0.39827067345579403 40
0.36403904631641854 0.8271108653034078 40
0.23752094275790409 0.667633491369934 40
0.2431947037909053 0.723095346478284 40
0.3841436162033435 0.07168017206239548 40
0.03552488436277239 0.3475334395727582 95
0.2431947037909053 0.723095346478284 95
0.08362379859352313 0.24203200240197528 95
0.06319506782821764 0.29590771065913307 40
0.5147405771607048 0.8987157423959932 95
0.23752094275790409 0.667633491369934 40
0.0469584171668027 0.39827067345579403 40
0.3841436162033435 0.07168017206239548 40
0.07050782958047973 0.5581884331825412 95
0.06319506782821764 0.29590771065913307 40
0.02839550302985913 0.5022592904130243 95
0.02839550302985913 0.5022592904130243 95
0.06319506782821764 0.29590771065913307 40
0.3841436162033435 0.07168017206239548 40
0.6586745632586117 0.0 95
0.0 0.4490664578363604 95
0.12926120159445106 0.1932591215803398 40
0.03552488436277239 0.3475334395727582 40
0.02839550302985913 0.5022592904130243 40
0.5147405771607048 0.8987157423959932 40
0.0469584171668027 0.39827067345579403 95
0.23276243434224383 0.1341376223075445 40
0.07050782958047973 0.5581884331825412 95
0.12926120159445106 0.1932591215803398 95
0.23276243434224383 0.1341376223075445 40
0.02839550302985913 0.5022592904130243 95
0.6586745632586117 0.0 95
1.0 1.0 95
0.6586745632586117 0.0 40
0.23276243434224383 0.1341376223075445 40
0.0 0.4490664578363604 95
0.23752094275790409 0.667633491369934 95
0.3841436162033435 0.07168017206239548 95
0.02839550302985913 0.5022592904130243 40
0.0 0.4490664578363604 40
0.14386471849584737 0.6136006996416308 40
0.23752094275790409 0.667633491369934 95
1.0 1.0 40
0.2431947037909053 0.723095346478284 40
0.23276243434224383 0.1341376223075445 95
0.6586745632586117 0.0 95
1.0 1.0 40
0.23276243434224383 0.1341376223075445 95
0.02839550302985913 0.5022592904130243 40
0.0469584171668027 0.39827067345579403 40
0.14386471849584737 0.6136006996416308 40
0.02839550302985913 0.5022592904130243 40
0.36403904631641854 0.8271108653034078 95
0.03552488436277239 0.3475334395727582 95
0.12926120159445106 0.1932591215803398 95
0.36403904631641854 0.8271108653034078 95
0.23276243434224383 0.1341376223075445 95
0.07050782958047973 0.5581884331825412 40
0.08362379859352313 0.24203200240197528 40
0.3841436162033435 0.07168017206239548 40
0.0 0.4490664578363604 40
0.0 0.4490664578363604 40
0.03552488436277239 0.3475334395727582 95
0.2431947037909053 0.723095346478284 95
0.0469584171668027 0.39827067345579403 40
0.07050782958047973 0.5581884331825412 95
0.23276243434224383 0.1341376223075445 95
0.0 0.4490664578363604 40
0.0 0.4490664578363604 40
0.07050782958047973 0.5581884331825412 95
0.06319506782821764 0.29590771065913307 40
0.2431947037909053 0.723095346478284 95
0.23276243434224383 0.1341376223075445 40
1.0 1.0 40
0.14386471849584737 0.6136006996416308 95
0.08362379859352313 0.24203200240197528 95
0.06319506782821764 0.29590771065913307 95
0.03552488436277239 0.3475334395727582 40
0.14386471849584737 0.6136006996416308 95
0.0469584171668027 0.39827067345579403 95
0.0469584171668027 0.39827067345579403 95
0.3841436162033435 0.07168017206239548 95
0.06319506782821764 0.29590771065913307 40
0.6586745632586117 0.0 40
0.12926120159445106 0.1932591215803398 40
0.08362379859352313 0.24203200240197528 40
0.23276243434224383 0.1341376223075445 40
0.2431947037909053 0.723095346478284 95
0.6586745632586117 0.0 40
0.14386471849584737 0.6136006996416308 95
0.14386471849584737 0.6136006996416308 95
0.0469584171668027 0.39827067345579403 40
0.02839550302985913 0.5022592904130243 40
0.23276243434224383 0.1341376223075445 95
1.0 1.0 40
0.23276243434224383 0.1341376223075445 40
0.5147405771607048 0.8987157423959932 40
0.0469584171668027 0.39827067345579403 40
0.14386471849584737 0.6136006996416308 40
0.07050782958047973 0.5581884331825412 95
0.2431947037909053 0.723095346478284 95
0.5147405771607048 0.8987157423959932 95
0.03552488436277239 0.3475334395727582 95
0.08362379859352313 0.24203200240197528 95
0.0 0.4490664578363604 95
0.36403904631641854 0.8271108653034078 40
0.6586745632586117 0.0 40
0.36403904631641854 0.8271108653034078 40
0.08362379859352313 0.24203200240197528 40
0.07050782958047973 0.5581884331825412 95
0.08362379859352313 0.24203200240197528 95
0.5147405771607048 0.8987157423959932 40
0.0469584171668027 0.39827067345579403 95
0.0469584171668027 0.39827067345579403 40
0.08362379859352313 0.24203200240197528 40
0.2431947037909053 0.723095346478284 95
0.02839550302985913 0.5022592904130243 40
0.03552488436277239 0.3475334395727582 40
0.5147405771607048 0.8987157423959932 95
0.08362379859352313 0.24203200240197528 95
0.07050782958047973 0.5581884331825412 40
0.08362379859352313 0.24203200240197528 95
