0.24505187809535572 0.747525500309094 40
0.24400918125356272 0.6901070524302899 40
0.18785771960417777 0.6344913793082544 40
0.09624676623652836 0.5761016160326744 40
0.049719562379657016 0.52139993524249 40
0.0 0.46143833316267574 40
0.026243935986228328 0.4143851430423979 40
0.04110894643252793 0.3595640772689677 40
0.06891656548407182 0.3046963100606722 40
0.10005523438194822 0.2522156079226135 40
0.1388255249066123 0.19357933175526174 40
0.23876852202814017 0.1379640866615569 40
0.3999446293058616 0.07207931003845072 40
0.6957488459270637 0.0 40
1.0 1.0 40
0.474326786293957 0.8853657048598971 40
0.3594247408818915 0.82209389688137 40
0.24505187809535572 0.747525500309094 95
0.24400918125356272 0.6901070524302899 95
0.18785771960417777 0.6344913793082544 95
0.09624676623652836 0.5761016160326744 95
0.049719562379657016 0.52139993524249 95
0.0 0.46143833316267574 95
0.026243935986228328 0.4143851430423979 95
0.04110894643252793 0.3595640772689677 95
0.06891656548407182 0.3046963100606722 95
0.10005523438194822 0.2522156079226135 95
0.1388255249066123 0.19357933175526174 95
0.23876852202814017 0.1379640866615569 95
0.3999446293058616 0.07207931003845072 95
0.6957488459270637 0.0 95
1.0 1.0 95
0.474326786293957 0.8853657048598971 95
0.3594247408818915 0.82209389688137 95
0.04110894643252793 0.3595640772689677 95
0.06891656548407182 0.3046963100606722 95
0.23876852202814017 0.1379640866615569 40
0.474326786293957 0.8853657048598971 40
1.0 1.0 95
0.24505187809535572 0.747525500309094 95
0.24400918125356272 0.6901070524302899 95
0.24505187809535572 0.747525500309094 40
0.23876852202814017 0.1379640866615569 40
1.0 1.0 95
0.0 0.46143833316267574 40
0.09624676623652836 0.5761016160326744 95
0.0 0.46143833316267574 40
0.1388255249066123 0.19357933175526174 40
0.24505187809535572 0.747525500309094 95
0.23876852202814017 0.1379640866615569 95
0.049719562379657016 0.52139993524249 40
0.3999446293058616 0.07207931003845072 40
0.09624676623652836 0.5761016160326744 95
0.1388255249066123 0.19357933175526174 95
0.049719562379657016 0.52139993524249 95
1.0 1.0 40
0.23876852202814017 0.1379640866615569 40
0.23876852202814017 0.1379640866615569 95
0.06891656548407182 0.3046963100606722 40
0.18785771960417777 0.6344913793082544 95
0.09624676623652836 0.5761016160326744 95
0.1388255249066123 0.19357933175526174 40
0.026243935986228328 0.4143851430423979 40
0.026243935986228328 0.4143851430423979 95
0.04110894643252793 0.3595640772689677 95
1.0 1.0 40
0.23876852202814017 0.1379640866615569 40
0.3594247408818915 0.82209389688137 40
0.1388255249066123 0.19357933175526174 40
0.1388255249066123 0.19357933175526174 40
0.3594247408818915 0.82209389688137 40
0.0 0.46143833316267574 40
0.04110894643252793 0.3595640772689677 95
0.24505187809535572 0.747525500309094 95
0.24400918125356272 0.6901070524302899 40
0.3594247408818915 0.82209389688137 40
0.06891656548407182 0.3046963100606722 95
0.04110894643252793 0.3595640772689677 40
0.6957488459270637 0.0 95
0.24505187809535572 0.747525500309094 95
0.06891656548407182 0.3046963100606722 40
0.04110894643252793 0.3595640772689677 40
0.24400918125356272 0.6901070524302899 40
0.23876852202814017 0.1379640866615569 95
0.18785771960417777 0.6344913793082544 40
0.23876852202814017 0.1379640866615569 40
0.18785771960417777 0.6344913793082544 95
0.1388255249066123 0.19357933175526174 95
0.6957488459270637 0.0 95
0.23876852202814017 0.1379640866615569 40
0.23876852202814017 0.1379640866615569 95
0.3999446293058616 0.07207931003845072 40
0.23876852202814017 0.1379640866615569 95
1.0 1.0 40
0.049719562379657016 0.52139993524249 95
0.23876852202814017 0.1379640866615569 95
0.026243935986228328 0.4143851430423979 40
0.3999446293058616 0.07207931003845072 40
0.10005523438194822 0.2522156079226135 40
0.10005523438194822 0.2522156079226135 40
0.026243935986228328 0.4143851430423979 40
0.1388255249066123 0.19357933175526174 95
0.18785771960417777 0.6344913793082544 95
0.6957488459270637 0.0 95
0.026243935986228328 0.4143851430423979 40
0.09624676623652836 0.5761016160326744 95
0.6957488459270637 0.0 40
0.24505187809535572 0.747525500309094 95
0.06891656548407182 0.3046963100606722 40
0.24400918125356272 0.6901070524302899 40
0.0 0.46143833316267574 40
0.09624676623652836 0.5761016160326744 95
0.3999446293058616 0.07207931003845072 95
0.24505187809535572 0.747525500309094 40
0.18785771960417777 0.6344913793082544 40
0.1388255249066123 0.19357933175526174 40
0.24505187809535572 0.747525500309094 40
0.06891656548407182 0.3046963100606722 40
0.18785771960417777 0.6344913793082544 95
0.24400918125356272 0.6901070524302899 95
1.0 1.0 95
0.3999446293058616 0.07207931003845072 40
0.6957488459270637 0.0 95
0.3999446293058616 0.07207931003845072 40
0.026243935986228328 0.4143851430423979 40
0.1388255249066123 0.19357933175526174 40
0.18785771960417777 0.6344913793082544 40
0.1388255249066123 0.19357933175526174 95
0.1388255249066123 0.19357933175526174 40
0.04110894643252793 0.3595640772689677 40
0.3594247408818915 0.82209389688137 40
0.474326786293957 0.8853657048598971 95
0.23876852202814017 0.1379640866615569 95
0.6957488459270637 0.0 40
0.10005523438194822 0.2522156079226135 95
0.6957488459270637 0.0 40
0.3594247408818915 0.82209389688137 95
0.04110894643252793 0.3595640772689677 40
0.3594247408818915 0.82209389688137 95
0.1388255249066123 0.19357933175526174 40
0.049719562379657016 0.52139993524249 40
1.0 1.0 40
0.474326786293957 0.8853657048598971 40
0.026243935986228328 0.4143851430423979 95
0.026243935986228328 0.4143851430423979 40
0.6957488459270637 0.0 40
0.6957488459270637 0.0 40
0.0 0.46143833316267574 95
1.0 1.0 95
0.026243935986228328 0.4143851430423979 40
0.06891656548407182 0.3046963100606722 95
0.24400918125356272 0.6901070524302899 95
0.3594247408818915 0.82209389688137 40
0.10005523438194822 0.2522156079226135 95
0.049719562379657016 0.52139993524249 40
0.24505187809535572 0.747525500309094 95
0.24400918125356272 0.6901070524302899 95
0.474326786293957 0.8853657048598971 95
0.09624676623652836 0.5761016160326744 40
0.04110894643252793 0.3595640772689677 40
0.474326786293957 0.8853657048598971 40
1.0 1.0 95
0.24505187809535572 0.747525500309094 95
0.3999446293058616 0.07207931003845072 40
0.24505187809535572 0.747525500309094 40
0.3999446293058616 0.07207931003845072 40
0.6957488459270637 0.0 40
0.6957488459270637 0.0 95
0.6957488459270637 0.0 95
0.474326786293957 0.8853657048598971 40
0.6957488459270637 0.0 40
1.0 1.0 95
0.3999446293058616 0.07207931003845072 40
0.474326786293957 0.8853657048598971 95
0.18785771960417777 0.6344913793082544 40
0.09624676623652836 0.5761016160326744 40
0.09624676623652836 0.5761016160326744 40
0.026243935986228328 0.4143851430423979 95
0.1388255249066123 0.19357933175526174 95
0.24505187809535572 0.747525500309094 40
0.049719562379657016 0.52139993524249 40
0.24400918125356272 0.6901070524302899 40
0.23876852202814017 0.1379640866615569 40
0.0 0.46143833316267574 40
0.0 0.46143833316267574 40
1.0 1.0 40
0.23876852202814017 0.1379640866615569 95
0.06891656548407182 0.3046963100606722 40
0.24505187809535572 0.747525500309094 95
0.04110894643252793 0.3595640772689677 40
0.23876852202814017 0.1379640866615569 95
1.0 1.0 40
0.0 0.46143833316267574 40
0.18785771960417777 0.6344913793082544 95
0.23876852202814017 0.1379640866615569 95
0.23876852202814017 0.1379640866615569 95
0.24400918125356272 0.6901070524302899 40
0.24505187809535572 0.747525500309094 40
0.1388255249066123 0.19357933175526174 95
0.23876852202814017 0.1379640866615569 95
0.23876852202814017 0.1379640866615569 95
0.026243935986228328 0.4143851430423979 40
0.24505187809535572 0.747525500309094 40
0.3999446293058616 0.07207931003845072 95
0.3594247408818915 0.82209389688137 40
0.049719562379657016 0.52139993524249 95
1.0 1.0 95
0.06891656548407182 0.3046963100606722 95
0.24505187809535572 0.747525500309094 95
0.06891656548407182 0.3046963100606722 95
0.3594247408818915 0.82209389688137 95
0.18785771960417777 0.6344913793082544 40
0.10005523438194822 0.2522156079226135 40
0.3999446293058616 0.07207931003845072 95
0.3594247408818915 0.82209389688137 40
0.026243935986228328 0.4143851430423979 95
0.3594247408818915 0.82209389688137 95
0.049719562379657016 0.52139993524249 40
0.026243935986228328 0.4143851430423979 95
0.1388255249066123 0.19357933175526174 95
0.026243935986228328 0.4143851430423979 95
0.09624676623652836 0.5761016160326744 40
0.6957488459270637 0.0 40
0.23876852202814017 0.1379640866615569 95
1.0 1.0 40
0.04110894643252793 0.3595640772689677 40
0.049719562379657016 0.52139993524249 95
0.049719562379657016 0.52139993524249 95
0.026243935986228328 0.4143851430423979 40
0.06891656548407182 0.3046963100606722 95
0.0 0.46143833316267574 40
0.6957488459270637 0.0 40
0.0 0.46143833316267574 40
0.10005523438194822 0.2522156079226135 40
0.6957488459270637 0.0 40
0.3999446293058616 0.07207931003845072 40
1.0 1.0 95
0.049719562379657016 0.52139993524249 40
0.474326786293957 0.8853657048598971 40
0.24505187809535572 0.747525500309094 95
0.04110894643252793 0.3595640772689677 40
0.06891656548407182 0.3046963100606722 95
0.0 0.46143833316267574 40
0.0 0.46143833316267574 95
1.0 1.0 40
0.09624676623652836 0.5761016160326744 95
0.23876852202814017 0.1379640866615569 95
0.18785771960417777 0.6344913793082544 95
0.474326786293957 0.8853657048598971 40
0.026243935986228328 0.4143851430423979 40
0.6957488459270637 0.0 40
0.049719562379657016 0.52139993524249 95
0.049719562379657016 0.52139993524249 95
1.0 1.0 40
0.24400918125356272 0.6901070524302899 40
0.049719562379657016 0.52139993524249 40
