0.2621753627720433 0.7432425746002834 40
0.2547569483038264 0.6906240691193611 40
0.16122358143164545 0.6332297930081079 40
0.07968533133931183 0.5709768921828451 40
0.035405395960712856 0.5145867892388677 40
0.0 0.4628078295128822 40
0.04944889149440491 0.4104716540262712 40
0.032715469564817724 0.3569989246296511 40
0.055012339224455 0.30591060425172706 40
0.0860577292350553 0.2508661506740968 40
0.14725483563410469 0.19508412975599715 40
0.2579080583536358 0.13286663447657854 40
0.40122244081580155 0.07103715933288089 40
0.7243817329838113 0.0 40
1.0 1.0 40
0.4710471913257975 0.8963988248224378 40
0.358024784071617 0.8265991010094429 40
0.2621753627720433 0.7432425746002834 95
0.2547569483038264 0.6906240691193611 95
0.16122358143164545 0.6332297930081079 95
0.07968533133931183 0.5709768921828451 95
0.035405395960712856 0.5145867892388677 95
0.0 0.4628078295128822 95
0.04944889149440491 0.4104716540262712 95
0.032715469564817724 0.3569989246296511 95
0.055012339224455 0.30591060425172706 95
0.0860577292350553 0.2508661506740968 95
0.14725483563410469 0.19508412975599715 95
0.2579080583536358 0.13286663447657854 95
0.40122244081580155 0.07103715933288089 95
0.7243817329838113 0.0 95
1.0 1.0 95
0.4710471913257975 0.8963988248224378 95
0.358024784071617 0.8265991010094429 95
0.04944889149440491 0.4104716540262712 40
0.7243817329838113 0.0 40
1.0 1.0 40
0.032715469564817724 0.3569989246296511 95
0.2621753627720433 0.7432425746002834 95
0.0 0.4628078295128822 40
0.7243817329838113 0.0 95
0.032715469564817724 0.3569989246296511 95
0.0860577292350553 0.2508661506740968 40
0.2579080583536358 0.13286663447657854 40
0.14725483563410469 0.19508412975599715 40
0.055012339224455 0.30591060425172706 40
0.4710471913257975 0.8963988248224378 40
0.358024784071617 0.8265991010094429 40
0.7243817329838113 0.0 95
0.7243817329838113 0.0 95
0.2579080583536358 0.13286663447657854 95
0.7243817329838113 0.0 40
0.04944889149440491 0.4104716540262712 40
0.04944889149440491 0.4104716540262712 95
0.032715469564817724 0.3569989246296511 95
0.04944889149440491 0.4104716540262712 95
0.7243817329838113 0.0 95
0.0 0.4628078295128822 95
0.2579080583536358 0.13286663447657854 40
0.7243817329838113 0.0 95
1.0 1.0 95
0.2621753627720433 0.7432425746002834 95
0.07968533133931183 0.5709768921828451 95
0.2547569483038264 0.6906240691193611 95
0.2579080583536358 0.13286663447657854 95
0.035405395960712856 0.5145867892388677 40
0.07968533133931183 0.5709768921828451 40
0.40122244081580155 0.07103715933288089 40
0.7243817329838113 0.0 95
0.7243817329838113 0.0 95
0.4710471913257975 0.8963988248224378 40
0.4710471913257975 0.8963988248224378 95
0.032715469564817724 0.3569989246296511 95
1.0 1.0 95
0.035405395960712856 0.5145867892388677 95
0.2547569483038264 0.6906240691193611 95
0.04944889149440491 0.4104716540262712 40
0.16122358143164545 0.6332297930081079 40
0.04944889149440491 0.4104716540262712 95
0.0 0.4628078295128822 95
0.04944889149440491 0.4104716540262712 40
0.0 0.4628078295128822 95
0.0 0.4628078295128822 95
0.7243817329838113 0.0 40
0.04944889149440491 0.4104716540262712 40
0.2621753627720433 0.7432425746002834 40
0.16122358143164545 0.6332297930081079 95
0.2621753627720433 0.7432425746002834 95
0.7243817329838113 0.0 95
0.0860577292350553 0.2508661506740968 95
1.0 1.0 40
0.055012339224455 0.30591060425172706 95
0.035405395960712856 0.5145867892388677 95
0.035405395960712856 0.5145867892388677 95
0.2579080583536358 0.13286663447657854 40
0.035405395960712856 0.5145867892388677 40
0.032715469564817724 0.3569989246296511 40
0.0 0.4628078295128822 95
0.2621753627720433 0.7432425746002834 95
0.035405395960712856 0.5145867892388677 40
0.032715469564817724 0.3569989246296511 40
0.04944889149440491 0.4104716540262712 95
0.04944889149440491 0.4104716540262712 95
0.7243817329838113 0.0 95
0.0860577292350553 0.2508661506740968 95
0.4710471913257975 0.8963988248224378 40
1.0 1.0 95
0.055012339224455 0.30591060425172706 40
0.40122244081580155 0.07103715933288089 40
1.0 1.0 95
0.7243817329838113 0.0 95
0.055012339224455 0.30591060425172706 40
0.04944889149440491 0.4104716540262712 95
0.2547569483038264 0.6906240691193611 40
1.0 1.0 40
0.358024784071617 0.8265991010094429 40
0.04944889149440491 0.4104716540262712 40
0.40122244081580155 0.07103715933288089 95
0.0 0.4628078295128822 95
0.2547569483038264 0.6906240691193611 95
0.04944889149440491 0.4104716540262712 95
0.14725483563410469 0.19508412975599715 95
0.7243817329838113 0.0 95
0.055012339224455 0.30591060425172706 95
0.358024784071617 0.8265991010094429 95
0.0860577292350553 0.2508661506740968 95
0.40122244081580155 0.07103715933288089 95
0.7243817329838113 0.0 40
0.4710471913257975 0.8963988248224378 95
0.0 0.4628078295128822 95
0.2621753627720433 0.7432425746002834 95
0.04944889149440491 0.4104716540262712 40
0.032715469564817724 0.3569989246296511 40
0.032715469564817724 0.3569989246296511 40
0.16122358143164545 0.6332297930081079 40
0.032715469564817724 0.3569989246296511 40
0.2579080583536358 0.13286663447657854 95
1.0 1.0 95
0.0 0.4628078295128822 40
0.7243817329838113 0.0 40
0.2579080583536358 0.13286663447657854 40
0.7243817329838113 0.0 95
0.4710471913257975 0.8963988248224378 40
0.2621753627720433 0.7432425746002834 95
0.0860577292350553 0.2508661506740968 40
0.2579080583536358 0.13286663447657854 95
0.2579080583536358 0.13286663447657854 95
0.358024784071617 0.8265991010094429 40
0.358024784071617 0.8265991010094429 95
0.055012339224455 0.30591060425172706 95
0.16122358143164545 0.6332297930081079 95
0.055012339224455 0.30591060425172706 40
0.7243817329838113 0.0 40
0.4710471913257975 0.8963988248224378 40
0.0 0.4628078295128822 95
0.0860577292350553 0.2508661506740968 40
0.032715469564817724 0.3569989246296511 95
0.07968533133931183 0.5709768921828451 40
0.07968533133931183 0.5709768921828451 95
0.0860577292350553 0.2508661506740968 95
0.2579080583536358 0.13286663447657854 40
0.2547569483038264 0.6906240691193611 40
0.07968533133931183 0.5709768921828451 40
0.40122244081580155 0.07103715933288089 40
0.358024784071617 0.8265991010094429 40
1.0 1.0 95
0.16122358143164545 0.6332297930081079 95
0.0860577292350553 0.2508661506740968 40
0.2547569483038264 0.6906240691193611 40
0.07968533133931183 0.5709768921828451 40
0.07968533133931183 0.5709768921828451 40
0.16122358143164545 0.6332297930081079 95
0.14725483563410469 0.19508412975599715 40
0.16122358143164545 0.6332297930081079 40
0.40122244081580155 0.07103715933288089 95
0.16122358143164545 0.6332297930081079 95
0.07968533133931183 0.5709768921828451 40
0.4710471913257975 0.8963988248224378 40
0.358024784071617 0.8265991010094429 40
0.04944889149440491 0.4104716540262712 40
0.16122358143164545 0.6332297930081079 40
0.358024784071617 0.8265991010094429 40
0.14725483563410469 0.19508412975599715 95
0.14725483563410469 0.19508412975599715 40
0.2621753627720433 0.7432425746002834 95
0.035405395960712856 0.5145867892388677 95
0.035405395960712856 0.5145867892388677 95
0.4710471913257975 0.8963988248224378 40
0.0 0.4628078295128822 95
0.2579080583536358 0.13286663447657854 40
0.0860577292350553 0.2508661506740968 40
0.04944889149440491 0.4104716540262712 95
0.07968533133931183 0.5709768921828451 40
0.07968533133931183 0.5709768921828451 95
0.358024784071617 0.8265991010094429 40
0.2621753627720433 0.7432425746002834 95
0.035405395960712856 0.5145867892388677 40
0.16122358143164545 0.6332297930081079 95
0.358024784071617 0.8265991010094429 40
0.032715469564817724 0.3569989246296511 40
0.2547569483038264 0.6906240691193611 95
0.04944889149440491 0.4104716540262712 95
0.055012339224455 0.30591060425172706 40
0.2621753627720433 0.7432425746002834 95
0.07968533133931183 0.5709768921828451 40
1.0 1.0 95
0.0860577292350553 0.2508661506740968 95
0.07968533133931183 0.5709768921828451 40
0.07968533133931183 0.5709768921828451 95
0.40122244081580155 0.07103715933288089 40
0.2579080583536358 0.13286663447657854 40
0.40122244081580155 0.07103715933288089 40
0.0 0.4628078295128822 40
0.07968533133931183 0.5709768921828451 40
0.055012339224455 0.30591060425172706 40
0.16122358143164545 0.6332297930081079 40
0.2547569483038264 0.6906240691193611 95
0.2621753627720433 0.7432425746002834 40
0.032715469564817724 0.3569989246296511 95
0.7243817329838113 0.0 40
1.0 1.0 95
0.0 0.4628078295128822 95
0.04944889149440491 0.4104716540262712 95
0.40122244081580155 0.07103715933288089 95
0.0 0.4628078295128822 95
0.2547569483038264 0.6906240691193611 40
0.035405395960712856 0.5145867892388677 40
0.7243817329838113 0.0 95
0.4710471913257975 0.8963988248224378 40
0.2547569483038264 0.6906240691193611 40
0.14725483563410469 0.19508412975599715 40
0.2547569483038264 0.6906240691193611 40
0.0860577292350553 0.2508661506740968 95
0.032715469564817724 0.3569989246296511 95
0.04944889149440491 0.4104716540262712 40
0.14725483563410469 0.19508412975599715 40
0.2579080583536358 0.13286663447657854 40
0.14725483563410469 0.19508412975599715 40
0.07968533133931183 0.5709768921828451 95
0.2579080583536358 0.13286663447657854 40
0.032715469564817724 0.3569989246296511 95
0.2579080583536358 0.13286663447657854 40
0.7243817329838113 0.0 95
1.0 1.0 40
0.4710471913257975 0.8963988248224378 40
0.0 0.4628078295128822 40
0.2579080583536358 0.13286663447657854 95
0.055012339224455 0.30591060425172706 40
0.2547569483038264 0.6906240691193611 95
0.04944889149440491 0.4104716540262712 95
0.2621753627720433 0.7432425746002834 40
0.40122244081580155 0.07103715933288089 95
0.0860577292350553 0.2508661506740968 40
0.7243817329838113 0.0 40
0.0 0.4628078295128822 40
0.035405395960712856 0.5145867892388677 40
