0.24839141001789444 0.726374202425787 40
0.22361024424895853 0.6736620738852678 40
0.17414803016382938 0.6163457706310413 40
0.11340288464676739 0.5618070077941729 40
0.043953567476211965 0.5071906432529106 40
0.0 0.44805536002884117 40
0.019077080736955448 0.4017244158451072 40
0.029105045686215473 0.3429137469479045 40
0.04668050408714086 0.29652273858564787 40
0.07988166308840947 0.24427183432597724 40
0.13322645576180775 0.1847124988175571 40
0.20409828262773588 0.13115977544496363 40
0.3746629894359421 0.06339689893660036 40
0.555330173333093 0.0 40
1.0 1.0 40
0.5390811000123014 0.895493174091655 40
0.38218844945675085 0.8226581055332337 40
0.24839141001789444 0.726374202425787 95
0.22361024424895853 0.6736620738852678 95
0.17414803016382938 0.6163457706310413 95
0.11340288464676739 0.5618070077941729 95
0.043953567476211965 0.5071906432529106 95
0.0 0.44805536002884117 95
0.019077080736955448 0.4017244158451072 95
0.029105045686215473 0.3429137469479045 95
0.04668050408714086 0.29652273858564787 95
0.07988166308840947 0.24427183432597724 95
0.13322645576180775 0.1847124988175571 95
0.20409828262773588 0.13115977544496363 95
0.3746629894359421 0.06339689893660036 95
0.555330173333093 0.0 95
1.0 1.0 95
0.5390811000123014 0.895493174091655 95
0.38218844945675085 0.8226581055332337 95
0.07988166308840947 0.24427183432597724 95
0.13322645576180775 0.1847124988175571 95
0.043953567476211965 0.5071906432529106 40
0.043953567476211965 0.5071906432529106 95
0.13322645576180775 0.1847124988175571 40
0.04668050408714086 0.29652273858564787 95
0.043953567476211965 0.5071906432529106 95
0.22361024424895853 0.6736620738852678 95
0.13322645576180775 0.1847124988175571 40
1.0 1.0 95
0.07988166308840947 0.24427183432597724 95
0.0 0.44805536002884117 95
0.0 0.44805536002884117 95
0.20409828262773588 0.13115977544496363 95
0.0 0.44805536002884117 95
0.029105045686215473 0.3429137469479045 95
0.019077080736955448 0.4017244158451072 95
0.38218844945675085 0.8226581055332337 40
0.07988166308840947 0.24427183432597724 40
0.0 0.44805536002884117 95
0.0 0.44805536002884117 40
0.07988166308840947 0.24427183432597724 40
0.20409828262773588 0.13115977544496363 40
0.20409828262773588 0.13115977544496363 95
0.04668050408714086 0.29652273858564787 40
0.555330173333093 0.0 40
0.07988166308840947 0.24427183432597724 95
0.029105045686215473 0.3429137469479045 40
0.13322645576180775 0.1847124988175571 95
0.029105045686215473 0.3429137469479045 40
0.13322645576180775 0.1847124988175571 95
0.11340288464676739 0.5618070077941729 40
0.17414803016382938 0.6163457706310413 40
0.20409828262773588 0.13115977544496363 95
0.07988166308840947 0.24427183432597724 95
0.07988166308840947 0.24427183432597724 95
0.04668050408714086 0.29652273858564787 95
1.0 1.0 40
0.0 0.44805536002884117 95
0.20409828262773588 0.13115977544496363 40
0.029105045686215473 0.3429137469479045 95
0.043953567476211965 0.5071906432529106 40
0.22361024424895853 0.6736620738852678 40
0.043953567476211965 0.5071906432529106 95
0.0 0.44805536002884117 95
0.0 0.44805536002884117 95
0.043953567476211965 0.5071906432529106 40
0.13322645576180775 0.1847124988175571 40
0.04668050408714086 0.29652273858564787 95
0.22361024424895853 0.6736620738852678 95
0.24839141001789444 0.726374202425787 40
0.13322645576180775 0.1847124988175571 95
0.0 0.44805536002884117 95
0.17414803016382938 0.6163457706310413 95
0.13322645576180775 0.1847124988175571 40
0.5390811000123014 0.895493174091655 95
0.24839141001789444 0.726374202425787 40
0.043953567476211965 0.5071906432529106 95
0.20409828262773588 0.13115977544496363 95
0.24839141001789444 0.726374202425787 95
0.043953567476211965 0.5071906432529106 95
0.029105045686215473 0.3429137469479045 40
0.24839141001789444 0.726374202425787 95
0.555330173333093 0.0 95
0.029105045686215473 0.3429137469479045 40
0.5390811000123014 0.895493174091655 95
0.043953567476211965 0.5071906432529106 40
0.11340288464676739 0.5618070077941729 40
0.029105045686215473 0.3429137469479045 95
0.0 0.44805536002884117 95
0.0 0.44805536002884117 95
0.07988166308840947 0.24427183432597724 40
0.555330173333093 0.0 95
0.029105045686215473 0.3429137469479045 40
0.07988166308840947 0.24427183432597724 95
0.029105045686215473 0.3429137469479045 95
0.5390811000123014 0.895493174091655 95
0.07988166308840947 0.24427183432597724 95
0.13322645576180775 0.1847124988175571 40
0.04668050408714086 0.29652273858564787 95
0.22361024424895853 0.6736620738852678 40
0.38218844945675085 0.8226581055332337 95
0.04668050408714086 0.29652273858564787 40
0.13322645576180775 0.1847124988175571 95
0.5390811000123014 0.895493174091655 40
0.029105045686215473 0.3429137469479045 40
0.0 0.44805536002884117 40
0.5390811000123014 0.895493174091655 95
0.555330173333093 0.0 40
0.043953567476211965 0.5071906432529106 95
0.043953567476211965 0.5071906432529106 40
0.11340288464676739 0.5618070077941729 95
0.13322645576180775 0.1847124988175571 40
0.24839141001789444 0.726374202425787 95
0.043953567476211965 0.5071906432529106 95
0.13322645576180775 0.1847124988175571 40
0.24839141001789444 0.726374202425787 40
0.019077080736955448 0.4017244158451072 95
0.11340288464676739 0.5618070077941729 95
0.04668050408714086 0.29652273858564787 40
1.0 1.0 95
0.22361024424895853 0.6736620738852678 40
0.11340288464676739 0.5618070077941729 40
0.22361024424895853 0.6736620738852678 40
0.5390811000123014 0.895493174091655 40
0.0 0.44805536002884117 40
0.555330173333093 0.0 40
0.13322645576180775 0.1847124988175571 40
0.029105045686215473 0.3429137469479045 40
0.22361024424895853 0.6736620738852678 95
0.043953567476211965 0.5071906432529106 95
0.11340288464676739 0.5618070077941729 95
0.11340288464676739 0.5618070077941729 40
0.24839141001789444 0.726374202425787 40
0.04668050408714086 0.29652273858564787 40
0.043953567476211965 0.5071906432529106 95
0.04668050408714086 0.29652273858564787 95
0.20409828262773588 0.13115977544496363 40
0.3746629894359421 0.06339689893660036 95
0.5390811000123014 0.895493174091655 95
0.019077080736955448 0.4017244158451072 40
0.04668050408714086 0.29652273858564787 40
0.07988166308840947 0.24427183432597724 95
0.13322645576180775 0.1847124988175571 95
0.555330173333093 0.0 40
0.0 0.44805536002884117 95
0.5390811000123014 0.895493174091655 95
0.22361024424895853 0.6736620738852678 40
0.0 0.44805536002884117 95
0.019077080736955448 0.4017244158451072 95
0.5390811000123014 0.895493174091655 40
0.3746629894359421 0.06339689893660036 95
0.22361024424895853 0.6736620738852678 95
0.029105045686215473 0.3429137469479045 40
0.04668050408714086 0.29652273858564787 95
0.04668050408714086 0.29652273858564787 95
0.3746629894359421 0.06339689893660036 95
0.043953567476211965 0.5071906432529106 95
0.0 0.44805536002884117 95
0.029105045686215473 0.3429137469479045 40
0.13322645576180775 0.1847124988175571 95
0.24839141001789444 0.726374202425787 40
0.04668050408714086 0.29652273858564787 40
0.22361024424895853 0.6736620738852678 95
0.555330173333093 0.0 40
0.38218844945675085 0.8226581055332337 40
0.20409828262773588 0.13115977544496363 95
0.38218844945675085 0.8226581055332337 40
0.13322645576180775 0.1847124988175571 95
0.3746629894359421 0.06339689893660036 95
0.5390811000123014 0.895493174091655 95
0.043953567476211965 0.5071906432529106 40
0.3746629894359421 0.06339689893660036 40
0.20409828262773588 0.13115977544496363 95
0.38218844945675085 0.8226581055332337 95
0.13322645576180775 0.1847124988175571 40
0.3746629894359421 0.06339689893660036 95
0.20409828262773588 0.13115977544496363 95
0.3746629894359421 0.06339689893660036 40
0.04668050408714086 0.29652273858564787 40
0.0 0.44805536002884117 95
1.0 1.0 40
0.13322645576180775 0.1847124988175571 95
0.22361024424895853 0.6736620738852678 95
0.029105045686215473 0.3429137469479045 40
0.17414803016382938 0.6163457706310413 40
0.0 0.44805536002884117 40
0.04668050408714086 0.29652273858564787 95
0.0 0.44805536002884117 40
0.20409828262773588 0.13115977544496363 40
0.20409828262773588 0.13115977544496363 40
0.3746629894359421 0.06339689893660036 40
0.20409828262773588 0.13115977544496363 95
0.38218844945675085 0.8226581055332337 95
0.5390811000123014 0.895493174091655 95
0.3746629894359421 0.06339689893660036 95
0.13322645576180775 0.1847124988175571 95
0.029105045686215473 0.3429137469479045 95
0.0 0.44805536002884117 40
0.0 0.44805536002884117 95
0.13322645576180775 0.1847124988175571 95
0.20409828262773588 0.13115977544496363 95
0.0 0.44805536002884117 40
0.029105045686215473 0.3429137469479045 40
0.029105045686215473 0.3429137469479045 95
0.019077080736955448 0.4017244158451072 40
1.0 1.0 40
0.20409828262773588 0.13115977544496363 95
0.38218844945675085 0.8226581055332337 95
0.043953567476211965 0.5071906432529106 40
0.20409828262773588 0.13115977544496363 95
0.17414803016382938 0.6163457706310413 95
0.11340288464676739 0.5618070077941729 95
0.043953567476211965 0.5071906432529106 95
0.22361024424895853 0.6736620738852678 40
0.17414803016382938 0.6163457706310413 95
0.555330173333093 0.0 40
0.11340288464676739 0.5618070077941729 40
0.5390811000123014 0.895493174091655 40
0.043953567476211965 0.5071906432529106 95
0.019077080736955448 0.4017244158451072 95
0.5390811000123014 0.895493174091655 95
0.17414803016382938 0.6163457706310413 95
0.07988166308840947 0.24427183432597724 40
0.043953567476211965 0.5071906432529106 95
0.043953567476211965 0.5071906432529106 95
0.11340288464676739 0.5618070077941729 40
0.20409828262773588 0.13115977544496363 95
0.04668050408714086 0.29652273858564787 95
1.0 1.0 40
0.019077080736955448 0.4017244158451072 40
0.04668050408714086 0.29652273858564787 40
0.3746629894359421 0.06339689893660036 40
0.555330173333093 0.0 95
0.5390811000123014 0.895493174091655 40
0.38218844945675085 0.8226581055332337 95
0.24839141001789444 0.726374202425787 95
0.555330173333093 0.0 95
0.029105045686215473 0.3429137469479045 40
0.029105045686215473 0.3429137469479045 40
0.22361024424895853 0.6736620738852678 95
0.043953567476211965 0.5071906432529106 40
