0.2530671906943988 0.7280543957645362 40
0.2186030304071354 0.668954678208975 40
0.17578697083784128 0.6143541582668406 40
0.13142631622756124 0.5625845047969701 40
0.02112749326576698 0.5050721978979515 40
0.02699568806087376 0.44998002254648056 40
0.004405641020288706 0.395520222488245 40
0.0 0.34429619484692137 40
0.027286246582939 0.2917831949319471 40
0.06554149781656231 0.24139326346773843 40
0.09604337425127675 0.1860861485315674 40
0.18523341771896795 0.1295787027092066 40
0.34063099929635576 0.06462027120480805 40
0.490993763125711 0.0 40
1.0 1.0 40
0.5977306452209975 0.8978836604523931 40
0.37842708270707065 0.8194390560341182 40
0.2646991095385891 0.7560359242269352 40
0.2530671906943988 0.7280543957645362 95
0.2186030304071354 0.668954678208975 95
0.17578697083784128 0.6143541582668406 95
0.13142631622756124 0.5625845047969701 95
0.02112749326576698 0.5050721978979515 95
0.02699568806087376 0.44998002254648056 95
0.004405641020288706 0.395520222488245 95
0.0 0.34429619484692137 95
0.027286246582939 0.2917831949319471 95
0.06554149781656231 0.24139326346773843 95
0.09604337425127675 0.1860861485315674 95
0.18523341771896795 0.1295787027092066 95
0.34063099929635576 0.06462027120480805 95
0.490993763125711 0.0 95
1.0 1.0 95
0.5977306452209975 0.8978836604523931 95
0.37842708270707065 0.8194390560341182 95
0.2646991095385891 0.7560359242269352 95
0.34063099929635576 0.06462027120480805 95
0.06554149781656231 0.24139326346773843 40
0.06554149781656231 0.24139326346773843 95
0.37842708270707065 0.8194390560341182 40
0.5977306452209975 0.8978836604523931 95
0.2530671906943988 0.7280543957645362 95
0.37842708270707065 0.8194390560341182 95
0.2530671906943988 0.7280543957645362 40
0.06554149781656231 0.24139326346773843 40
0.490993763125711 0.0 40
0.13142631622756124 0.5625845047969701 95
0.13142631622756124 0.5625845047969701 95
0.13142631622756124 0.5625845047969701 40
0.13142631622756124 0.5625845047969701 40
0.5977306452209975 0.8978836604523931 40
0.18523341771896795 0.1295787027092066 95
1.0 1.0 40
0.490993763125711 0.0 40
0.17578697083784128 0.6143541582668406 95
0.13142631622756124 0.5625845047969701 95
0.5977306452209975 0.8978836604523931 40
0.34063099929635576 0.06462027120480805 40
0.2530671906943988 0.7280543957645362 95
0.34063099929635576 0.06462027120480805 95
0.2646991095385891 0.7560359242269352 40
0.02112749326576698 0.5050721978979515 40
0.5977306452209975 0.8978836604523931 40
0.02112749326576698 0.5050721978979515 95
0.490993763125711 0.0 95
0.06554149781656231 0.24139326346773843 40
0.5977306452209975 0.8978836604523931 95
0.02112749326576698 0.5050721978979515 40
0.5977306452209975 0.8978836604523931 95
0.5977306452209975 0.8978836604523931 95
0.0 0.34429619484692137 40
1.0 1.0 95
0.37842708270707065 0.8194390560341182 40
0.34063099929635576 0.06462027120480805 95
1.0 1.0 95
0.02699568806087376 0.44998002254648056 95
0.13142631622756124 0.5625845047969701 95
0.027286246582939 0.2917831949319471 40
0.2530671906943988 0.7280543957645362 40
0.18523341771896795 0.1295787027092066 40
0.06554149781656231 0.24139326346773843 95
0.004405641020288706 0.395520222488245 40
0.490993763125711 0.0 95
0.0 0.34429619484692137 95
0.02699568806087376 0.44998002254648056 95
0.2186030304071354 0.668954678208975 40
0.2530671906943988 0.7280543957645362 95
0.5977306452209975 0.8978836604523931 95
0.02112749326576698 0.5050721978979515 95
0.13142631622756124 0.5625845047969701 40
0.34063099929635576 0.06462027120480805 95
0.0 0.34429619484692137 95
0.09604337425127675 0.1860861485315674 95
0.490993763125711 0.0 40
0.37842708270707065 0.8194390560341182 95
0.06554149781656231 0.24139326346773843 40
0.2530671906943988 0.7280543957645362 40
0.027286246582939 0.2917831949319471 40
0.2186030304071354 0.668954678208975 95
0.5977306452209975 0.8978836604523931 40
0.18523341771896795 0.1295787027092066 95
0.2530671906943988 0.7280543957645362 40
0.02699568806087376 0.44998002254648056 95
0.13142631622756124 0.5625845047969701 40
0.490993763125711 0.0 95
0.490993763125711 0.0 40
0.17578697083784128 0.6143541582668406 40
0.02699568806087376 0.44998002254648056 40
0.0 0.34429619484692137 40
0.2530671906943988 0.7280543957645362 95
0.004405641020288706 0.395520222488245 40
0.490993763125711 0.0 95
0.004405641020288706 0.395520222488245 40
0.17578697083784128 0.6143541582668406 40
0.027286246582939 0.2917831949319471 95
0.17578697083784128 0.6143541582668406 40
0.2530671906943988 0.7280543957645362 95
0.34063099929635576 0.06462027120480805 40
0.13142631622756124 0.5625845047969701 40
0.06554149781656231 0.24139326346773843 95
0.09604337425127675 0.1860861485315674 95
0.18523341771896795 0.1295787027092066 40
0.18523341771896795 0.1295787027092066 95
0.2646991095385891 0.7560359242269352 95
0.17578697083784128 0.6143541582668406 95
0.5977306452209975 0.8978836604523931 95
0.2186030304071354 0.668954678208975 40
0.37842708270707065 0.8194390560341182 95
0.02112749326576698 0.5050721978979515 40
0.02699568806087376 0.44998002254648056 95
0.2186030304071354 0.668954678208975 95
0.2530671906943988 0.7280543957645362 95
0.2530671906943988 0.7280543957645362 40
0.37842708270707065 0.8194390560341182 40
0.02699568806087376 0.44998002254648056 95
0.0 0.34429619484692137 95
0.004405641020288706 0.395520222488245 40
0.37842708270707065 0.8194390560341182 40
0.027286246582939 0.2917831949319471 40
0.2530671906943988 0.7280543957645362 40
0.0 0.34429619484692137 95
0.37842708270707065 0.8194390560341182 40
0.06554149781656231 0.24139326346773843 95
0.5977306452209975 0.8978836604523931 40
1.0 1.0 40
0.37842708270707065 0.8194390560341182 40
0.2186030304071354 0.668954678208975 95
1.0 1.0 40
0.18523341771896795 0.1295787027092066 40
0.18523341771896795 0.1295787027092066 95
0.490993763125711 0.0 40
0.027286246582939 0.2917831949319471 40
0.490993763125711 0.0 95
0.5977306452209975 0.8978836604523931 95
0.37842708270707065 0.8194390560341182 40
0.2186030304071354 0.668954678208975 95
0.17578697083784128 0.6143541582668406 40
0.027286246582939 0.2917831949319471 40
0.13142631622756124 0.5625845047969701 95
0.490993763125711 0.0 40
0.34063099929635576 0.06462027120480805 40
0.02699568806087376 0.44998002254648056 95
0.2646991095385891 0.7560359242269352 40
0.34063099929635576 0.06462027120480805 95
0.17578697083784128 0.6143541582668406 40
0.34063099929635576 0.06462027120480805 40
0.18523341771896795 0.1295787027092066 95
0.09604337425127675 0.1860861485315674 40
0.37842708270707065 0.8194390560341182 40
0.490993763125711 0.0 95
0.2186030304071354 0.668954678208975 95
0.37842708270707065 0.8194390560341182 95
0.37842708270707065 0.8194390560341182 95
0.2646991095385891 0.7560359242269352 95
0.027286246582939 0.2917831949319471 40
0.06554149781656231 0.24139326346773843 40
0.02699568806087376 0.44998002254648056 95
0.34063099929635576 0.06462027120480805 95
0.0 0.34429619484692137 95
0.02112749326576698 0.5050721978979515 95
0.2186030304071354 0.668954678208975 40
0.2186030304071354 0.668954678208975 95
0.13142631622756124 0.5625845047969701 95
0.02699568806087376 0.44998002254648056 95
0.37842708270707065 0.8194390560341182 40
0.02699568806087376 0.44998002254648056 40
0.06554149781656231 0.24139326346773843 95
1.0 1.0 40
0.2186030304071354 0.668954678208975 40
0.17578697083784128 0.6143541582668406 40
0.2530671906943988 0.7280543957645362 95
0.18523341771896795 0.1295787027092066 95
0.02699568806087376 0.44998002254648056 95
0.06554149781656231 0.24139326346773843 95
0.5977306452209975 0.8978836604523931 95
0.5977306452209975 0.8978836604523931 40
0.02699568806087376 0.44998002254648056 95
0.2186030304071354 0.668954678208975 95
0.02699568806087376 0.44998002254648056 40
0.17578697083784128 0.6143541582668406 95
0.490993763125711 0.0 40
0.2646991095385891 0.7560359242269352 40
0.2646991095385891 0.7560359242269352 95
0.13142631622756124 0.5625845047969701 40
0.004405641020288706 0.395520222488245 40
0.37842708270707065 0.8194390560341182 40
0.02112749326576698 0.5050721978979515 40
0.18523341771896795 0.1295787027092066 95
0.13142631622756124 0.5625845047969701 40
0.2646991095385891 0.7560359242269352 95
0.34063099929635576 0.06462027120480805 95
0.2186030304071354 0.668954678208975 95
0.2530671906943988 0.7280543957645362 95
0.34063099929635576 0.06462027120480805 40
0.0 0.34429619484692137 40
1.0 1.0 95
0.18523341771896795 0.1295787027092066 40
0.37842708270707065 0.8194390560341182 95
0.06554149781656231 0.24139326346773843 95
0.027286246582939 0.2917831949319471 40
0.004405641020288706 0.395520222488245 40
0.17578697083784128 0.6143541582668406 40
0.17578697083784128 0.6143541582668406 40
0.34063099929635576 0.06462027120480805 40
0.0 0.34429619484692137 40
0.5977306452209975 0.8978836604523931 95
0.5977306452209975 0.8978836604523931 95
0.06554149781656231 0.24139326346773843 95
0.2646991095385891 0.7560359242269352 95
0.06554149781656231 0.24139326346773843 95
1.0 1.0 40
0.2530671906943988 0.7280543957645362 95
0.37842708270707065 0.8194390560341182 95
0.37842708270707065 0.8194390560341182 40
0.37842708270707065 0.8194390560341182 95
0.02699568806087376 0.44998002254648056 95
0.18523341771896795 0.1295787027092066 40
0.2530671906943988 0.7280543957645362 95
0.37842708270707065 0.8194390560341182 95
0.2186030304071354 0.668954678208975 40
0.37842708270707065 0.8194390560341182 95
0.490993763125711 0.0 95
0.02699568806087376 0.44998002254648056 40
0.18523341771896795 0.1295787027092066 40
0.37842708270707065 0.8194390560341182 40
0.37842708270707065 0.8194390560341182 40
0.13142631622756124 0.5625845047969701 40
0.37842708270707065 0.8194390560341182 95
0.0 0.34429619484692137 40
0.490993763125711 0.0 95
0.06554149781656231 0.24139326346773843 95
0.17578697083784128 0.6143541582668406 95
0.37842708270707065 0.8194390560341182 95
0.13142631622756124 0.5625845047969701 40
0.2646991095385891 0.7560359242269352 95
0.2646991095385891 0.7560359242269352 40
