0.25782300195388674 0.7402646419454721 40
0.22415508367713954 0.6828827288192157 40
0.18205082396762065 0.6222592904685248 40
0.13552001386680174 0.5664430268264413 40
0.02917881054779119 0.5088278677546844 40
0.03464736110664209 0.45840473684309746 40
0.0 0.399335671727187 40
0.011517164976315504 0.3533572686304751 40
0.029038436509396436 0.29578468024332805 40
0.06583879920580973 0.24464880909111802 40
0.0978870346729828 0.1852487997405876 40
0.19022274949563273 0.1283262791402737 40
0.3533505630576517 0.0672621409923749 40
0.5092064454985168 0.0 40
1.0 1.0 40
0.5128134072605522 0.8892919098991433 40
0.35396147457814575 0.8167956449993604 40
0.25782300195388674 0.7402646419454721 95
0.22415508367713954 0.6828827288192157 95
0.18205082396762065 0.6222592904685248 95
0.13552001386680174 0.5664430268264413 95
0.02917881054779119 0.5088278677546844 95
0.03464736110664209 0.45840473684309746 95
0.0 0.399335671727187 95
0.011517164976315504 0.3533572686304751 95
0.029038436509396436 0.29578468024332805 95
0.06583879920580973 0.24464880909111802 95
0.0978870346729828 0.1852487997405876 95
0.19022274949563273 0.1283262791402737 95
0.3533505630576517 0.0672621409923749 95
0.5092064454985168 0.0 95
1.0 1.0 95
0.5128134072605522 0.8892919098991433 95
0.35396147457814575 0.8167956449993604 95
0.0978870346729828 0.1852487997405876 95
0.25782300195388674 0.7402646419454721 95
0.011517164976315504 0.3533572686304751 95
0.19022274949563273 0.1283262791402737 95
0.03464736110664209 0.45840473684309746 95
0.0978870346729828 0.1852487997405876 95
0.03464736110664209 0.45840473684309746 95
0.19022274949563273 0.1283262791402737 95
0.029038436509396436 0.29578468024332805 40
0.0 0.399335671727187 40
0.35396147457814575 0.8167956449993604 95
0.35396147457814575 0.8167956449993604 40
0.0978870346729828 0.1852487997405876 40
0.02917881054779119 0.5088278677546844 40
0.03464736110664209 0.45840473684309746 40
0.35396147457814575 0.8167956449993604 95
0.25782300195388674 0.7402646419454721 40
0.0978870346729828 0.1852487997405876 95
0.011517164976315504 0.3533572686304751 40
0.03464736110664209 0.45840473684309746 40
0.06583879920580973 0.24464880909111802 95
0.19022274949563273 0.1283262791402737 40
0.0978870346729828 0.1852487997405876 40
0.19022274949563273 0.1283262791402737 40
0.011517164976315504 0.3533572686304751 95
0.25782300195388674 0.7402646419454721 40
0.0978870346729828 0.1852487997405876 40
0.03464736110664209 0.45840473684309746 40
0.011517164976315504 0.3533572686304751 95
0.029038436509396436 0.29578468024332805 40
0.029038436509396436 0.29578468024332805 40
0.011517164976315504 0.3533572686304751 95
0.19022274949563273 0.1283262791402737 95
0.5092064454985168 0.0 40
0.029038436509396436 0.29578468024332805 95
1.0 1.0 40
1.0 1.0 95
0.35396147457814575 0.8167956449993604 40
0.3533505630576517 0.0672621409923749 40
0.25782300195388674 0.7402646419454721 95
0.22415508367713954 0.6828827288192157 40
0.5128134072605522 0.8892919098991433 40
0.3533505630576517 0.0672621409923749 95
0.03464736110664209 0.45840473684309746 95
0.06583879920580973 0.24464880909111802 95
0.5128134072605522 0.8892919098991433 95
0.02917881054779119 0.5088278677546844 40
0.011517164976315504 0.3533572686304751 40
0.18205082396762065 0.6222592904685248 40
0.011517164976315504 0.3533572686304751 95
0.5128134072605522 0.8892919098991433 40
0.19022274949563273 0.1283262791402737 95
1.0 1.0 40
0.13552001386680174 0.5664430268264413 40
0.011517164976315504 0.3533572686304751 95
0.06583879920580973 0.24464880909111802 40
0.5128134072605522 0.8892919098991433 40
0.0978870346729828 0.1852487997405876 95
0.35396147457814575 0.8167956449993604 40
0.5128134072605522 0.8892919098991433 40
0.02917881054779119 0.5088278677546844 95
1.0 1.0 40
1.0 1.0 95
0.19022274949563273 0.1283262791402737 95
0.02917881054779119 0.5088278677546844 40
1.0 1.0 95
0.3533505630576517 0.0672621409923749 40
0.19022274949563273 0.1283262791402737 95
0.0 0.399335671727187 40
1.0 1.0 40
0.02917881054779119 0.5088278677546844 40
0.011517164976315504 0.3533572686304751 95
0.22415508367713954 0.6828827288192157 40
0.13552001386680174 0.5664430268264413 40
0.0978870346729828 0.1852487997405876 95
0.5092064454985168 0.0 40
0.5128134072605522 0.8892919098991433 95
0.5128134072605522 0.8892919098991433 95
0.03464736110664209 0.45840473684309746 40
0.5128134072605522 0.8892919098991433 95
0.0978870346729828 0.1852487997405876 40
0.0978870346729828 0.1852487997405876 40
0.0978870346729828 0.1852487997405876 40
0.22415508367713954 0.6828827288192157 95
0.25782300195388674 0.7402646419454721 95
0.19022274949563273 0.1283262791402737 95
0.25782300195388674 0.7402646419454721 95
0.06583879920580973 0.24464880909111802 40
1.0 1.0 40
0.0978870346729828 0.1852487997405876 40
0.029038436509396436 0.29578468024332805 40
0.13552001386680174 0.5664430268264413 40
0.25782300195388674 0.7402646419454721 95
0.029038436509396436 0.29578468024332805 40
0.0978870346729828 0.1852487997405876 40
0.0 0.399335671727187 95
0.029038436509396436 0.29578468024332805 40
0.18205082396762065 0.6222592904685248 95
0.3533505630576517 0.0672621409923749 40
1.0 1.0 40
0.19022274949563273 0.1283262791402737 95
0.02917881054779119 0.5088278677546844 95
0.5128134072605522 0.8892919098991433 95
1.0 1.0 40
0.03464736110664209 0.45840473684309746 95
0.3533505630576517 0.0672621409923749 95
0.5128134072605522 0.8892919098991433 95
0.19022274949563273 0.1283262791402737 40
0.029038436509396436 0.29578468024332805 95
0.5092064454985168 0.0 95
0.3533505630576517 0.0672621409923749 95
0.029038436509396436 0.29578468024332805 40
0.0 0.399335671727187 40
0.03464736110664209 0.45840473684309746 95
0.02917881054779119 0.5088278677546844 95
0.029038436509396436 0.29578468024332805 95
0.029038436509396436 0.29578468024332805 40
0.06583879920580973 0.24464880909111802 40
0.0 0.399335671727187 40
0.029038436509396436 0.29578468024332805 40
0.029038436509396436 0.29578468024332805 95
0.0 0.399335671727187 95
0.029038436509396436 0.29578468024332805 95
0.25782300195388674 0.7402646419454721 95
1.0 1.0 40
0.35396147457814575 0.8167956449993604 40
0.18205082396762065 0.6222592904685248 95
0.22415508367713954 0.6828827288192157 95
0.5092064454985168 0.0 40
0.06583879920580973 0.24464880909111802 95
0.011517164976315504 0.3533572686304751 40
0.02917881054779119 0.5088278677546844 95
0.18205082396762065 0.6222592904685248 95
0.02917881054779119 0.5088278677546844 40
0.029038436509396436 0.29578468024332805 95
0.011517164976315504 0.3533572686304751 40
0.0978870346729828 0.1852487997405876 40
0.5092064454985168 0.0 40
0.3533505630576517 0.0672621409923749 40
0.19022274949563273 0.1283262791402737 40
0.029038436509396436 0.29578468024332805 95
0.02917881054779119 0.5088278677546844 40
0.011517164976315504 0.3533572686304751 40
0.19022274949563273 0.1283262791402737 40
0.3533505630576517 0.0672621409923749 95
0.22415508367713954 0.6828827288192157 40
0.19022274949563273 0.1283262791402737 40
0.19022274949563273 0.1283262791402737 40
0.0978870346729828 0.1852487997405876 95
0.03464736110664209 0.45840473684309746 95
0.13552001386680174 0.5664430268264413 95
0.02917881054779119 0.5088278677546844 95
0.011517164976315504 0.3533572686304751 95
0.13552001386680174 0.5664430268264413 95
0.029038436509396436 0.29578468024332805 95
0.18205082396762065 0.6222592904685248 95
0.06583879920580973 0.24464880909111802 95
0.0 0.399335671727187 40
0.19022274949563273 0.1283262791402737 95
0.5092064454985168 0.0 40
0.18205082396762065 0.6222592904685248 95
0.18205082396762065 0.6222592904685248 40
0.13552001386680174 0.5664430268264413 95
0.25782300195388674 0.7402646419454721 40
0.22415508367713954 0.6828827288192157 95
0.02917881054779119 0.5088278677546844 95
0.0 0.399335671727187 40
0.029038436509396436 0.29578468024332805 95
0.0 0.399335671727187 40
0.029038436509396436 0.29578468024332805 40
0.13552001386680174 0.5664430268264413 40
0.5128134072605522 0.8892919098991433 95
1.0 1.0 40
0.19022274949563273 0.1283262791402737 95
0.25782300195388674 0.7402646419454721 40
0.5092064454985168 0.0 40
0.011517164976315504 0.3533572686304751 95
0.03464736110664209 0.45840473684309746 95
0.35396147457814575 0.8167956449993604 95
0.0 0.399335671727187 40
0.03464736110664209 0.45840473684309746 95
0.25782300195388674 0.7402646419454721 40
0.0978870346729828 0.1852487997405876 95
0.06583879920580973 0.24464880909111802 40
0.0978870346729828 0.1852487997405876 40
0.19022274949563273 0.1283262791402737 95
0.0978870346729828 0.1852487997405876 40
0.011517164976315504 0.3533572686304751 95
0.18205082396762065 0.6222592904685248 40
0.0 0.399335671727187 40
0.22415508367713954 0.6828827288192157 40
0.03464736110664209 0.45840473684309746 40
0.02917881054779119 0.5088278677546844 95
0.06583879920580973 0.24464880909111802 95
1.0 1.0 95
0.19022274949563273 0.1283262791402737 95
0.03464736110664209 0.45840473684309746 95
0.18205082396762065 0.6222592904685248 95
0.0978870346729828 0.1852487997405876 40
1.0 1.0 95
0.06583879920580973 0.24464880909111802 40
0.13552001386680174 0.5664430268264413 95
0.25782300195388674 0.7402646419454721 95
0.02917881054779119 0.5088278677546844 95
0.3533505630576517 0.0672621409923749 95
0.029038436509396436 0.29578468024332805 95
0.029038436509396436 0.29578468024332805 40
0.0 0.399335671727187 40
0.18205082396762065 0.6222592904685248 95
0.13552001386680174 0.5664430268264413 95
0.03464736110664209 0.45840473684309746 40
0.3533505630576517 0.0672621409923749 95
0.5128134072605522 0.8892919098991433 95
0.25782300195388674 0.7402646419454721 95
0.029038436509396436 0.29578468024332805 95
0.25782300195388674 0.7402646419454721 40
0.0 0.399335671727187 95
0.0 0.399335671727187 95
0.18205082396762065 0.6222592904685248 40
0.029038436509396436 0.29578468024332805 40
0.3533505630576517 0.0672621409923749 40
0.22415508367713954 0.6828827288192157 40
