0.20464166757558255 0.7007352676915588 40
0.21191583789651675 0.6474702602684372 40
0.13912740247307648 0.5922534457616675 40
0.07158256724689126 0.5400120263040279 40
0.0391163814469494 0.4862189034106005 40
0.0 0.43952958465197994 40
0.032120483553674646 0.3890954941643273 40
0.0307253964214642 0.34028326846605894 40
0.05693278772019042 0.2865798936705817 40
0.07408124316777549 0.2372147553887611 40
0.11413386534559138 0.18625222702125047 40
0.21104105735088996 0.1316539378682676 40
0.3373681723544562 0.07418545250831717 40
0.5867151011389324 0.0 40
1.0 1.0 40
0.709387115867361 0.9076024859242421 40
0.332687913858732 0.8153693408314683 40
0.2465117319536227 0.7585803606113612 40
0.20464166757558255 0.7007352676915588 95
0.21191583789651675 0.6474702602684372 95
0.13912740247307648 0.5922534457616675 95
0.07158256724689126 0.5400120263040279 95
0.0391163814469494 0.4862189034106005 95
0.0 0.43952958465197994 95
0.032120483553674646 0.3890954941643273 95
0.0307253964214642 0.34028326846605894 95
0.05693278772019042 0.2865798936705817 95
0.07408124316777549 0.2372147553887611 95
0.11413386534559138 0.18625222702125047 95
0.21104105735088996 0.1316539378682676 95
0.3373681723544562 0.07418545250831717 95
0.5867151011389324 0.0 95
1.0 1.0 95
0.709387115867361 0.9076024859242421 95
0.332687913858732 0.8153693408314683 95
0.2465117319536227 0.7585803606113612 95
0.2465117319536227 0.7585803606113612 40
0.07408124316777549 0.2372147553887611 40
0.07158256724689126 0.5400120263040279 40
0.20464166757558255 0.7007352676915588 40
0.07408124316777549 0.2372147553887611 95
0.332687913858732 0.8153693408314683 40
0.3373681723544562 0.07418545250831717 40
0.13912740247307648 0.5922534457616675 40
0.21104105735088996 0.1316539378682676 40
0.0391163814469494 0.4862189034106005 40
0.032120483553674646 0.3890954941643273 40
0.07158256724689126 0.5400120263040279 40
0.2465117319536227 0.7585803606113612 95
0.07408124316777549 0.2372147553887611 40
0.07408124316777549 0.2372147553887611 40
0.13912740247307648 0.5922534457616675 40
0.709387115867361 0.9076024859242421 95
0.07408124316777549 0.2372147553887611 95
0.0307253964214642 0.34028326846605894 95
0.3373681723544562 0.07418545250831717 95
0.21191583789651675 0.6474702602684372 95
0.21104105735088996 0.1316539378682676 40
0.0391163814469494 0.4862189034106005 95
0.21104105735088996 0.1316539378682676 95
0.07408124316777549 0.2372147553887611 95
0.07408124316777549 0.2372147553887611 95
0.11413386534559138 0.18625222702125047 40
0.13912740247307648 0.5922534457616675 95
0.21104105735088996 0.1316539378682676 40
0.0391163814469494 0.4862189034106005 40
0.20464166757558255 0.7007352676915588 40
0.07408124316777549 0.2372147553887611 40
0.20464166757558255 0.7007352676915588 40
0.709387115867361 0.9076024859242421 40
0.21191583789651675 0.6474702602684372 40
0.20464166757558255 0.7007352676915588 40
0.0307253964214642 0.34028326846605894 95
0.21191583789651675 0.6474702602684372 40
0.0391163814469494 0.4862189034106005 95
0.032120483553674646 0.3890954941643273 95
0.07158256724689126 0.5400120263040279 40
0.2465117319536227 0.7585803606113612 95
0.2465117319536227 0.7585803606113612 95
0.032120483553674646 0.3890954941643273 40
0.20464166757558255 0.7007352676915588 40
0.3373681723544562 0.07418545250831717 95
0.13912740247307648 0.5922534457616675 40
1.0 1.0 40
0.032120483553674646 0.3890954941643273 95
0.07158256724689126 0.5400120263040279 95
0.20464166757558255 0.7007352676915588 40
0.07158256724689126 0.5400120263040279 40
0.11413386534559138 0.18625222702125047 95
0.2465117319536227 0.7585803606113612 40
0.2465117319536227 0.7585803606113612 40
0.3373681723544562 0.07418545250831717 95
0.07408124316777549 0.2372147553887611 40
0.21191583789651675 0.6474702602684372 95
0.07158256724689126 0.5400120263040279 95
0.0307253964214642 0.34028326846605894 95
0.0307253964214642 0.34028326846605894 95
0.21104105735088996 0.1316539378682676 95
0.032120483553674646 0.3890954941643273 40
1.0 1.0 40
0.0 0.43952958465197994 40
0.032120483553674646 0.3890954941643273 40
0.07158256724689126 0.5400120263040279 95
0.07408124316777549 0.2372147553887611 95
0.0307253964214642 0.34028326846605894 95
0.2465117319536227 0.7585803606113612 40
0.2465117319536227 0.7585803606113612 95
0.0391163814469494 0.4862189034106005 40
0.032120483553674646 0.3890954941643273 95
0.2465117319536227 0.7585803606113612 40
0.05693278772019042 0.2865798936705817 40
0.05693278772019042 0.2865798936705817 95
0.2465117319536227 0.7585803606113612 40
0.032120483553674646 0.3890954941643273 95
0.332687913858732 0.8153693408314683 95
0.0391163814469494 0.4862189034106005 95
0.0307253964214642 0.34028326846605894 40
0.709387115867361 0.9076024859242421 95
0.07158256724689126 0.5400120263040279 40
0.21104105735088996 0.1316539378682676 40
0.0307253964214642 0.34028326846605894 95
0.21104105735088996 0.1316539378682676 40
0.20464166757558255 0.7007352676915588 95
0.13912740247307648 0.5922534457616675 40
0.05693278772019042 0.2865798936705817 40
0.0307253964214642 0.34028326846605894 40
0.032120483553674646 0.3890954941643273 95
0.07408124316777549 0.2372147553887611 95
1.0 1.0 95
0.07408124316777549 0.2372147553887611 95
0.032120483553674646 0.3890954941643273 40
0.0307253964214642 0.34028326846605894 40
0.21191583789651675 0.6474702602684372 40
0.5867151011389324 0.0 40
0.709387115867361 0.9076024859242421 95
0.07408124316777549 0.2372147553887611 40
0.3373681723544562 0.07418545250831717 40
0.07408124316777549 0.2372147553887611 40
0.21191583789651675 0.6474702602684372 40
0.07408124316777549 0.2372147553887611 40
0.332687913858732 0.8153693408314683 95
0.3373681723544562 0.07418545250831717 40
1.0 1.0 95
0.21191583789651675 0.6474702602684372 95
0.332687913858732 0.8153693408314683 40
0.05693278772019042 0.2865798936705817 40
0.05693278772019042 0.2865798936705817 95
1.0 1.0 40
0.0307253964214642 0.34028326846605894 95
0.3373681723544562 0.07418545250831717 95
0.0307253964214642 0.34028326846605894 40
0.07158256724689126 0.5400120263040279 40
0.0307253964214642 0.34028326846605894 95
0.5867151011389324 0.0 95
0.2465117319536227 0.7585803606113612 40
0.3373681723544562 0.07418545250831717 95
0.5867151011389324 0.0 95
0.07408124316777549 0.2372147553887611 95
0.11413386534559138 0.18625222702125047 40
0.20464166757558255 0.7007352676915588 95
0.20464166757558255 0.7007352676915588 95
0.2465117319536227 0.7585803606113612 95
0.3373681723544562 0.07418545250831717 40
0.07158256724689126 0.5400120263040279 95
0.0307253964214642 0.34028326846605894 40
0.21191583789651675 0.6474702602684372 95
0.032120483553674646 0.3890954941643273 95
0.13912740247307648 0.5922534457616675 40
0.709387115867361 0.9076024859242421 40
0.07158256724689126 0.5400120263040279 95
0.20464166757558255 0.7007352676915588 40
0.0307253964214642 0.34028326846605894 40
0.0307253964214642 0.34028326846605894 40
0.332687913858732 0.8153693408314683 95
0.332687913858732 0.8153693408314683 95
0.07408124316777549 0.2372147553887611 95
0.13912740247307648 0.5922534457616675 40
0.13912740247307648 0.5922534457616675 95
0.0 0.43952958465197994 95
0.0 0.43952958465197994 95
0.20464166757558255 0.7007352676915588 95
0.07158256724689126 0.5400120263040279 40
0.2465117319536227 0.7585803606113612 95
0.0307253964214642 0.34028326846605894 40
0.332687913858732 0.8153693408314683 95
0.0 0.43952958465197994 40
0.13912740247307648 0.5922534457616675 40
0.0 0.43952958465197994 40
0.21191583789651675 0.6474702602684372 95
0.3373681723544562 0.07418545250831717 40
0.07408124316777549 0.2372147553887611 95
0.07408124316777549 0.2372147553887611 40
0.709387115867361 0.9076024859242421 95
0.709387115867361 0.9076024859242421 95
0.709387115867361 0.9076024859242421 95
0.21191583789651675 0.6474702602684372 40
0.20464166757558255 0.7007352676915588 95
0.07408124316777549 0.2372147553887611 40
0.20464166757558255 0.7007352676915588 40
0.07158256724689126 0.5400120263040279 95
0.3373681723544562 0.07418545250831717 95
0.13912740247307648 0.5922534457616675 95
0.0 0.43952958465197994 40
0.21104105735088996 0.1316539378682676 40
1.0 1.0 40
0.07158256724689126 0.5400120263040279 95
0.332687913858732 0.8153693408314683 95
0.5867151011389324 0.0 40
0.0 0.43952958465197994 95
0.21191583789651675 0.6474702602684372 95
0.0 0.43952958465197994 95
0.3373681723544562 0.07418545250831717 95
0.3373681723544562 0.07418545250831717 40
0.709387115867361 0.9076024859242421 95
0.05693278772019042 0.2865798936705817 95
0.07408124316777549 0.2372147553887611 95
0.07158256724689126 0.5400120263040279 40
0.07158256724689126 0.5400120263040279 95
0.032120483553674646 0.3890954941643273 95
0.07158256724689126 0.5400120263040279 40
0.05693278772019042 0.2865798936705817 95
0.0391163814469494 0.4862189034106005 40
0.0391163814469494 0.4862189034106005 95
0.21191583789651675 0.6474702602684372 95
0.709387115867361 0.9076024859242421 40
0.13912740247307648 0.5922534457616675 95
0.05693278772019042 0.2865798936705817 40
0.07408124316777549 0.2372147553887611 40
0.07158256724689126 0.5400120263040279 95
0.0307253964214642 0.34028326846605894 40
0.07408124316777549 0.2372147553887611 95
0.21191583789651675 0.6474702602684372 95
1.0 1.0 40
0.20464166757558255 0.7007352676915588 40
0.332687913858732 0.8153693408314683 95
0.032120483553674646 0.3890954941643273 95
0.13912740247307648 0.5922534457616675 95
0.3373681723544562 0.07418545250831717 95
0.2465117319536227 0.7585803606113612 95
0.05693278772019042 0.2865798936705817 40
0.11413386534559138 0.18625222702125047 95
0.3373681723544562 0.07418545250831717 95
0.07408124316777549 0.2372147553887611 95
0.0307253964214642 0.34028326846605894 40
0.21104105735088996 0.1316539378682676 95
1.0 1.0 95
0.0307253964214642 0.34028326846605894 40
0.21104105735088996 0.1316539378682676 40
0.20464166757558255 0.7007352676915588 95
0.20464166757558255 0.7007352676915588 40
0.709387115867361 0.9076024859242421 40
1.0 1.0 40
0.21104105735088996 0.1316539378682676 40
0.032120483553674646 0.3890954941643273 40
0.5867151011389324 0.0 95
1.0 1.0 40
