0.25650440667437346 0.7171698002540291 40
0.2225794878252365 0.6536151591140746 40
0.1873749206422438 0.5889991380341567 40
0.0992926907578124 0.5286476788040776 40
0.04504802546841817 0.4675492746308991 40
0.01641871360012305 0.40793384953485856 40
0.0 0.35357789495042063 40
0.025506802085326668 0.3017303938226789 40
0.053747443894157955 0.24462290538492307 40
0.06490141965418529 0.18465659902888015 40
0.09046343196132059 0.12567930090063376 40
0.19550109106032657 0.061816446688914194 40
0.284393167770269 0.0 40
1.0 1.0 40
0.6238448266077256 0.8937375491988566 40
0.3694526476506787 0.8063549947956404 40
0.25768229649515284 0.7313565480215823 40
0.25650440667437346 0.7171698002540291 95
0.2225794878252365 0.6536151591140746 95
0.1873749206422438 0.5889991380341567 95
0.0992926907578124 0.5286476788040776 95
0.04504802546841817 0.4675492746308991 95
0.01641871360012305 0.40793384953485856 95
0.0 0.35357789495042063 95
0.025506802085326668 0.3017303938226789 95
0.053747443894157955 0.24462290538492307 95
0.06490141965418529 0.18465659902888015 95
0.09046343196132059 0.12567930090063376 95
0.19550109106032657 0.061816446688914194 95
0.284393167770269 0.0 95
1.0 1.0 95
0.6238448266077256 0.8937375491988566 95
0.3694526476506787 0.8063549947956404 95
0.25768229649515284 0.7313565480215823 95
0.0 0.35357789495042063 95
0.06490141965418529 0.18465659902888015 40
0.2225794878252365 0.6536151591140746 95
0.2225794878252365 0.6536151591140746 95
0.1873749206422438 0.5889991380341567 95
0.1873749206422438 0.5889991380341567 40
0.19550109106032657 0.061816446688914194 95
0.06490141965418529 0.18465659902888015 95
0.1873749206422438 0.5889991380341567 95
0.3694526476506787 0.8063549947956404 95
0.09046343196132059 0.12567930090063376 40
0.284393167770269 0.0 95
0.19550109106032657 0.061816446688914194 40
0.0 0.35357789495042063 95
0.06490141965418529 0.18465659902888015 95
0.284393167770269 0.0 40
0.25768229649515284 0.7313565480215823 95
0.6238448266077256 0.8937375491988566 95
0.0992926907578124 0.5286476788040776 40
0.19550109106032657 0.061816446688914194 40
0.2225794878252365 0.6536151591140746 40
0.25768229649515284 0.7313565480215823 40
0.04504802546841817 0.4675492746308991 95
0.6238448266077256 0.8937375491988566 40
0.01641871360012305 0.40793384953485856 95
0.0 0.35357789495042063 40
0.053747443894157955 0.24462290538492307 40
0.053747443894157955 0.24462290538492307 95
0.25768229649515284 0.7313565480215823 95
0.025506802085326668 0.3017303938226789 40
0.25650440667437346 0.7171698002540291 95
0.0 0.35357789495042063 40
0.1873749206422438 0.5889991380341567 40
0.09046343196132059 0.12567930090063376 95
0.3694526476506787 0.8063549947956404 40
0.01641871360012305 0.40793384953485856 40
0.2225794878252365 0.6536151591140746 95
0.284393167770269 0.0 95
0.2225794878252365 0.6536151591140746 95
0.19550109106032657 0.061816446688914194 40
0.25768229649515284 0.7313565480215823 95
1.0 1.0 95
0.053747443894157955 0.24462290538492307 40
0.053747443894157955 0.24462290538492307 40
0.053747443894157955 0.24462290538492307 40
0.025506802085326668 0.3017303938226789 95
0.06490141965418529 0.18465659902888015 40
1.0 1.0 40
0.25768229649515284 0.7313565480215823 95
0.06490141965418529 0.18465659902888015 95
0.09046343196132059 0.12567930090063376 95
0.3694526476506787 0.8063549947956404 40
0.19550109106032657 0.061816446688914194 95
0.2225794878252365 0.6536151591140746 40
0.6238448266077256 0.8937375491988566 95
0.1873749206422438 0.5889991380341567 95
0.06490141965418529 0.18465659902888015 40
0.6238448266077256 0.8937375491988566 40
0.3694526476506787 0.8063549947956404 40
0.025506802085326668 0.3017303938226789 95
1.0 1.0 40
0.09046343196132059 0.12567930090063376 40
0.25650440667437346 0.7171698002540291 40
0.053747443894157955 0.24462290538492307 95
0.19550109106032657 0.061816446688914194 95
0.01641871360012305 0.40793384953485856 95
0.25650440667437346 0.7171698002540291 40
0.04504802546841817 0.4675492746308991 40
0.053747443894157955 0.24462290538492307 40
0.19550109106032657 0.061816446688914194 40
0.0992926907578124 0.5286476788040776 40
0.04504802546841817 0.4675492746308991 95
0.25650440667437346 0.7171698002540291 40
0.2225794878252365 0.6536151591140746 95
0.04504802546841817 0.4675492746308991 95
0.053747443894157955 0.24462290538492307 40
0.0 0.35357789495042063 40
0.053747443894157955 0.24462290538492307 40
0.19550109106032657 0.061816446688914194 95
0.053747443894157955 0.24462290538492307 95
0.3694526476506787 0.8063549947956404 40
0.2225794878252365 0.6536151591140746 40
0.25768229649515284 0.7313565480215823 40
0.025506802085326668 0.3017303938226789 95
0.053747443894157955 0.24462290538492307 40
0.06490141965418529 0.18465659902888015 95
0.0992926907578124 0.5286476788040776 40
0.01641871360012305 0.40793384953485856 40
0.1873749206422438 0.5889991380341567 40
0.06490141965418529 0.18465659902888015 40
0.0992926907578124 0.5286476788040776 40
0.0 0.35357789495042063 95
0.1873749206422438 0.5889991380341567 40
0.025506802085326668 0.3017303938226789 40
0.2225794878252365 0.6536151591140746 95
0.01641871360012305 0.40793384953485856 40
0.01641871360012305 0.40793384953485856 95
0.053747443894157955 0.24462290538492307 40
0.053747443894157955 0.24462290538492307 95
0.284393167770269 0.0 95
0.25650440667437346 0.7171698002540291 95
0.04504802546841817 0.4675492746308991 40
0.6238448266077256 0.8937375491988566 40
0.2225794878252365 0.6536151591140746 40
0.0992926907578124 0.5286476788040776 40
1.0 1.0 95
0.04504802546841817 0.4675492746308991 95
0.3694526476506787 0.8063549947956404 95
1.0 1.0 40
0.6238448266077256 0.8937375491988566 40
0.0992926907578124 0.5286476788040776 40
0.25650440667437346 0.7171698002540291 40
1.0 1.0 95
0.3694526476506787 0.8063549947956404 95
0.025506802085326668 0.3017303938226789 95
0.0 0.35357789495042063 95
0.09046343196132059 0.12567930090063376 40
0.09046343196132059 0.12567930090063376 95
0.0992926907578124 0.5286476788040776 95
1.0 1.0 95
1.0 1.0 95
0.01641871360012305 0.40793384953485856 40
0.25650440667437346 0.7171698002540291 40
0.0992926907578124 0.5286476788040776 95
0.19550109106032657 0.061816446688914194 95
0.06490141965418529 0.18465659902888015 40
0.1873749206422438 0.5889991380341567 40
0.025506802085326668 0.3017303938226789 95
0.053747443894157955 0.24462290538492307 40
0.04504802546841817 0.4675492746308991 95
0.19550109106032657 0.061816446688914194 95
0.284393167770269 0.0 95
0.01641871360012305 0.40793384953485856 95
0.25768229649515284 0.7313565480215823 40
0.2225794878252365 0.6536151591140746 40
0.1873749206422438 0.5889991380341567 95
0.0992926907578124 0.5286476788040776 95
0.6238448266077256 0.8937375491988566 95
0.3694526476506787 0.8063549947956404 40
0.6238448266077256 0.8937375491988566 95
0.284393167770269 0.0 40
0.2225794878252365 0.6536151591140746 40
0.0 0.35357789495042063 95
0.6238448266077256 0.8937375491988566 40
0.09046343196132059 0.12567930090063376 95
0.19550109106032657 0.061816446688914194 95
0.01641871360012305 0.40793384953485856 95
0.19550109106032657 0.061816446688914194 95
0.6238448266077256 0.8937375491988566 95
0.0992926907578124 0.5286476788040776 40
0.6238448266077256 0.8937375491988566 40
0.2225794878252365 0.6536151591140746 40
0.04504802546841817 0.4675492746308991 95
0.0992926907578124 0.5286476788040776 40
0.1873749206422438 0.5889991380341567 40
0.0992926907578124 0.5286476788040776 40
0.053747443894157955 0.24462290538492307 95
0.3694526476506787 0.8063549947956404 40
0.2225794878252365 0.6536151591140746 95
0.1873749206422438 0.5889991380341567 95
0.06490141965418529 0.18465659902888015 40
0.1873749206422438 0.5889991380341567 95
0.19550109106032657 0.061816446688914194 40
0.25768229649515284 0.7313565480215823 95
0.25768229649515284 0.7313565480215823 95
0.025506802085326668 0.3017303938226789 40
0.19550109106032657 0.061816446688914194 40
0.1873749206422438 0.5889991380341567 40
0.0 0.35357789495042063 95
0.06490141965418529 0.18465659902888015 40
0.025506802085326668 0.3017303938226789 40
0.0 0.35357789495042063 40
0.284393167770269 0.0 95
0.01641871360012305 0.40793384953485856 40
0.04504802546841817 0.4675492746308991 40
0.25768229649515284 0.7313565480215823 95
0.025506802085326668 0.3017303938226789 95
0.09046343196132059 0.12567930090063376 95
0.19550109106032657 0.061816446688914194 40
1.0 1.0 40
0.025506802085326668 0.3017303938226789 40
0.1873749206422438 0.5889991380341567 95
0.25768229649515284 0.7313565480215823 95
0.19550109106032657 0.061816446688914194 40
0.1873749206422438 0.5889991380341567 40
0.0992926907578124 0.5286476788040776 40
0.3694526476506787 0.8063549947956404 40
0.04504802546841817 0.4675492746308991 40
0.25650440667437346 0.7171698002540291 95
0.2225794878252365 0.6536151591140746 40
0.25768229649515284 0.7313565480215823 95
0.06490141965418529 0.18465659902888015 40
0.06490141965418529 0.18465659902888015 95
0.19550109106032657 0.061816446688914194 95
0.1873749206422438 0.5889991380341567 40
0.0992926907578124 0.5286476788040776 40
0.6238448266077256 0.8937375491988566 95
0.2225794878252365 0.6536151591140746 95
0.0 0.35357789495042063 95
0.284393167770269 0.0 95
0.1873749206422438 0.5889991380341567 95
0.25650440667437346 0.7171698002540291 95
0.0 0.35357789495042063 40
0.25768229649515284 0.7313565480215823 40
0.01641871360012305 0.40793384953485856 40
0.6238448266077256 0.8937375491988566 40
0.09046343196132059 0.12567930090063376 40
0.09046343196132059 0.12567930090063376 40
1.0 1.0 40
0.1873749206422438 0.5889991380341567 40
0.09046343196132059 0.12567930090063376 95
0.6238448266077256 0.8937375491988566 95
0.0 0.35357789495042063 40
0.1873749206422438 0.5889991380341567 40
0.0992926907578124 0.5286476788040776 95
0.6238448266077256 0.8937375491988566 95
0.25768229649515284 0.7313565480215823 40
0.0992926907578124 0.5286476788040776 40
0.25768229649515284 0.7313565480215823 95
0.01641871360012305 0.40793384953485856 40
0.025506802085326668 0.3017303938226789 40
0.04504802546841817 0.4675492746308991 95
