0.0 0.49852365079051447 95
0.029020600092953677 0.4721537501486156 95
0.0456867603034566 0.4368084280700216 95
0.07009095570792527 0.4099326747705757 95
0.10716681447430809 0.38255748162765046 95
0.14636718858408454 0.35154010946903724 95
0.17468299294910752 0.3222474964182379 95
0.21925388501055124 0.29092446503543695 95
0.288759318643468 0.26035880811213935 95
0.37193974705855104 0.227011247609207 95
0.42012279608245967 0.19162988855220545 95
0.4497280470357601 0.15884189105821478 95
0.4949449149356481 0.12440106035230482 95
1.0 0.0676097406388198 95
0.9188786011651601 0.033957845071413306 95
0.943829612984721 0.0 95
0.7086834261607952 1.0 95
0.6914147798264457 0.953377232814384 95
0.7558002441405434 0.9193904305720184 95
0.29009338748433317 0.8312018081861243 95
0.22295028582946735 0.7866844862373625 95
0.1827246687620005 0.7504066423137825 95
0.1858299286681198 0.7137632993517526 95
0.15288509020233573 0.6774149354279666 95
0.11998405116432632 0.6453158218141944 95
0.07350891202354777 0.605054117056355 95
0.04410048874123786 0.5757845835326357 95
0.006166195511815427 0.5388477458548939 95
0.0 0.49852365079051447 95
0.7558002441405434 0.9193904305720184 95
0.10716681447430809 0.38255748162765046 95
0.029020600092953677 0.4721537501486156 95
0.04410048874123786 0.5757845835326357 95
0.288759318643468 0.26035880811213935 95
0.22295028582946735 0.7866844862373625 95
0.07350891202354777 0.605054117056355 95
0.04410048874123786 0.5757845835326357 95
0.029020600092953677 0.4721537501486156 95
0.29009338748433317 0.8312018081861243 95
0.22295028582946735 0.7866844862373625 95
0.1827246687620005 0.7504066423137825 95
1.0 0.0676097406388198 95
0.21925388501055124 0.29092446503543695 95
0.1858299286681198 0.7137632993517526 95
0.7558002441405434 0.9193904305720184 95
0.006166195511815427 0.5388477458548939 95
0.029020600092953677 0.4721537501486156 95
0.288759318643468 0.26035880811213935 95
0.14636718858408454 0.35154010946903724 95
0.029020600092953677 0.4721537501486156 95
0.10716681447430809 0.38255748162765046 95
0.10716681447430809 0.38255748162765046 95
0.1858299286681198 0.7137632993517526 95
0.288759318643468 0.26035880811213935 95
0.0 0.49852365079051447 95
0.6914147798264457 0.953377232814384 95
0.37193974705855104 0.227011247609207 95
0.15288509020233573 0.6774149354279666 95
0.943829612984721 0.0 95
0.7086834261607952 1.0 95
0.4497280470357601 0.15884189105821478 95
0.37193974705855104 0.227011247609207 95
0.9188786011651601 0.033957845071413306 95
0.21925388501055124 0.29092446503543695 95
0.4497280470357601 0.15884189105821478 95
0.37193974705855104 0.227011247609207 95
0.006166195511815427 0.5388477458548939 95
0.37193974705855104 0.227011247609207 95
0.4497280470357601 0.15884189105821478 95
0.10716681447430809 0.38255748162765046 95
0.04410048874123786 0.5757845835326357 95
0.17468299294910752 0.3222474964182379 95
0.14636718858408454 0.35154010946903724 95
0.1858299286681198 0.7137632993517526 95
0.943829612984721 0.0 95
0.288759318643468 0.26035880811213935 95
0.029020600092953677 0.4721537501486156 95
0.11998405116432632 0.6453158218141944 95
0.15288509020233573 0.6774149354279666 95
0.4497280470357601 0.15884189105821478 95
0.37193974705855104 0.227011247609207 95
0.0 0.49852365079051447 95
0.006166195511815427 0.5388477458548939 95
0.6914147798264457 0.953377232814384 95
0.10716681447430809 0.38255748162765046 95
0.288759318643468 0.26035880811213935 95
0.288759318643468 0.26035880811213935 95
0.006166195511815427 0.5388477458548939 95
0.11998405116432632 0.6453158218141944 95
0.4949449149356481 0.12440106035230482 95
0.029020600092953677 0.4721537501486156 95
0.943829612984721 0.0 95
1.0 0.0676097406388198 95
0.14636718858408454 0.35154010946903724 95
0.37193974705855104 0.227011247609207 95
0.37193974705855104 0.227011247609207 95
0.07009095570792527 0.4099326747705757 95
0.029020600092953677 0.4721537501486156 95
0.0 0.49852365079051447 95
0.10716681447430809 0.38255748162765046 95
0.22295028582946735 0.7866844862373625 95
0.04410048874123786 0.5757845835326357 95
0.7558002441405434 0.9193904305720184 95
0.4497280470357601 0.15884189105821478 95
0.1858299286681198 0.7137632993517526 95
0.1827246687620005 0.7504066423137825 95
0.1858299286681198 0.7137632993517526 95
0.04410048874123786 0.5757845835326357 95
0.15288509020233573 0.6774149354279666 95
0.288759318643468 0.26035880811213935 95
0.10716681447430809 0.38255748162765046 95
0.21925388501055124 0.29092446503543695 95
0.1858299286681198 0.7137632993517526 95
0.15288509020233573 0.6774149354279666 95
0.04410048874123786 0.5757845835326357 95
0.22295028582946735 0.7866844862373625 95
0.21925388501055124 0.29092446503543695 95
0.14636718858408454 0.35154010946903724 95
0.0 0.49852365079051447 95
0.1827246687620005 0.7504066423137825 95
0.4949449149356481 0.12440106035230482 95
0.21925388501055124 0.29092446503543695 95
0.1827246687620005 0.7504066423137825 95
0.1858299286681198 0.7137632993517526 95
0.029020600092953677 0.4721537501486156 95
0.10716681447430809 0.38255748162765046 95
0.4949449149356481 0.12440106035230482 95
0.21925388501055124 0.29092446503543695 95
