0.014499888898551305 0.4991836902385321 95
0.04424294866969108 0.46622612677862607 95
0.06457002979590684 0.4388461049905072 95
0.08242854980665648 0.41235065746962485 95
0.11024985372148129 0.3783766899583498 95
0.16350807330343525 0.35123771461925657 95
0.20095767839869963 0.3196142142813969 95
0.26064490904749577 0.2916433773651117 95
0.3285183849047221 0.25989492278374676 95
0.399060698465051 0.22379506674784402 95
0.464729420082895 0.19479477072131943 95
0.4903211232084455 0.1570176467390121 95
0.9704740919497047 0.036840173483877435 95
1.0 0.0 95
0.7908688404560265 1.0 95
0.7645693819132482 0.9541605727111478 95
0.827593236019347 0.9196017410592748 95
0.3434480416572621 0.8335035460464277 95
0.2691306398278695 0.786354603144686 95
0.23002642518720784 0.7513858969385229 95
0.21783053171300368 0.7126885817918269 95
0.18135487126284267 0.6784683518852217 95
0.15034943224546782 0.6401367644170538 95
0.09874880465298208 0.6030688321480677 95
0.0559922713868966 0.5714281723209526 95
0.015902419712367333 0.5424171085517216 95
0.0 0.5103168151986368 95
0.464729420082895 0.19479477072131943 95
0.3285183849047221 0.25989492278374676 95
0.464729420082895 0.19479477072131943 95
0.7645693819132482 0.9541605727111478 95
0.399060698465051 0.22379506674784402 95
0.20095767839869963 0.3196142142813969 95
0.26064490904749577 0.2916433773651117 95
0.15034943224546782 0.6401367644170538 95
0.3434480416572621 0.8335035460464277 95
1.0 0.0 95
1.0 0.0 95
0.014499888898551305 0.4991836902385321 95
0.399060698465051 0.22379506674784402 95
0.3285183849047221 0.25989492278374676 95
0.7645693819132482 0.9541605727111478 95
0.3434480416572621 0.8335035460464277 95
0.464729420082895 0.19479477072131943 95
0.0559922713868966 0.5714281723209526 95
0.464729420082895 0.19479477072131943 95
0.3285183849047221 0.25989492278374676 95
0.7645693819132482 0.9541605727111478 95
0.4903211232084455 0.1570176467390121 95
1.0 0.0 95
0.3434480416572621 0.8335035460464277 95
0.464729420082895 0.19479477072131943 95
0.3285183849047221 0.25989492278374676 95
0.399060698465051 0.22379506674784402 95
0.014499888898551305 0.4991836902385321 95
0.464729420082895 0.19479477072131943 95
0.7645693819132482 0.9541605727111478 95
0.04424294866969108 0.46622612677862607 95
0.7908688404560265 1.0 95
0.7645693819132482 0.9541605727111478 95
0.399060698465051 0.22379506674784402 95
0.21783053171300368 0.7126885817918269 95
0.7645693819132482 0.9541605727111478 95
0.464729420082895 0.19479477072131943 95
0.399060698465051 0.22379506674784402 95
0.7645693819132482 0.9541605727111478 95
0.9704740919497047 0.036840173483877435 95
0.20095767839869963 0.3196142142813969 95
0.11024985372148129 0.3783766899583498 95
0.4903211232084455 0.1570176467390121 95
0.26064490904749577 0.2916433773651117 95
0.4903211232084455 0.1570176467390121 95
0.3285183849047221 0.25989492278374676 95
0.4903211232084455 0.1570176467390121 95
0.464729420082895 0.19479477072131943 95
0.3285183849047221 0.25989492278374676 95
0.399060698465051 0.22379506674784402 95
0.3285183849047221 0.25989492278374676 95
0.014499888898551305 0.4991836902385321 95
0.7645693819132482 0.9541605727111478 95
0.2691306398278695 0.786354603144686 95
0.014499888898551305 0.4991836902385321 95
0.0 0.5103168151986368 95
0.464729420082895 0.19479477072131943 95
0.2691306398278695 0.786354603144686 95
0.23002642518720784 0.7513858969385229 95
0.015902419712367333 0.5424171085517216 95
0.09874880465298208 0.6030688321480677 95
0.399060698465051 0.22379506674784402 95
0.7645693819132482 0.9541605727111478 95
0.015902419712367333 0.5424171085517216 95
0.7908688404560265 1.0 95
0.11024985372148129 0.3783766899583498 95
0.3285183849047221 0.25989492278374676 95
0.23002642518720784 0.7513858969385229 95
0.0559922713868966 0.5714281723209526 95
0.11024985372148129 0.3783766899583498 95
0.3285183849047221 0.25989492278374676 95
0.399060698465051 0.22379506674784402 95
0.3434480416572621 0.8335035460464277 95
0.0559922713868966 0.5714281723209526 95
0.04424294866969108 0.46622612677862607 95
0.827593236019347 0.9196017410592748 95
1.0 0.0 95
0.18135487126284267 0.6784683518852217 95
0.015902419712367333 0.5424171085517216 95
0.4903211232084455 0.1570176467390121 95
1.0 0.0 95
0.7645693819132482 0.9541605727111478 95
0.3285183849047221 0.25989492278374676 95
0.23002642518720784 0.7513858969385229 95
0.7645693819132482 0.9541605727111478 95
0.464729420082895 0.19479477072131943 95
0.04424294866969108 0.46622612677862607 95
0.015902419712367333 0.5424171085517216 95
0.464729420082895 0.19479477072131943 95
0.3434480416572621 0.8335035460464277 95
0.21783053171300368 0.7126885817918269 95
0.15034943224546782 0.6401367644170538 95
0.399060698465051 0.22379506674784402 95
0.21783053171300368 0.7126885817918269 95
0.7645693819132482 0.9541605727111478 95
0.3434480416572621 0.8335035460464277 95
0.2691306398278695 0.786354603144686 95
0.464729420082895 0.19479477072131943 95
0.3434480416572621 0.8335035460464277 95
0.014499888898551305 0.4991836902385321 95
0.11024985372148129 0.3783766899583498 95
