0.01897991823309927 0.5041199713811246 95
0.04956134738883454 0.47703871129816133 95
0.06759013721555451 0.4491216589005067 95
0.0923201666601168 0.41794667262013874 95
0.1394478431412193 0.39052011524246033 95
0.17798053719285717 0.35680060281198694 95
0.2225910361947396 0.3293852852771461 95
0.28715635705305026 0.2948729104492874 95
0.34380011403617294 0.26554981953175283 95
0.4172696265481096 0.2296891210618789 95
0.45335394342540725 0.19781225579652562 95
0.475710193201779 0.16470263680207572 95
0.9530932213662786 0.11256271788885676 95
0.9398515814932514 0.07867872989508572 95
0.9275258346214481 0.04113352817455356 95
1.0 0.0 95
0.7060468653087576 1.0 95
0.7286663205154625 0.9653838321525858 95
0.34134041430928064 0.8766127455181846 95
0.2762357922931384 0.8333959944408951 95
0.21609163018527267 0.794581541003119 95
0.20194966602608855 0.7596222708721777 95
0.18631435276162017 0.723269198713371 95
0.15321435613999662 0.6834002644937905 95
0.10223995882180971 0.647933389824047 95
0.07292722260084622 0.6175420129425038 95
0.02698848392484796 0.5826477282356949 95
0.0 0.5508195061143993 95
0.17798053719285717 0.35680060281198694 95
0.06759013721555451 0.4491216589005067 95
0.9398515814932514 0.07867872989508572 95
0.1394478431412193 0.39052011524246033 95
0.20194966602608855 0.7596222708721777 95
0.4172696265481096 0.2296891210618789 95
0.9275258346214481 0.04113352817455356 95
0.02698848392484796 0.5826477282356949 95
0.9530932213662786 0.11256271788885676 95
0.02698848392484796 0.5826477282356949 95
0.06759013721555451 0.4491216589005067 95
0.9398515814932514 0.07867872989508572 95
0.475710193201779 0.16470263680207572 95
0.2225910361947396 0.3293852852771461 95
0.04956134738883454 0.47703871129816133 95
0.9275258346214481 0.04113352817455356 95
0.9398515814932514 0.07867872989508572 95
0.20194966602608855 0.7596222708721777 95
0.06759013721555451 0.4491216589005067 95
0.9398515814932514 0.07867872989508572 95
0.28715635705305026 0.2948729104492874 95
0.01897991823309927 0.5041199713811246 95
0.475710193201779 0.16470263680207572 95
0.34134041430928064 0.8766127455181846 95
0.10223995882180971 0.647933389824047 95
0.34380011403617294 0.26554981953175283 95
0.10223995882180971 0.647933389824047 95
0.2225910361947396 0.3293852852771461 95
0.9398515814932514 0.07867872989508572 95
0.7286663205154625 0.9653838321525858 95
0.9398515814932514 0.07867872989508572 95
0.10223995882180971 0.647933389824047 95
0.9398515814932514 0.07867872989508572 95
0.01897991823309927 0.5041199713811246 95
0.2762357922931384 0.8333959944408951 95
0.34134041430928064 0.8766127455181846 95
0.4172696265481096 0.2296891210618789 95
0.9398515814932514 0.07867872989508572 95
0.0 0.5508195061143993 95
0.01897991823309927 0.5041199713811246 95
0.2225910361947396 0.3293852852771461 95
0.10223995882180971 0.647933389824047 95
0.7060468653087576 1.0 95
0.2225910361947396 0.3293852852771461 95
0.9530932213662786 0.11256271788885676 95
0.10223995882180971 0.647933389824047 95
0.9398515814932514 0.07867872989508572 95
0.10223995882180971 0.647933389824047 95
0.2762357922931384 0.8333959944408951 95
0.10223995882180971 0.647933389824047 95
0.20194966602608855 0.7596222708721777 95
0.475710193201779 0.16470263680207572 95
0.10223995882180971 0.647933389824047 95
0.06759013721555451 0.4491216589005067 95
0.7286663205154625 0.9653838321525858 95
0.2225910361947396 0.3293852852771461 95
0.7286663205154625 0.9653838321525858 95
0.0923201666601168 0.41794667262013874 95
0.45335394342540725 0.19781225579652562 95
0.20194966602608855 0.7596222708721777 95
0.1394478431412193 0.39052011524246033 95
0.10223995882180971 0.647933389824047 95
0.06759013721555451 0.4491216589005067 95
0.9275258346214481 0.04113352817455356 95
0.1394478431412193 0.39052011524246033 95
0.9275258346214481 0.04113352817455356 95
0.0 0.5508195061143993 95
0.01897991823309927 0.5041199713811246 95
0.475710193201779 0.16470263680207572 95
0.45335394342540725 0.19781225579652562 95
0.01897991823309927 0.5041199713811246 95
0.0923201666601168 0.41794667262013874 95
0.45335394342540725 0.19781225579652562 95
0.9398515814932514 0.07867872989508572 95
0.9398515814932514 0.07867872989508572 95
0.2762357922931384 0.8333959944408951 95
1.0 0.0 95
0.9530932213662786 0.11256271788885676 95
0.18631435276162017 0.723269198713371 95
0.34380011403617294 0.26554981953175283 95
0.9398515814932514 0.07867872989508572 95
0.01897991823309927 0.5041199713811246 95
0.06759013721555451 0.4491216589005067 95
0.9398515814932514 0.07867872989508572 95
0.06759013721555451 0.4491216589005067 95
0.9398515814932514 0.07867872989508572 95
0.10223995882180971 0.647933389824047 95
0.9398515814932514 0.07867872989508572 95
0.15321435613999662 0.6834002644937905 95
0.9398515814932514 0.07867872989508572 95
0.10223995882180971 0.647933389824047 95
0.9398515814932514 0.07867872989508572 95
0.34134041430928064 0.8766127455181846 95
0.1394478431412193 0.39052011524246033 95
0.45335394342540725 0.19781225579652562 95
0.06759013721555451 0.4491216589005067 95
0.9275258346214481 0.04113352817455356 95
0.9398515814932514 0.07867872989508572 95
0.10223995882180971 0.647933389824047 95
0.9530932213662786 0.11256271788885676 95
