0.021115584971125246 0.5070005482878434 95
0.03810523679917273 0.48009682672195625 95
0.05845428184532804 0.44921051864657796 95
0.08280850568230928 0.41713636793941467 95
0.1191408772967185 0.38743566170444804 95
0.1615968555439131 0.3602535520799546 95
0.19291291603291502 0.32415302754277536 95
0.2524580521996203 0.2980266140327129 95
0.3279003395838773 0.26375236719937084 95
0.41437190210851454 0.23237222071585997 95
0.4414878744691463 0.19298113029567204 95
0.4700200734208804 0.15964087333868549 95
0.5361560311445108 0.12814670899574243 95
0.9996243407610295 0.07248010377329342 95
0.9498448415417039 0.04094959926791749 95
1.0 0.0 95
0.8753596603010556 1.0 95
0.9099706738471629 0.962115089759847 95
0.3519022598699963 0.8554902113633613 95
0.20844709539244466 0.8046361061606435 95
0.1714066557295865 0.7683802897350329 95
0.16915837919516313 0.7326502162863696 95
0.15525905061311643 0.6989487762436446 95
0.12140540239502506 0.6595323870804355 95
0.07553460658366537 0.6256529115721435 95
0.030636696327707776 0.5897547936109092 95
0.0 0.5579475023346736 95
0.005547342610550068 0.5223373979036363 95
0.41437190210851454 0.23237222071585997 95
0.3279003395838773 0.26375236719937084 95
0.41437190210851454 0.23237222071585997 95
1.0 0.0 95
0.2524580521996203 0.2980266140327129 95
0.4700200734208804 0.15964087333868549 95
0.021115584971125246 0.5070005482878434 95
0.05845428184532804 0.44921051864657796 95
0.1714066557295865 0.7683802897350329 95
0.05845428184532804 0.44921051864657796 95
0.030636696327707776 0.5897547936109092 95
0.19291291603291502 0.32415302754277536 95
0.07553460658366537 0.6256529115721435 95
0.1714066557295865 0.7683802897350329 95
1.0 0.0 95
0.19291291603291502 0.32415302754277536 95
1.0 0.0 95
0.030636696327707776 0.5897547936109092 95
0.07553460658366537 0.6256529115721435 95
0.021115584971125246 0.5070005482878434 95
0.3279003395838773 0.26375236719937084 95
0.4700200734208804 0.15964087333868549 95
0.19291291603291502 0.32415302754277536 95
0.9099706738471629 0.962115089759847 95
0.41437190210851454 0.23237222071585997 95
0.07553460658366537 0.6256529115721435 95
0.1191408772967185 0.38743566170444804 95
0.08280850568230928 0.41713636793941467 95
0.12140540239502506 0.6595323870804355 95
0.9996243407610295 0.07248010377329342 95
0.41437190210851454 0.23237222071585997 95
0.15525905061311643 0.6989487762436446 95
0.03810523679917273 0.48009682672195625 95
0.1615968555439131 0.3602535520799546 95
0.9099706738471629 0.962115089759847 95
0.021115584971125246 0.5070005482878434 95
0.2524580521996203 0.2980266140327129 95
0.19291291603291502 0.32415302754277536 95
0.9498448415417039 0.04094959926791749 95
0.5361560311445108 0.12814670899574243 95
0.19291291603291502 0.32415302754277536 95
1.0 0.0 95
0.12140540239502506 0.6595323870804355 95
1.0 0.0 95
0.9099706738471629 0.962115089759847 95
0.2524580521996203 0.2980266140327129 95
0.41437190210851454 0.23237222071585997 95
0.2524580521996203 0.2980266140327129 95
0.03810523679917273 0.48009682672195625 95
0.4700200734208804 0.15964087333868549 95
0.07553460658366537 0.6256529115721435 95
1.0 0.0 95
0.1191408772967185 0.38743566170444804 95
0.005547342610550068 0.5223373979036363 95
1.0 0.0 95
0.41437190210851454 0.23237222071585997 95
0.5361560311445108 0.12814670899574243 95
0.05845428184532804 0.44921051864657796 95
0.021115584971125246 0.5070005482878434 95
0.030636696327707776 0.5897547936109092 95
0.05845428184532804 0.44921051864657796 95
1.0 0.0 95
1.0 0.0 95
0.9498448415417039 0.04094959926791749 95
0.41437190210851454 0.23237222071585997 95
0.05845428184532804 0.44921051864657796 95
0.12140540239502506 0.6595323870804355 95
0.030636696327707776 0.5897547936109092 95
0.3279003395838773 0.26375236719937084 95
0.5361560311445108 0.12814670899574243 95
0.9996243407610295 0.07248010377329342 95
0.19291291603291502 0.32415302754277536 95
0.20844709539244466 0.8046361061606435 95
0.3519022598699963 0.8554902113633613 95
0.19291291603291502 0.32415302754277536 95
0.19291291603291502 0.32415302754277536 95
0.9996243407610295 0.07248010377329342 95
0.08280850568230928 0.41713636793941467 95
0.4700200734208804 0.15964087333868549 95
0.20844709539244466 0.8046361061606435 95
0.1714066557295865 0.7683802897350329 95
0.4700200734208804 0.15964087333868549 95
0.16915837919516313 0.7326502162863696 95
0.2524580521996203 0.2980266140327129 95
0.12140540239502506 0.6595323870804355 95
0.4700200734208804 0.15964087333868549 95
0.05845428184532804 0.44921051864657796 95
0.41437190210851454 0.23237222071585997 95
0.9996243407610295 0.07248010377329342 95
0.030636696327707776 0.5897547936109092 95
0.021115584971125246 0.5070005482878434 95
0.9996243407610295 0.07248010377329342 95
1.0 0.0 95
0.2524580521996203 0.2980266140327129 95
0.1191408772967185 0.38743566170444804 95
0.9099706738471629 0.962115089759847 95
0.07553460658366537 0.6256529115721435 95
0.41437190210851454 0.23237222071585997 95
0.9099706738471629 0.962115089759847 95
0.021115584971125246 0.5070005482878434 95
