0.0076521759387302955 0.49127636667822483 95
0.03958642053403487 0.4598524322081325 95
0.05938170387269628 0.43069949315017614 95
0.07855064566365981 0.40278430225605016 95
0.11495742971384966 0.37097664973590805 95
0.1568202449344693 0.3461454988485128 95
0.1945125682821572 0.3162616278310726 95
0.2442389746832767 0.28395574179136995 95
0.31704712064657475 0.2530947876425017 95
0.3926723367386839 0.21858241216240193 95
0.4358572834814194 0.18504949747070704 95
0.4634461165032078 0.15595828177532142 95
0.5186603743057293 0.11864991188565119 95
1.0 0.07084558390866724 95
0.9203965133055755 0.03427793686969708 95
0.9629787097060297 0.0 95
0.7676363801189389 1.0 95
0.7142209885266966 0.9469263773489283 95
0.7558211101153456 0.9163702339423695 95
0.31892953803590834 0.8277009599832799 95
0.24688205799011567 0.7825479788648703 95
0.2130565541846732 0.7454759857148581 95
0.20602807744465734 0.7094981311987584 95
0.1755232054397831 0.6740018001467518 95
0.14385952386972914 0.6414856359678432 95
0.0898191979802907 0.606581290326813 95
0.0637898734862334 0.5708778316368722 95
0.0205232911119036 0.5369065555111242 95
0.0 0.5073714899511822 95
0.24688205799011567 0.7825479788648703 95
0.24688205799011567 0.7825479788648703 95
0.7558211101153456 0.9163702339423695 95
0.24688205799011567 0.7825479788648703 95
0.03958642053403487 0.4598524322081325 95
0.0076521759387302955 0.49127636667822483 95
0.0 0.5073714899511822 95
0.5186603743057293 0.11864991188565119 95
0.4358572834814194 0.18504949747070704 95
0.1755232054397831 0.6740018001467518 95
0.11495742971384966 0.37097664973590805 95
0.20602807744465734 0.7094981311987584 95
0.03958642053403487 0.4598524322081325 95
0.07855064566365981 0.40278430225605016 95
0.7676363801189389 1.0 95
0.0205232911119036 0.5369065555111242 95
1.0 0.07084558390866724 95
0.4634461165032078 0.15595828177532142 95
0.03958642053403487 0.4598524322081325 95
0.11495742971384966 0.37097664973590805 95
0.24688205799011567 0.7825479788648703 95
0.1755232054397831 0.6740018001467518 95
0.0898191979802907 0.606581290326813 95
0.9203965133055755 0.03427793686969708 95
0.5186603743057293 0.11864991188565119 95
0.03958642053403487 0.4598524322081325 95
0.9203965133055755 0.03427793686969708 95
0.05938170387269628 0.43069949315017614 95
0.14385952386972914 0.6414856359678432 95
0.9629787097060297 0.0 95
0.11495742971384966 0.37097664973590805 95
0.20602807744465734 0.7094981311987584 95
0.2442389746832767 0.28395574179136995 95
0.1945125682821572 0.3162616278310726 95
0.2130565541846732 0.7454759857148581 95
0.14385952386972914 0.6414856359678432 95
0.07855064566365981 0.40278430225605016 95
0.0898191979802907 0.606581290326813 95
0.14385952386972914 0.6414856359678432 95
0.4634461165032078 0.15595828177532142 95
0.24688205799011567 0.7825479788648703 95
0.24688205799011567 0.7825479788648703 95
0.11495742971384966 0.37097664973590805 95
0.24688205799011567 0.7825479788648703 95
0.31704712064657475 0.2530947876425017 95
0.24688205799011567 0.7825479788648703 95
0.0637898734862334 0.5708778316368722 95
0.24688205799011567 0.7825479788648703 95
0.24688205799011567 0.7825479788648703 95
0.7676363801189389 1.0 95
0.03958642053403487 0.4598524322081325 95
0.24688205799011567 0.7825479788648703 95
0.0898191979802907 0.606581290326813 95
0.2442389746832767 0.28395574179136995 95
0.24688205799011567 0.7825479788648703 95
0.0205232911119036 0.5369065555111242 95
0.1755232054397831 0.6740018001467518 95
0.4358572834814194 0.18504949747070704 95
0.0205232911119036 0.5369065555111242 95
0.0 0.5073714899511822 95
0.20602807744465734 0.7094981311987584 95
0.1945125682821572 0.3162616278310726 95
0.1945125682821572 0.3162616278310726 95
0.1945125682821572 0.3162616278310726 95
0.03958642053403487 0.4598524322081325 95
0.14385952386972914 0.6414856359678432 95
0.2442389746832767 0.28395574179136995 95
0.7676363801189389 1.0 95
0.05938170387269628 0.43069949315017614 95
0.3926723367386839 0.21858241216240193 95
0.9629787097060297 0.0 95
0.0898191979802907 0.606581290326813 95
0.4634461165032078 0.15595828177532142 95
1.0 0.07084558390866724 95
0.4634461165032078 0.15595828177532142 95
0.1945125682821572 0.3162616278310726 95
0.24688205799011567 0.7825479788648703 95
0.31704712064657475 0.2530947876425017 95
1.0 0.07084558390866724 95
1.0 0.07084558390866724 95
0.0 0.5073714899511822 95
0.03958642053403487 0.4598524322081325 95
0.4634461165032078 0.15595828177532142 95
0.4634461165032078 0.15595828177532142 95
0.2442389746832767 0.28395574179136995 95
0.0205232911119036 0.5369065555111242 95
0.4634461165032078 0.15595828177532142 95
0.1755232054397831 0.6740018001467518 95
0.0 0.5073714899511822 95
0.1568202449344693 0.3461454988485128 95
0.9203965133055755 0.03427793686969708 95
0.5186603743057293 0.11864991188565119 95
0.9629787097060297 0.0 95
0.03958642053403487 0.4598524322081325 95
0.0 0.5073714899511822 95
1.0 0.07084558390866724 95
0.5186603743057293 0.11864991188565119 95
0.03958642053403487 0.4598524322081325 95
0.31704712064657475 0.2530947876425017 95
