0.004927011049447335 0.5158949110887509 95
0.03080051327138754 0.4919920116305529 95
0.04911250588915813 0.46060077808966804 95
0.07207275703514122 0.43152008709946943 95
0.10028374947610826 0.40464418923675743 95
0.1403166616560213 0.37887589053104376 95
0.18030015088271953 0.34884079535361123 95
0.21983083541281068 0.3193132425242643 95
0.28397120536122694 0.28492266167816943 95
0.3521514394095018 0.25410745539532986 95
0.4134903359168593 0.2273147195588019 95
0.4354681011086883 0.19254640049984567 95
0.9037052203970524 0.07854201134095666 95
0.8933337079816352 0.044816832484986226 95
1.0 0.0 95
0.7098589892574426 1.0 95
0.6678538753939154 0.9540977107700398 95
0.7167175755722863 0.9218874464296469 95
0.3047014366841943 0.8334039474851951 95
0.2308757930060665 0.7906125374326501 95
0.1978614425577054 0.7552982244538735 95
0.1922354172939466 0.7189380220986206 95
0.1625113454826392 0.6895770251679951 95
0.134810392456382 0.650484478977808 95
0.08720459128286188 0.6196916724430087 95
0.059466576870158154 0.5862219712895079 95
0.020219700182524322 0.5573919868023992 95
0.0 0.5265587724340512 95
0.4134903359168593 0.2273147195588019 95
0.18030015088271953 0.34884079535361123 95
0.4354681011086883 0.19254640049984567 95
0.7098589892574426 1.0 95
0.3047014366841943 0.8334039474851951 95
0.0 0.5265587724340512 95
0.07207275703514122 0.43152008709946943 95
0.3047014366841943 0.8334039474851951 95
0.4354681011086883 0.19254640049984567 95
0.07207275703514122 0.43152008709946943 95
0.04911250588915813 0.46060077808966804 95
0.4134903359168593 0.2273147195588019 95
0.4354681011086883 0.19254640049984567 95
0.1625113454826392 0.6895770251679951 95
0.3047014366841943 0.8334039474851951 95
0.18030015088271953 0.34884079535361123 95
0.134810392456382 0.650484478977808 95
0.4354681011086883 0.19254640049984567 95
0.3047014366841943 0.8334039474851951 95
0.04911250588915813 0.46060077808966804 95
0.03080051327138754 0.4919920116305529 95
0.7167175755722863 0.9218874464296469 95
0.134810392456382 0.650484478977808 95
0.4134903359168593 0.2273147195588019 95
0.020219700182524322 0.5573919868023992 95
0.3047014366841943 0.8334039474851951 95
0.18030015088271953 0.34884079535361123 95
0.004927011049447335 0.5158949110887509 95
0.9037052203970524 0.07854201134095666 95
0.18030015088271953 0.34884079535361123 95
0.07207275703514122 0.43152008709946943 95
0.4134903359168593 0.2273147195588019 95
0.0 0.5265587724340512 95
0.07207275703514122 0.43152008709946943 95
1.0 0.0 95
1.0 0.0 95
0.1978614425577054 0.7552982244538735 95
0.134810392456382 0.650484478977808 95
0.059466576870158154 0.5862219712895079 95
0.7098589892574426 1.0 95
0.21983083541281068 0.3193132425242643 95
0.7098589892574426 1.0 95
0.004927011049447335 0.5158949110887509 95
0.004927011049447335 0.5158949110887509 95
0.004927011049447335 0.5158949110887509 95
1.0 0.0 95
0.4134903359168593 0.2273147195588019 95
0.18030015088271953 0.34884079535361123 95
0.4134903359168593 0.2273147195588019 95
0.059466576870158154 0.5862219712895079 95
0.18030015088271953 0.34884079535361123 95
0.9037052203970524 0.07854201134095666 95
0.004927011049447335 0.5158949110887509 95
0.134810392456382 0.650484478977808 95
0.1625113454826392 0.6895770251679951 95
0.020219700182524322 0.5573919868023992 95
0.21983083541281068 0.3193132425242643 95
0.004927011049447335 0.5158949110887509 95
0.7098589892574426 1.0 95
0.134810392456382 0.650484478977808 95
0.004927011049447335 0.5158949110887509 95
0.004927011049447335 0.5158949110887509 95
0.3047014366841943 0.8334039474851951 95
0.3047014366841943 0.8334039474851951 95
0.3047014366841943 0.8334039474851951 95
0.3521514394095018 0.25410745539532986 95
0.07207275703514122 0.43152008709946943 95
0.020219700182524322 0.5573919868023992 95
0.1403166616560213 0.37887589053104376 95
0.07207275703514122 0.43152008709946943 95
0.18030015088271953 0.34884079535361123 95
0.2308757930060665 0.7906125374326501 95
0.4134903359168593 0.2273147195588019 95
0.3047014366841943 0.8334039474851951 95
0.004927011049447335 0.5158949110887509 95
0.004927011049447335 0.5158949110887509 95
0.134810392456382 0.650484478977808 95
0.4134903359168593 0.2273147195588019 95
0.0 0.5265587724340512 95
0.7167175755722863 0.9218874464296469 95
0.21983083541281068 0.3193132425242643 95
0.03080051327138754 0.4919920116305529 95
0.3047014366841943 0.8334039474851951 95
0.3047014366841943 0.8334039474851951 95
0.07207275703514122 0.43152008709946943 95
0.0 0.5265587724340512 95
0.1625113454826392 0.6895770251679951 95
0.4354681011086883 0.19254640049984567 95
0.3047014366841943 0.8334039474851951 95
0.8933337079816352 0.044816832484986226 95
0.7098589892574426 1.0 95
0.07207275703514122 0.43152008709946943 95
0.020219700182524322 0.5573919868023992 95
0.3047014366841943 0.8334039474851951 95
0.134810392456382 0.650484478977808 95
0.0 0.5265587724340512 95
0.4134903359168593 0.2273147195588019 95
0.004927011049447335 0.5158949110887509 95
0.07207275703514122 0.43152008709946943 95
0.4134903359168593 0.2273147195588019 95
