0.02205531409736182 0.48805009367846625 95
0.0483435244214482 0.4612451212166847 95
0.0648649549941084 0.43130080957130407 95
0.08241406256625448 0.4046874685790702 95
0.12511599598250986 0.3749289427731865 95
0.1673646255002454 0.34779586354009173 95
0.20288339318775928 0.31561864644612886 95
0.26074010369430056 0.28473807668759965 95
0.33332608500094063 0.25602982042146466 95
0.41071595227853924 0.2229404441347896 95
0.43697527823200055 0.18888394853124865 95
0.954551003965531 0.07381255391267964 95
0.9185395161178713 0.0359139337524443 95
1.0 0.0 95
0.8657011012917551 1.0 95
0.8408072202277445 0.9549213205993708 95
0.9000866100488897 0.9217179937778245 95
0.32256713597705317 0.8228824877911183 95
0.18924474661003085 0.7730213476126198 95
0.16887780919489362 0.7335208475368055 95
0.15979567553812513 0.7006432241859497 95
0.148946001809366 0.6666911023247645 95
0.0958844264343963 0.6365376980312986 95
0.06317120120076274 0.6019454237213546 95
0.014142576443148631 0.5684101400774596 95
0.0 0.535147169997239 95
0.954551003965531 0.07381255391267964 95
0.02205531409736182 0.48805009367846625 95
0.20288339318775928 0.31561864644612886 95
0.33332608500094063 0.25602982042146466 95
0.0648649549941084 0.43130080957130407 95
0.1673646255002454 0.34779586354009173 95
0.12511599598250986 0.3749289427731865 95
0.02205531409736182 0.48805009367846625 95
0.41071595227853924 0.2229404441347896 95
0.08241406256625448 0.4046874685790702 95
0.33332608500094063 0.25602982042146466 95
0.41071595227853924 0.2229404441347896 95
0.33332608500094063 0.25602982042146466 95
0.0483435244214482 0.4612451212166847 95
0.08241406256625448 0.4046874685790702 95
0.06317120120076274 0.6019454237213546 95
0.08241406256625448 0.4046874685790702 95
0.15979567553812513 0.7006432241859497 95
0.16887780919489362 0.7335208475368055 95
0.1673646255002454 0.34779586354009173 95
0.954551003965531 0.07381255391267964 95
0.12511599598250986 0.3749289427731865 95
0.41071595227853924 0.2229404441347896 95
0.1673646255002454 0.34779586354009173 95
0.32256713597705317 0.8228824877911183 95
0.0 0.535147169997239 95
0.06317120120076274 0.6019454237213546 95
0.0 0.535147169997239 95
0.16887780919489362 0.7335208475368055 95
0.9000866100488897 0.9217179937778245 95
0.954551003965531 0.07381255391267964 95
0.20288339318775928 0.31561864644612886 95
0.954551003965531 0.07381255391267964 95
0.15979567553812513 0.7006432241859497 95
0.0648649549941084 0.43130080957130407 95
0.014142576443148631 0.5684101400774596 95
0.0483435244214482 0.4612451212166847 95
0.32256713597705317 0.8228824877911183 95
0.0 0.535147169997239 95
0.33332608500094063 0.25602982042146466 95
0.15979567553812513 0.7006432241859497 95
0.014142576443148631 0.5684101400774596 95
0.33332608500094063 0.25602982042146466 95
0.014142576443148631 0.5684101400774596 95
0.02205531409736182 0.48805009367846625 95
0.20288339318775928 0.31561864644612886 95
0.32256713597705317 0.8228824877911183 95
0.0648649549941084 0.43130080957130407 95
0.08241406256625448 0.4046874685790702 95
0.06317120120076274 0.6019454237213546 95
0.08241406256625448 0.4046874685790702 95
0.8657011012917551 1.0 95
0.0 0.535147169997239 95
0.0483435244214482 0.4612451212166847 95
0.16887780919489362 0.7335208475368055 95
0.32256713597705317 0.8228824877911183 95
0.33332608500094063 0.25602982042146466 95
0.26074010369430056 0.28473807668759965 95
0.20288339318775928 0.31561864644612886 95
0.26074010369430056 0.28473807668759965 95
0.8408072202277445 0.9549213205993708 95
0.8408072202277445 0.9549213205993708 95
0.954551003965531 0.07381255391267964 95
0.32256713597705317 0.8228824877911183 95
0.41071595227853924 0.2229404441347896 95
0.0648649549941084 0.43130080957130407 95
0.32256713597705317 0.8228824877911183 95
0.15979567553812513 0.7006432241859497 95
0.954551003965531 0.07381255391267964 95
0.0483435244214482 0.4612451212166847 95
0.15979567553812513 0.7006432241859497 95
0.18924474661003085 0.7730213476126198 95
0.0958844264343963 0.6365376980312986 95
0.8657011012917551 1.0 95
0.9000866100488897 0.9217179937778245 95
0.0958844264343963 0.6365376980312986 95
0.0648649549941084 0.43130080957130407 95
0.014142576443148631 0.5684101400774596 95
0.1673646255002454 0.34779586354009173 95
0.26074010369430056 0.28473807668759965 95
0.26074010369430056 0.28473807668759965 95
0.41071595227853924 0.2229404441347896 95
0.12511599598250986 0.3749289427731865 95
0.33332608500094063 0.25602982042146466 95
0.06317120120076274 0.6019454237213546 95
0.41071595227853924 0.2229404441347896 95
0.1673646255002454 0.34779586354009173 95
0.08241406256625448 0.4046874685790702 95
0.33332608500094063 0.25602982042146466 95
0.20288339318775928 0.31561864644612886 95
0.33332608500094063 0.25602982042146466 95
0.08241406256625448 0.4046874685790702 95
0.014142576443148631 0.5684101400774596 95
0.8657011012917551 1.0 95
0.41071595227853924 0.2229404441347896 95
0.8408072202277445 0.9549213205993708 95
0.33332608500094063 0.25602982042146466 95
0.954551003965531 0.07381255391267964 95
0.33332608500094063 0.25602982042146466 95
0.02205531409736182 0.48805009367846625 95
0.9185395161178713 0.0359139337524443 95
0.0648649549941084 0.43130080957130407 95
