0.029713791563466374 0.4954652590261503 95
0.05116564158471802 0.4691412018438785 95
0.07377761786522669 0.4378399315733209 95
0.09926617043558283 0.409125257533356 95
0.1444520727354445 0.38233309348028355 95
0.1774973481412489 0.35150446709378247 95
0.21584257072851795 0.31911229717806683 95
0.2740913677988005 0.2894388313746885 95
0.3424450637964381 0.2605961995083675 95
0.40038546686560106 0.22480232803596317 95
0.4356183277037266 0.19521078966841948 95
0.9358230060481555 0.07672566404142385 95
0.9114290979657073 0.039331389268496074 95
1.0 0.0 95
0.6948607046425319 1.0 95
0.6657234090777557 0.9560587373064353 95
0.7271736754721579 0.9269950316896878 95
0.28825908551629115 0.8366556734332689 95
0.22408347313147453 0.7918116532862705 95
0.1907544089292426 0.7559604898044294 95
0.18102143329165823 0.7252035667993435 95
0.1547535101953981 0.6895967763345424 95
0.12652224981454036 0.6528265137580035 95
0.08106729451503296 0.6155441120210775 95
0.05304804799088811 0.584429772949269 95
0.014469767914883665 0.5569404623574324 95
0.0 0.522037385395165 95
0.6948607046425319 1.0 95
0.22408347313147453 0.7918116532862705 95
0.7271736754721579 0.9269950316896878 95
0.09926617043558283 0.409125257533356 95
0.9114290979657073 0.039331389268496074 95
0.3424450637964381 0.2605961995083675 95
0.6657234090777557 0.9560587373064353 95
0.09926617043558283 0.409125257533356 95
0.9114290979657073 0.039331389268496074 95
0.1907544089292426 0.7559604898044294 95
0.014469767914883665 0.5569404623574324 95
0.6948607046425319 1.0 95
0.18102143329165823 0.7252035667993435 95
0.08106729451503296 0.6155441120210775 95
0.6948607046425319 1.0 95
0.07377761786522669 0.4378399315733209 95
0.7271736754721579 0.9269950316896878 95
0.6948607046425319 1.0 95
0.05304804799088811 0.584429772949269 95
0.08106729451503296 0.6155441120210775 95
0.09926617043558283 0.409125257533356 95
0.40038546686560106 0.22480232803596317 95
1.0 0.0 95
0.05304804799088811 0.584429772949269 95
0.4356183277037266 0.19521078966841948 95
0.05304804799088811 0.584429772949269 95
0.05116564158471802 0.4691412018438785 95
0.22408347313147453 0.7918116532862705 95
0.21584257072851795 0.31911229717806683 95
0.08106729451503296 0.6155441120210775 95
0.07377761786522669 0.4378399315733209 95
0.22408347313147453 0.7918116532862705 95
0.9114290979657073 0.039331389268496074 95
0.1444520727354445 0.38233309348028355 95
0.22408347313147453 0.7918116532862705 95
0.014469767914883665 0.5569404623574324 95
0.6948607046425319 1.0 95
0.1907544089292426 0.7559604898044294 95
0.7271736754721579 0.9269950316896878 95
0.09926617043558283 0.409125257533356 95
0.4356183277037266 0.19521078966841948 95
1.0 0.0 95
0.0 0.522037385395165 95
0.6948607046425319 1.0 95
0.9114290979657073 0.039331389268496074 95
0.22408347313147453 0.7918116532862705 95
0.014469767914883665 0.5569404623574324 95
0.9114290979657073 0.039331389268496074 95
0.05304804799088811 0.584429772949269 95
0.6657234090777557 0.9560587373064353 95
0.07377761786522669 0.4378399315733209 95
0.05304804799088811 0.584429772949269 95
0.3424450637964381 0.2605961995083675 95
0.08106729451503296 0.6155441120210775 95
0.014469767914883665 0.5569404623574324 95
0.05304804799088811 0.584429772949269 95
0.029713791563466374 0.4954652590261503 95
0.014469767914883665 0.5569404623574324 95
0.08106729451503296 0.6155441120210775 95
0.40038546686560106 0.22480232803596317 95
0.08106729451503296 0.6155441120210775 95
0.22408347313147453 0.7918116532862705 95
0.6657234090777557 0.9560587373064353 95
0.28825908551629115 0.8366556734332689 95
0.05116564158471802 0.4691412018438785 95
0.09926617043558283 0.409125257533356 95
0.09926617043558283 0.409125257533356 95
0.18102143329165823 0.7252035667993435 95
0.22408347313147453 0.7918116532862705 95
0.4356183277037266 0.19521078966841948 95
0.6657234090777557 0.9560587373064353 95
1.0 0.0 95
0.7271736754721579 0.9269950316896878 95
0.6657234090777557 0.9560587373064353 95
0.1907544089292426 0.7559604898044294 95
0.1444520727354445 0.38233309348028355 95
0.6948607046425319 1.0 95
0.2740913677988005 0.2894388313746885 95
0.22408347313147453 0.7918116532862705 95
0.6948607046425319 1.0 95
0.1907544089292426 0.7559604898044294 95
0.09926617043558283 0.409125257533356 95
0.21584257072851795 0.31911229717806683 95
0.6948607046425319 1.0 95
0.1907544089292426 0.7559604898044294 95
0.9114290979657073 0.039331389268496074 95
0.014469767914883665 0.5569404623574324 95
0.029713791563466374 0.4954652590261503 95
0.22408347313147453 0.7918116532862705 95
0.6948607046425319 1.0 95
0.08106729451503296 0.6155441120210775 95
0.18102143329165823 0.7252035667993435 95
0.3424450637964381 0.2605961995083675 95
0.22408347313147453 0.7918116532862705 95
0.1444520727354445 0.38233309348028355 95
0.08106729451503296 0.6155441120210775 95
0.05116564158471802 0.4691412018438785 95
0.18102143329165823 0.7252035667993435 95
0.9114290979657073 0.039331389268496074 95
0.7271736754721579 0.9269950316896878 95
0.0 0.522037385395165 95
