0.016082940654018645 0.5003577433677064 95
0.03510540079921618 0.4717544143707068 95
0.05855375583485393 0.4413560117500425 95
0.07473905026548605 0.4134702702920684 95
0.11416166936098522 0.3841771653543418 95
0.1511656526728417 0.35798155181298463 95
0.19195761763298802 0.3230656954729462 95
0.24122412522531095 0.2950421594711716 95
0.3184569227578122 0.25993955184173556 95
0.388041285576214 0.22988716143921506 95
0.4300647396958505 0.1997759213196484 95
0.4614374890454464 0.16090362911274772 95
0.5419287023192683 0.12812428848359925 95
0.963674760862824 0.07957279482251746 95
0.9306413950222232 0.04107079446358242 95
1.0 0.0 95
0.8348229360488808 1.0 95
0.8705757951791577 0.9622627643220033 95
0.335746076708593 0.8621878680845103 95
0.22389229295011787 0.8096806937048905 95
0.19486627911057902 0.7721725940642008 95
0.18437540451738058 0.7413912647021945 95
0.16770603852887836 0.70564175625534 95
0.13061089219094307 0.6699568019701289 95
0.07949153531448035 0.6291709543189852 95
0.03679049505439787 0.5958392016946469 95
0.0 0.5625535591563224 95
0.0033199261403392796 0.532985151159455 95
0.05855375583485393 0.4413560117500425 95
0.016082940654018645 0.5003577433677064 95
0.8705757951791577 0.9622627643220033 95
0.11416166936098522 0.3841771653543418 95
0.11416166936098522 0.3841771653543418 95
0.19195761763298802 0.3230656954729462 95
0.8705757951791577 0.9622627643220033 95
0.19195761763298802 0.3230656954729462 95
0.13061089219094307 0.6699568019701289 95
0.9306413950222232 0.04107079446358242 95
0.19486627911057902 0.7721725940642008 95
0.016082940654018645 0.5003577433677064 95
0.8705757951791577 0.9622627643220033 95
0.9306413950222232 0.04107079446358242 95
0.4614374890454464 0.16090362911274772 95
0.8705757951791577 0.9622627643220033 95
0.24122412522531095 0.2950421594711716 95
0.4300647396958505 0.1997759213196484 95
0.4614374890454464 0.16090362911274772 95
0.03510540079921618 0.4717544143707068 95
0.963674760862824 0.07957279482251746 95
0.03510540079921618 0.4717544143707068 95
0.11416166936098522 0.3841771653543418 95
0.335746076708593 0.8621878680845103 95
0.03679049505439787 0.5958392016946469 95
0.13061089219094307 0.6699568019701289 95
0.13061089219094307 0.6699568019701289 95
0.11416166936098522 0.3841771653543418 95
0.22389229295011787 0.8096806937048905 95
1.0 0.0 95
0.8705757951791577 0.9622627643220033 95
0.11416166936098522 0.3841771653543418 95
0.24122412522531095 0.2950421594711716 95
0.07949153531448035 0.6291709543189852 95
0.11416166936098522 0.3841771653543418 95
0.963674760862824 0.07957279482251746 95
0.0 0.5625535591563224 95
0.03510540079921618 0.4717544143707068 95
0.8705757951791577 0.9622627643220033 95
0.11416166936098522 0.3841771653543418 95
0.13061089219094307 0.6699568019701289 95
0.4614374890454464 0.16090362911274772 95
0.963674760862824 0.07957279482251746 95
0.8348229360488808 1.0 95
0.11416166936098522 0.3841771653543418 95
0.22389229295011787 0.8096806937048905 95
0.16770603852887836 0.70564175625534 95
0.963674760862824 0.07957279482251746 95
0.13061089219094307 0.6699568019701289 95
0.03510540079921618 0.4717544143707068 95
0.335746076708593 0.8621878680845103 95
0.016082940654018645 0.5003577433677064 95
0.8348229360488808 1.0 95
0.19486627911057902 0.7721725940642008 95
0.8705757951791577 0.9622627643220033 95
0.4614374890454464 0.16090362911274772 95
0.4614374890454464 0.16090362911274772 95
0.335746076708593 0.8621878680845103 95
0.22389229295011787 0.8096806937048905 95
0.19486627911057902 0.7721725940642008 95
0.03510540079921618 0.4717544143707068 95
0.016082940654018645 0.5003577433677064 95
0.9306413950222232 0.04107079446358242 95
0.19195761763298802 0.3230656954729462 95
0.05855375583485393 0.4413560117500425 95
0.24122412522531095 0.2950421594711716 95
0.22389229295011787 0.8096806937048905 95
0.16770603852887836 0.70564175625534 95
0.8348229360488808 1.0 95
0.19486627911057902 0.7721725940642008 95
0.4614374890454464 0.16090362911274772 95
0.19195761763298802 0.3230656954729462 95
0.9306413950222232 0.04107079446358242 95
0.07473905026548605 0.4134702702920684 95
0.4614374890454464 0.16090362911274772 95
0.11416166936098522 0.3841771653543418 95
0.11416166936098522 0.3841771653543418 95
0.963674760862824 0.07957279482251746 95
0.4614374890454464 0.16090362911274772 95
0.24122412522531095 0.2950421594711716 95
0.19486627911057902 0.7721725940642008 95
0.07949153531448035 0.6291709543189852 95
0.0 0.5625535591563224 95
0.11416166936098522 0.3841771653543418 95
0.19195761763298802 0.3230656954729462 95
0.1511656526728417 0.35798155181298463 95
0.8348229360488808 1.0 95
0.07949153531448035 0.6291709543189852 95
0.016082940654018645 0.5003577433677064 95
0.9306413950222232 0.04107079446358242 95
0.22389229295011787 0.8096806937048905 95
0.3184569227578122 0.25993955184173556 95
0.03510540079921618 0.4717544143707068 95
0.0 0.5625535591563224 95
0.11416166936098522 0.3841771653543418 95
0.016082940654018645 0.5003577433677064 95
0.24122412522531095 0.2950421594711716 95
0.11416166936098522 0.3841771653543418 95
0.11416166936098522 0.3841771653543418 95
0.11416166936098522 0.3841771653543418 95
