0.0 0.5335208688572348 95
0.020820608027432137 0.5086233194700838 95
0.04614603994561367 0.47467240952865114 95
0.07206753813457183 0.4512425531111015 95
0.09360816567541451 0.42123156980280707 95
0.12022941294185177 0.3920329427218012 95
0.1463864994706445 0.3593060793533696 95
0.1890343920420511 0.33096397351104107 95
0.2366696695914927 0.29976902713470455 95
0.3155233050528508 0.2677965168516392 95
0.3895528978508358 0.23364309994094243 95
0.4310766852498917 0.20411356242660234 95
0.8824507137661468 0.08402022715674383 95
0.8755337676020738 0.04826400040004025 95
1.0 0.0 95
0.7040436130948474 1.0 95
0.7240223130938802 0.95852941770027 95
0.8105880033543363 0.9296346437592592 95
0.3234822116677725 0.8364142118202617 95
0.16996099608647666 0.7839491301026089 95
0.13717468886702888 0.7420794427211286 95
0.12096886873480396 0.7127855777348381 95
0.10882951677124277 0.678377881434109 95
0.07368313157378815 0.6401828249484015 95
0.05394804268564756 0.6120287394386233 95
0.02317196511039882 0.5799060851788881 95
0.004547468031968476 0.5448020847944341 95
0.3234822116677725 0.8364142118202617 95
0.3155233050528508 0.2677965168516392 95
0.8755337676020738 0.04826400040004025 95
0.8755337676020738 0.04826400040004025 95
0.04614603994561367 0.47467240952865114 95
0.8824507137661468 0.08402022715674383 95
0.10882951677124277 0.678377881434109 95
0.07368313157378815 0.6401828249484015 95
0.07368313157378815 0.6401828249484015 95
0.0 0.5335208688572348 95
0.07206753813457183 0.4512425531111015 95
0.10882951677124277 0.678377881434109 95
0.0 0.5335208688572348 95
0.3895528978508358 0.23364309994094243 95
0.8755337676020738 0.04826400040004025 95
0.05394804268564756 0.6120287394386233 95
0.13717468886702888 0.7420794427211286 95
0.8755337676020738 0.04826400040004025 95
0.020820608027432137 0.5086233194700838 95
0.020820608027432137 0.5086233194700838 95
0.1463864994706445 0.3593060793533696 95
0.7040436130948474 1.0 95
0.09360816567541451 0.42123156980280707 95
0.0 0.5335208688572348 95
0.09360816567541451 0.42123156980280707 95
0.3234822116677725 0.8364142118202617 95
0.1463864994706445 0.3593060793533696 95
0.04614603994561367 0.47467240952865114 95
0.07206753813457183 0.4512425531111015 95
0.004547468031968476 0.5448020847944341 95
0.05394804268564756 0.6120287394386233 95
0.8755337676020738 0.04826400040004025 95
0.4310766852498917 0.20411356242660234 95
0.8755337676020738 0.04826400040004025 95
0.07206753813457183 0.4512425531111015 95
0.07368313157378815 0.6401828249484015 95
0.16996099608647666 0.7839491301026089 95
0.1463864994706445 0.3593060793533696 95
0.09360816567541451 0.42123156980280707 95
0.05394804268564756 0.6120287394386233 95
0.07206753813457183 0.4512425531111015 95
0.8755337676020738 0.04826400040004025 95
0.7040436130948474 1.0 95
0.07206753813457183 0.4512425531111015 95
0.05394804268564756 0.6120287394386233 95
0.020820608027432137 0.5086233194700838 95
0.1463864994706445 0.3593060793533696 95
0.05394804268564756 0.6120287394386233 95
0.004547468031968476 0.5448020847944341 95
0.0 0.5335208688572348 95
0.7240223130938802 0.95852941770027 95
0.7040436130948474 1.0 95
0.020820608027432137 0.5086233194700838 95
0.09360816567541451 0.42123156980280707 95
0.02317196511039882 0.5799060851788881 95
0.07206753813457183 0.4512425531111015 95
0.8755337676020738 0.04826400040004025 95
0.13717468886702888 0.7420794427211286 95
0.8824507137661468 0.08402022715674383 95
0.16996099608647666 0.7839491301026089 95
0.3234822116677725 0.8364142118202617 95
0.1890343920420511 0.33096397351104107 95
0.8755337676020738 0.04826400040004025 95
0.8755337676020738 0.04826400040004025 95
0.10882951677124277 0.678377881434109 95
0.04614603994561367 0.47467240952865114 95
0.13717468886702888 0.7420794427211286 95
0.05394804268564756 0.6120287394386233 95
0.8755337676020738 0.04826400040004025 95
0.13717468886702888 0.7420794427211286 95
0.3234822116677725 0.8364142118202617 95
0.020820608027432137 0.5086233194700838 95
0.7240223130938802 0.95852941770027 95
0.1463864994706445 0.3593060793533696 95
0.07206753813457183 0.4512425531111015 95
0.05394804268564756 0.6120287394386233 95
0.0 0.5335208688572348 95
0.13717468886702888 0.7420794427211286 95
0.07368313157378815 0.6401828249484015 95
0.004547468031968476 0.5448020847944341 95
0.0 0.5335208688572348 95
0.8755337676020738 0.04826400040004025 95
0.07368313157378815 0.6401828249484015 95
0.10882951677124277 0.678377881434109 95
0.3895528978508358 0.23364309994094243 95
0.04614603994561367 0.47467240952865114 95
0.0 0.5335208688572348 95
0.05394804268564756 0.6120287394386233 95
0.8824507137661468 0.08402022715674383 95
0.8755337676020738 0.04826400040004025 95
0.1463864994706445 0.3593060793533696 95
0.04614603994561367 0.47467240952865114 95
0.07206753813457183 0.4512425531111015 95
0.07368313157378815 0.6401828249484015 95
0.07368313157378815 0.6401828249484015 95
0.7040436130948474 1.0 95
0.07206753813457183 0.4512425531111015 95
0.8755337676020738 0.04826400040004025 95
0.7040436130948474 1.0 95
0.8755337676020738 0.04826400040004025 95
0.4310766852498917 0.20411356242660234 95
