0.013627260960065423 0.5266978638930999 95
0.045316401527546686 0.4999404166193111 95
0.05355485777632808 0.4733924364562565 95
0.07988395714293692 0.4436630978109467 95
0.09642323901778821 0.4104140453321543 95
0.12718842825655755 0.3854051178541151 95
0.15810916609997797 0.35722438053638345 95
0.19000023383745335 0.3222090026122092 95
0.24874973583159757 0.2915447914175685 95
0.3331274341496389 0.26345869873952377 95
0.40055059109822827 0.23066537970454126 95
0.43096608471660997 0.19437586530461456 95
0.9112134763173227 0.07775151307525205 95
0.8918758111495898 0.04449418070821848 95
1.0 0.0 95
0.714430660489014 1.0 95
0.7226319124625917 0.9603390873596315 95
0.7859435995389099 0.931526896335196 95
0.31488561322808345 0.8366751892805996 95
0.16457528710832062 0.7840800914641217 95
0.12661107980363887 0.7487023808218807 95
0.12668113616147114 0.7127727152201252 95
0.11183488530933765 0.6814716239298486 95
0.07798763616450106 0.6433041792811257 95
0.051211254901031386 0.6164860614168333 95
0.024675742026214198 0.5795966722512671 95
0.0 0.5522255237882385 95
0.7226319124625917 0.9603390873596315 95
0.013627260960065423 0.5266978638930999 95
0.7226319124625917 0.9603390873596315 95
0.7859435995389099 0.931526896335196 95
0.045316401527546686 0.4999404166193111 95
0.12661107980363887 0.7487023808218807 95
0.12661107980363887 0.7487023808218807 95
0.24874973583159757 0.2915447914175685 95
0.40055059109822827 0.23066537970454126 95
0.31488561322808345 0.8366751892805996 95
0.051211254901031386 0.6164860614168333 95
0.11183488530933765 0.6814716239298486 95
0.07798763616450106 0.6433041792811257 95
0.19000023383745335 0.3222090026122092 95
0.7226319124625917 0.9603390873596315 95
0.7226319124625917 0.9603390873596315 95
0.7859435995389099 0.931526896335196 95
0.40055059109822827 0.23066537970454126 95
0.07988395714293692 0.4436630978109467 95
0.8918758111495898 0.04449418070821848 95
0.31488561322808345 0.8366751892805996 95
0.045316401527546686 0.4999404166193111 95
0.024675742026214198 0.5795966722512671 95
0.7859435995389099 0.931526896335196 95
0.0 0.5522255237882385 95
0.024675742026214198 0.5795966722512671 95
0.045316401527546686 0.4999404166193111 95
0.40055059109822827 0.23066537970454126 95
0.7226319124625917 0.9603390873596315 95
0.7226319124625917 0.9603390873596315 95
0.051211254901031386 0.6164860614168333 95
0.31488561322808345 0.8366751892805996 95
0.714430660489014 1.0 95
0.05355485777632808 0.4733924364562565 95
0.11183488530933765 0.6814716239298486 95
0.12718842825655755 0.3854051178541151 95
0.7226319124625917 0.9603390873596315 95
0.09642323901778821 0.4104140453321543 95
0.19000023383745335 0.3222090026122092 95
0.19000023383745335 0.3222090026122092 95
0.09642323901778821 0.4104140453321543 95
0.024675742026214198 0.5795966722512671 95
0.09642323901778821 0.4104140453321543 95
0.05355485777632808 0.4733924364562565 95
0.714430660489014 1.0 95
0.8918758111495898 0.04449418070821848 95
0.40055059109822827 0.23066537970454126 95
0.12718842825655755 0.3854051178541151 95
0.7226319124625917 0.9603390873596315 95
0.7226319124625917 0.9603390873596315 95
0.40055059109822827 0.23066537970454126 95
0.40055059109822827 0.23066537970454126 95
0.7226319124625917 0.9603390873596315 95
0.12661107980363887 0.7487023808218807 95
0.7226319124625917 0.9603390873596315 95
0.31488561322808345 0.8366751892805996 95
0.31488561322808345 0.8366751892805996 95
0.16457528710832062 0.7840800914641217 95
0.7226319124625917 0.9603390873596315 95
0.7859435995389099 0.931526896335196 95
0.12718842825655755 0.3854051178541151 95
0.7859435995389099 0.931526896335196 95
0.714430660489014 1.0 95
0.11183488530933765 0.6814716239298486 95
0.7226319124625917 0.9603390873596315 95
0.31488561322808345 0.8366751892805996 95
0.051211254901031386 0.6164860614168333 95
0.40055059109822827 0.23066537970454126 95
0.045316401527546686 0.4999404166193111 95
0.024675742026214198 0.5795966722512671 95
0.16457528710832062 0.7840800914641217 95
0.045316401527546686 0.4999404166193111 95
0.714430660489014 1.0 95
0.09642323901778821 0.4104140453321543 95
0.045316401527546686 0.4999404166193111 95
0.0 0.5522255237882385 95
0.24874973583159757 0.2915447914175685 95
0.07988395714293692 0.4436630978109467 95
0.013627260960065423 0.5266978638930999 95
0.31488561322808345 0.8366751892805996 95
0.05355485777632808 0.4733924364562565 95
0.8918758111495898 0.04449418070821848 95
0.09642323901778821 0.4104140453321543 95
0.7226319124625917 0.9603390873596315 95
0.3331274341496389 0.26345869873952377 95
0.15810916609997797 0.35722438053638345 95
0.12661107980363887 0.7487023808218807 95
0.09642323901778821 0.4104140453321543 95
0.40055059109822827 0.23066537970454126 95
0.11183488530933765 0.6814716239298486 95
0.11183488530933765 0.6814716239298486 95
0.051211254901031386 0.6164860614168333 95
0.7859435995389099 0.931526896335196 95
0.024675742026214198 0.5795966722512671 95
0.7226319124625917 0.9603390873596315 95
0.8918758111495898 0.04449418070821848 95
0.7226319124625917 0.9603390873596315 95
0.7226319124625917 0.9603390873596315 95
0.7226319124625917 0.9603390873596315 95
0.024675742026214198 0.5795966722512671 95
0.7226319124625917 0.9603390873596315 95
