0.027864169802901267 0.509544273871448 95
0.047451125739518846 0.48114631627343396 95
0.07337503972876691 0.450244076988699 95
0.08462477766134156 0.4199693576163305 95
0.133421448373808 0.3886907405314058 95
0.15578203752959133 0.3622076130095194 95
0.1899285533200108 0.33174560963184746 95
0.24787980008493904 0.3022674240919453 95
0.3111515264486736 0.2703928064766741 95
0.3779759371783816 0.23215348307318787 95
0.411708715810201 0.20429662469341314 95
0.9104574444763484 0.07845748591908296 95
0.904515497436222 0.04613389073606733 95
1.0 0.0 95
0.6599192839073061 1.0 95
0.6991168298674559 0.9666459260539806 95
0.3070319739037865 0.875200904417624 95
0.2184218056785585 0.8335532371706083 95
0.16958974507791158 0.7878223979080845 95
0.16835061125463993 0.7550516380588308 95
0.15475461718971018 0.7194582961231547 95
0.1310770262908377 0.6875878656379798 95
0.08927304183858989 0.6496242068484503 95
0.06096457039359652 0.6203670959972072 95
0.026240540829288922 0.5848916955692294 95
0.0 0.5548267827003465 95
0.9104574444763484 0.07845748591908296 95
0.08462477766134156 0.4199693576163305 95
0.3779759371783816 0.23215348307318787 95
0.3070319739037865 0.875200904417624 95
0.9104574444763484 0.07845748591908296 95
0.027864169802901267 0.509544273871448 95
0.3070319739037865 0.875200904417624 95
0.047451125739518846 0.48114631627343396 95
0.15475461718971018 0.7194582961231547 95
0.08927304183858989 0.6496242068484503 95
0.3070319739037865 0.875200904417624 95
0.026240540829288922 0.5848916955692294 95
0.0 0.5548267827003465 95
0.6991168298674559 0.9666459260539806 95
0.6991168298674559 0.9666459260539806 95
0.904515497436222 0.04613389073606733 95
0.15578203752959133 0.3622076130095194 95
0.133421448373808 0.3886907405314058 95
0.9104574444763484 0.07845748591908296 95
0.3111515264486736 0.2703928064766741 95
0.027864169802901267 0.509544273871448 95
0.15475461718971018 0.7194582961231547 95
0.133421448373808 0.3886907405314058 95
0.07337503972876691 0.450244076988699 95
0.9104574444763484 0.07845748591908296 95
0.3070319739037865 0.875200904417624 95
1.0 0.0 95
0.9104574444763484 0.07845748591908296 95
0.027864169802901267 0.509544273871448 95
0.07337503972876691 0.450244076988699 95
0.3070319739037865 0.875200904417624 95
0.027864169802901267 0.509544273871448 95
0.027864169802901267 0.509544273871448 95
0.07337503972876691 0.450244076988699 95
0.15578203752959133 0.3622076130095194 95
0.027864169802901267 0.509544273871448 95
0.15578203752959133 0.3622076130095194 95
0.08462477766134156 0.4199693576163305 95
0.133421448373808 0.3886907405314058 95
0.15475461718971018 0.7194582961231547 95
0.133421448373808 0.3886907405314058 95
0.08462477766134156 0.4199693576163305 95
0.15475461718971018 0.7194582961231547 95
0.9104574444763484 0.07845748591908296 95
0.047451125739518846 0.48114631627343396 95
0.08927304183858989 0.6496242068484503 95
0.027864169802901267 0.509544273871448 95
0.15475461718971018 0.7194582961231547 95
0.9104574444763484 0.07845748591908296 95
0.2184218056785585 0.8335532371706083 95
0.08927304183858989 0.6496242068484503 95
0.24787980008493904 0.3022674240919453 95
0.3779759371783816 0.23215348307318787 95
0.027864169802901267 0.509544273871448 95
0.047451125739518846 0.48114631627343396 95
0.0 0.5548267827003465 95
0.133421448373808 0.3886907405314058 95
0.027864169802901267 0.509544273871448 95
0.027864169802901267 0.509544273871448 95
0.08462477766134156 0.4199693576163305 95
0.3779759371783816 0.23215348307318787 95
0.0 0.5548267827003465 95
0.08927304183858989 0.6496242068484503 95
0.026240540829288922 0.5848916955692294 95
0.07337503972876691 0.450244076988699 95
0.027864169802901267 0.509544273871448 95
0.9104574444763484 0.07845748591908296 95
0.026240540829288922 0.5848916955692294 95
0.047451125739518846 0.48114631627343396 95
0.15475461718971018 0.7194582961231547 95
0.411708715810201 0.20429662469341314 95
0.133421448373808 0.3886907405314058 95
0.1310770262908377 0.6875878656379798 95
0.1310770262908377 0.6875878656379798 95
0.08462477766134156 0.4199693576163305 95
0.904515497436222 0.04613389073606733 95
0.3111515264486736 0.2703928064766741 95
0.07337503972876691 0.450244076988699 95
0.15475461718971018 0.7194582961231547 95
0.3070319739037865 0.875200904417624 95
0.08462477766134156 0.4199693576163305 95
0.07337503972876691 0.450244076988699 95
0.6991168298674559 0.9666459260539806 95
0.9104574444763484 0.07845748591908296 95
0.06096457039359652 0.6203670959972072 95
0.15475461718971018 0.7194582961231547 95
0.1310770262908377 0.6875878656379798 95
0.3070319739037865 0.875200904417624 95
0.08462477766134156 0.4199693576163305 95
0.1310770262908377 0.6875878656379798 95
0.3070319739037865 0.875200904417624 95
0.15475461718971018 0.7194582961231547 95
0.9104574444763484 0.07845748591908296 95
0.1899285533200108 0.33174560963184746 95
0.027864169802901267 0.509544273871448 95
0.3111515264486736 0.2703928064766741 95
0.07337503972876691 0.450244076988699 95
0.08462477766134156 0.4199693576163305 95
0.3111515264486736 0.2703928064766741 95
0.3111515264486736 0.2703928064766741 95
0.047451125739518846 0.48114631627343396 95
0.904515497436222 0.04613389073606733 95
