0.029074354000084842 0.5014253760987525 95
0.04904218042378012 0.4694038323640962 95
0.06657636596485181 0.4442853440600447 95
0.09225700376757391 0.4095579619499619 95
0.13303585747727117 0.3817346090268567 95
0.1695270091888838 0.350925310816907 95
0.2039320615782134 0.3254627438207935 95
0.2541720811385544 0.2917039690174712 95
0.3253813755151985 0.26085901792055244 95
0.3923591916785245 0.22421338298053173 95
0.4238989807099983 0.19611008384789483 95
0.45243905065035256 0.16142741079534176 95
0.8222113135850234 0.11523143776746363 95
0.9679578941543617 0.0753499177573659 95
0.9265731732234745 0.04058593196576334 95
1.0 0.0 95
0.701157390470706 1.0 95
0.7105181270054544 0.9655714537561738 95
0.41472011791715596 0.889821050910478 95
0.27711317820084064 0.8332866832462338 95
0.20453303574539072 0.7929495788837927 95
0.18972958778345808 0.7554099190547371 95
0.1800144602132182 0.7182392719242697 95
0.15451573399425927 0.6829240218519577 95
0.10907327386490664 0.6501111366442223 95
0.07388937218707128 0.6176309101878106 95
0.03579815881980374 0.5824818931666467 95
0.0 0.5493241231332061 95
0.41472011791715596 0.889821050910478 95
0.9679578941543617 0.0753499177573659 95
0.7105181270054544 0.9655714537561738 95
0.1695270091888838 0.350925310816907 95
0.3253813755151985 0.26085901792055244 95
0.9679578941543617 0.0753499177573659 95
1.0 0.0 95
0.04904218042378012 0.4694038323640962 95
0.029074354000084842 0.5014253760987525 95
0.1695270091888838 0.350925310816907 95
0.9265731732234745 0.04058593196576334 95
0.1800144602132182 0.7182392719242697 95
0.04904218042378012 0.4694038323640962 95
0.09225700376757391 0.4095579619499619 95
0.9679578941543617 0.0753499177573659 95
0.07388937218707128 0.6176309101878106 95
0.1800144602132182 0.7182392719242697 95
0.7105181270054544 0.9655714537561738 95
0.10907327386490664 0.6501111366442223 95
0.0 0.5493241231332061 95
0.3253813755151985 0.26085901792055244 95
0.1695270091888838 0.350925310816907 95
0.2039320615782134 0.3254627438207935 95
0.7105181270054544 0.9655714537561738 95
0.41472011791715596 0.889821050910478 95
0.3253813755151985 0.26085901792055244 95
0.1800144602132182 0.7182392719242697 95
0.45243905065035256 0.16142741079534176 95
0.04904218042378012 0.4694038323640962 95
0.07388937218707128 0.6176309101878106 95
0.1800144602132182 0.7182392719242697 95
0.41472011791715596 0.889821050910478 95
0.04904218042378012 0.4694038323640962 95
0.9679578941543617 0.0753499177573659 95
0.3253813755151985 0.26085901792055244 95
0.701157390470706 1.0 95
0.7105181270054544 0.9655714537561738 95
0.3253813755151985 0.26085901792055244 95
0.9679578941543617 0.0753499177573659 95
0.9679578941543617 0.0753499177573659 95
0.04904218042378012 0.4694038323640962 95
1.0 0.0 95
0.07388937218707128 0.6176309101878106 95
0.09225700376757391 0.4095579619499619 95
0.3253813755151985 0.26085901792055244 95
0.04904218042378012 0.4694038323640962 95
0.1695270091888838 0.350925310816907 95
0.45243905065035256 0.16142741079534176 95
0.7105181270054544 0.9655714537561738 95
0.9679578941543617 0.0753499177573659 95
0.1695270091888838 0.350925310816907 95
0.07388937218707128 0.6176309101878106 95
0.15451573399425927 0.6829240218519577 95
0.9679578941543617 0.0753499177573659 95
0.2541720811385544 0.2917039690174712 95
0.27711317820084064 0.8332866832462338 95
0.41472011791715596 0.889821050910478 95
0.7105181270054544 0.9655714537561738 95
0.1695270091888838 0.350925310816907 95
0.029074354000084842 0.5014253760987525 95
0.1800144602132182 0.7182392719242697 95
0.13303585747727117 0.3817346090268567 95
0.9679578941543617 0.0753499177573659 95
0.9679578941543617 0.0753499177573659 95
0.7105181270054544 0.9655714537561738 95
0.20453303574539072 0.7929495788837927 95
0.3253813755151985 0.26085901792055244 95
0.029074354000084842 0.5014253760987525 95
0.1800144602132182 0.7182392719242697 95
0.029074354000084842 0.5014253760987525 95
0.04904218042378012 0.4694038323640962 95
0.9679578941543617 0.0753499177573659 95
0.04904218042378012 0.4694038323640962 95
0.9679578941543617 0.0753499177573659 95
0.9679578941543617 0.0753499177573659 95
0.7105181270054544 0.9655714537561738 95
1.0 0.0 95
0.27711317820084064 0.8332866832462338 95
1.0 0.0 95
0.1800144602132182 0.7182392719242697 95
0.15451573399425927 0.6829240218519577 95
0.04904218042378012 0.4694038323640962 95
0.41472011791715596 0.889821050910478 95
0.41472011791715596 0.889821050910478 95
0.1800144602132182 0.7182392719242697 95
0.9679578941543617 0.0753499177573659 95
0.09225700376757391 0.4095579619499619 95
0.07388937218707128 0.6176309101878106 95
0.9679578941543617 0.0753499177573659 95
0.3923591916785245 0.22421338298053173 95
0.4238989807099983 0.19611008384789483 95
0.41472011791715596 0.889821050910478 95
0.1695270091888838 0.350925310816907 95
0.0 0.5493241231332061 95
0.4238989807099983 0.19611008384789483 95
0.9265731732234745 0.04058593196576334 95
0.029074354000084842 0.5014253760987525 95
0.3253813755151985 0.26085901792055244 95
0.1695270091888838 0.350925310816907 95
0.04904218042378012 0.4694038323640962 95
