0.018736467716025603 0.5069624858230953 95
0.04028168106247139 0.47751652983029175 95
0.05781412994958281 0.4453718747189604 95
0.08241315695988251 0.4174180773932942 95
0.126293647557705 0.3861147183760987 95
0.1631423115248446 0.3542666508268369 95
0.20171128836745547 0.3248080971319616 95
0.2549304935088946 0.2950095540473183 95
0.32517815935130107 0.2656665110588055 95
0.3864953091298694 0.22882343198912164 95
0.4198169072455829 0.19418335801111047 95
0.961896345375035 0.07823398748522775 95
0.9200216954611987 0.04401774865743369 95
1.0 0.0 95
0.7131052755603678 1.0 95
0.7293750472326005 0.9668790088675132 95
0.3258666379552927 0.875146599276503 95
0.2184333248891835 0.8262067358899454 95
0.16676044636179999 0.7876433631697234 95
0.16514867860498536 0.7555407109516015 95
0.16296136517234133 0.719196042769529 95
0.14508685685746875 0.6819501518701832 95
0.09425632499250629 0.6490365474113241 95
0.06290489171707644 0.6158925809503951 95
0.02542761722474114 0.58135721322637 95
0.0 0.5509348721598207 95
0.20171128836745547 0.3248080971319616 95
0.018736467716025603 0.5069624858230953 95
0.3258666379552927 0.875146599276503 95
0.3864953091298694 0.22882343198912164 95
0.3258666379552927 0.875146599276503 95
0.08241315695988251 0.4174180773932942 95
0.126293647557705 0.3861147183760987 95
0.7131052755603678 1.0 95
0.2549304935088946 0.2950095540473183 95
0.16676044636179999 0.7876433631697234 95
0.3258666379552927 0.875146599276503 95
0.2184333248891835 0.8262067358899454 95
0.06290489171707644 0.6158925809503951 95
0.20171128836745547 0.3248080971319616 95
0.05781412994958281 0.4453718747189604 95
0.20171128836745547 0.3248080971319616 95
0.20171128836745547 0.3248080971319616 95
0.14508685685746875 0.6819501518701832 95
0.961896345375035 0.07823398748522775 95
0.16296136517234133 0.719196042769529 95
0.3864953091298694 0.22882343198912164 95
0.018736467716025603 0.5069624858230953 95
0.04028168106247139 0.47751652983029175 95
0.08241315695988251 0.4174180773932942 95
0.06290489171707644 0.6158925809503951 95
0.08241315695988251 0.4174180773932942 95
0.3258666379552927 0.875146599276503 95
0.20171128836745547 0.3248080971319616 95
0.08241315695988251 0.4174180773932942 95
0.018736467716025603 0.5069624858230953 95
0.7293750472326005 0.9668790088675132 95
0.3258666379552927 0.875146599276503 95
0.3258666379552927 0.875146599276503 95
0.3864953091298694 0.22882343198912164 95
0.0 0.5509348721598207 95
0.09425632499250629 0.6490365474113241 95
0.08241315695988251 0.4174180773932942 95
0.961896345375035 0.07823398748522775 95
0.961896345375035 0.07823398748522775 95
0.08241315695988251 0.4174180773932942 95
0.16296136517234133 0.719196042769529 95
0.3258666379552927 0.875146599276503 95
0.3864953091298694 0.22882343198912164 95
0.961896345375035 0.07823398748522775 95
0.06290489171707644 0.6158925809503951 95
0.2184333248891835 0.8262067358899454 95
0.2549304935088946 0.2950095540473183 95
0.2184333248891835 0.8262067358899454 95
0.05781412994958281 0.4453718747189604 95
0.20171128836745547 0.3248080971319616 95
0.126293647557705 0.3861147183760987 95
0.16676044636179999 0.7876433631697234 95
0.3258666379552927 0.875146599276503 95
0.06290489171707644 0.6158925809503951 95
0.3258666379552927 0.875146599276503 95
0.0 0.5509348721598207 95
0.06290489171707644 0.6158925809503951 95
0.3864953091298694 0.22882343198912164 95
0.7293750472326005 0.9668790088675132 95
0.7293750472326005 0.9668790088675132 95
0.16514867860498536 0.7555407109516015 95
0.16676044636179999 0.7876433631697234 95
0.2184333248891835 0.8262067358899454 95
0.9200216954611987 0.04401774865743369 95
0.961896345375035 0.07823398748522775 95
0.126293647557705 0.3861147183760987 95
0.04028168106247139 0.47751652983029175 95
0.16296136517234133 0.719196042769529 95
0.2549304935088946 0.2950095540473183 95
0.08241315695988251 0.4174180773932942 95
0.04028168106247139 0.47751652983029175 95
0.3258666379552927 0.875146599276503 95
0.3864953091298694 0.22882343198912164 95
0.08241315695988251 0.4174180773932942 95
0.20171128836745547 0.3248080971319616 95
0.7131052755603678 1.0 95
0.7293750472326005 0.9668790088675132 95
0.08241315695988251 0.4174180773932942 95
0.04028168106247139 0.47751652983029175 95
0.018736467716025603 0.5069624858230953 95
1.0 0.0 95
0.20171128836745547 0.3248080971319616 95
0.0 0.5509348721598207 95
0.20171128836745547 0.3248080971319616 95
0.20171128836745547 0.3248080971319616 95
0.0 0.5509348721598207 95
0.961896345375035 0.07823398748522775 95
0.3258666379552927 0.875146599276503 95
0.3864953091298694 0.22882343198912164 95
0.04028168106247139 0.47751652983029175 95
0.3258666379552927 0.875146599276503 95
0.018736467716025603 0.5069624858230953 95
0.4198169072455829 0.19418335801111047 95
0.126293647557705 0.3861147183760987 95
0.02542761722474114 0.58135721322637 95
0.16296136517234133 0.719196042769529 95
0.14508685685746875 0.6819501518701832 95
0.20171128836745547 0.3248080971319616 95
0.08241315695988251 0.4174180773932942 95
0.2184333248891835 0.8262067358899454 95
0.32517815935130107 0.2656665110588055 95
0.7131052755603678 1.0 95
