0.012432309412769516 0.49357678207721456 95
0.03511494013356993 0.4685842965489727 95
0.05499857982545683 0.4388282283790942 95
0.0805325654574073 0.4107496255516179 95
0.11048434718346598 0.37892491422275204 95
0.15035530523945584 0.3481597270009342 95
0.18525000688423834 0.31656737668547763 95
0.2398191195883001 0.2904133975158003 95
0.31908786045457105 0.2584243892751339 95
0.36982930280316717 0.22643794335640763 95
0.40107976563211617 0.19050568786157204 95
0.9445978899472146 0.07230771158360458 95
0.9137314085513787 0.0366609687752209 95
1.0 0.0 95
0.739916966605096 1.0 95
0.6838185521583087 0.9555250146193458 95
0.7470575465649786 0.9202589517819492 95
0.2865998843197681 0.832110908279173 95
0.19830945325778107 0.7883334806856255 95
0.1708847427557965 0.749305300743545 95
0.17330502579684942 0.7188129768997964 95
0.15084229688405293 0.6839331143332376 95
0.10734021191831332 0.6443893446196154 95
0.06833439059779949 0.6112700928935182 95
0.034416131729054174 0.5795259229752466 95
0.0 0.5441778240812871 95
0.005053646727808762 0.514406686658832 95
0.36982930280316717 0.22643794335640763 95
0.36982930280316717 0.22643794335640763 95
1.0 0.0 95
0.36982930280316717 0.22643794335640763 95
0.2398191195883001 0.2904133975158003 95
0.7470575465649786 0.9202589517819492 95
0.0805325654574073 0.4107496255516179 95
1.0 0.0 95
0.0805325654574073 0.4107496255516179 95
0.19830945325778107 0.7883334806856255 95
0.005053646727808762 0.514406686658832 95
0.03511494013356993 0.4685842965489727 95
0.9137314085513787 0.0366609687752209 95
0.034416131729054174 0.5795259229752466 95
0.06833439059779949 0.6112700928935182 95
0.9137314085513787 0.0366609687752209 95
0.739916966605096 1.0 95
0.06833439059779949 0.6112700928935182 95
0.005053646727808762 0.514406686658832 95
0.9445978899472146 0.07230771158360458 95
0.9137314085513787 0.0366609687752209 95
0.18525000688423834 0.31656737668547763 95
0.19830945325778107 0.7883334806856255 95
0.03511494013356993 0.4685842965489727 95
0.6838185521583087 0.9555250146193458 95
0.18525000688423834 0.31656737668547763 95
0.15084229688405293 0.6839331143332376 95
0.7470575465649786 0.9202589517819492 95
0.36982930280316717 0.22643794335640763 95
0.012432309412769516 0.49357678207721456 95
0.2398191195883001 0.2904133975158003 95
0.11048434718346598 0.37892491422275204 95
0.0805325654574073 0.4107496255516179 95
0.1708847427557965 0.749305300743545 95
0.2398191195883001 0.2904133975158003 95
0.40107976563211617 0.19050568786157204 95
0.10734021191831332 0.6443893446196154 95
0.11048434718346598 0.37892491422275204 95
0.10734021191831332 0.6443893446196154 95
0.18525000688423834 0.31656737668547763 95
0.18525000688423834 0.31656737668547763 95
0.7470575465649786 0.9202589517819492 95
0.19830945325778107 0.7883334806856255 95
0.0805325654574073 0.4107496255516179 95
0.06833439059779949 0.6112700928935182 95
0.2865998843197681 0.832110908279173 95
0.03511494013356993 0.4685842965489727 95
0.15035530523945584 0.3481597270009342 95
0.9445978899472146 0.07230771158360458 95
0.31908786045457105 0.2584243892751339 95
0.03511494013356993 0.4685842965489727 95
0.18525000688423834 0.31656737668547763 95
0.2398191195883001 0.2904133975158003 95
0.15084229688405293 0.6839331143332376 95
0.012432309412769516 0.49357678207721456 95
0.2398191195883001 0.2904133975158003 95
0.034416131729054174 0.5795259229752466 95
0.15084229688405293 0.6839331143332376 95
1.0 0.0 95
0.40107976563211617 0.19050568786157204 95
0.0 0.5441778240812871 95
0.7470575465649786 0.9202589517819492 95
0.034416131729054174 0.5795259229752466 95
0.19830945325778107 0.7883334806856255 95
0.9445978899472146 0.07230771158360458 95
0.40107976563211617 0.19050568786157204 95
0.2398191195883001 0.2904133975158003 95
0.9445978899472146 0.07230771158360458 95
0.10734021191831332 0.6443893446196154 95
0.11048434718346598 0.37892491422275204 95
0.7470575465649786 0.9202589517819492 95
0.0805325654574073 0.4107496255516179 95
0.034416131729054174 0.5795259229752466 95
0.0805325654574073 0.4107496255516179 95
0.19830945325778107 0.7883334806856255 95
0.03511494013356993 0.4685842965489727 95
1.0 0.0 95
0.9445978899472146 0.07230771158360458 95
0.9137314085513787 0.0366609687752209 95
0.034416131729054174 0.5795259229752466 95
0.19830945325778107 0.7883334806856255 95
0.7470575465649786 0.9202589517819492 95
0.2398191195883001 0.2904133975158003 95
0.31908786045457105 0.2584243892751339 95
0.15035530523945584 0.3481597270009342 95
0.9137314085513787 0.0366609687752209 95
0.15035530523945584 0.3481597270009342 95
0.06833439059779949 0.6112700928935182 95
1.0 0.0 95
0.36982930280316717 0.22643794335640763 95
0.005053646727808762 0.514406686658832 95
0.03511494013356993 0.4685842965489727 95
0.06833439059779949 0.6112700928935182 95
0.0805325654574073 0.4107496255516179 95
0.9137314085513787 0.0366609687752209 95
0.2398191195883001 0.2904133975158003 95
1.0 0.0 95
0.18525000688423834 0.31656737668547763 95
0.06833439059779949 0.6112700928935182 95
0.6838185521583087 0.9555250146193458 95
0.9445978899472146 0.07230771158360458 95
