0.005470747298389378 0.513949457589587 95
0.04092444585780751 0.4855207391843987 95
0.06083357303576711 0.457216922833205 95
0.07937826795934819 0.42432355895657814 95
0.11463752099731742 0.39138079427160277 95
0.1555955648606393 0.3639935180313054 95
0.18964380273904333 0.3286619392833494 95
0.23647406921708408 0.2979888754099233 95
0.3197988214668776 0.2649094640378572 95
0.38325058973969517 0.23275433668022474 95
0.42982073114970265 0.19743965466985725 95
0.45538081636071054 0.1657377480584913 95
0.5731649062859041 0.1251884029847123 95
0.9849354782275871 0.07333955162004696 95
0.9377051490128954 0.03760020997836666 95
1.0 0.0 95
0.7118084345217213 1.0 95
0.7823752167627933 0.967362784224073 95
0.33044500073519834 0.8722916601732574 95
0.2498547311974092 0.8288411409862929 95
0.20667763775772896 0.7860681315461517 95
0.1946640482991723 0.7469412763693279 95
0.18216511897854337 0.7117063660826026 95
0.14413145267379476 0.6766115471715165 95
0.08875431176554606 0.6401951960859749 95
0.06052630064726828 0.6054322817176331 95
0.02473261745360566 0.5710055248833992 95
0.0 0.5395540339196951 95
0.7118084345217213 1.0 95
0.11463752099731742 0.39138079427160277 95
0.9377051490128954 0.03760020997836666 95
0.38325058973969517 0.23275433668022474 95
0.42982073114970265 0.19743965466985725 95
0.7823752167627933 0.967362784224073 95
0.07937826795934819 0.42432355895657814 95
0.04092444585780751 0.4855207391843987 95
0.5731649062859041 0.1251884029847123 95
0.18964380273904333 0.3286619392833494 95
0.20667763775772896 0.7860681315461517 95
0.7118084345217213 1.0 95
0.02473261745360566 0.5710055248833992 95
0.18216511897854337 0.7117063660826026 95
0.1946640482991723 0.7469412763693279 95
0.1946640482991723 0.7469412763693279 95
0.18964380273904333 0.3286619392833494 95
0.9377051490128954 0.03760020997836666 95
0.20667763775772896 0.7860681315461517 95
0.005470747298389378 0.513949457589587 95
0.5731649062859041 0.1251884029847123 95
0.08875431176554606 0.6401951960859749 95
0.14413145267379476 0.6766115471715165 95
0.38325058973969517 0.23275433668022474 95
0.45538081636071054 0.1657377480584913 95
0.33044500073519834 0.8722916601732574 95
0.07937826795934819 0.42432355895657814 95
0.9377051490128954 0.03760020997836666 95
0.11463752099731742 0.39138079427160277 95
0.1555955648606393 0.3639935180313054 95
0.20667763775772896 0.7860681315461517 95
0.7118084345217213 1.0 95
0.38325058973969517 0.23275433668022474 95
0.38325058973969517 0.23275433668022474 95
0.20667763775772896 0.7860681315461517 95
0.9377051490128954 0.03760020997836666 95
0.9849354782275871 0.07333955162004696 95
0.1946640482991723 0.7469412763693279 95
0.7823752167627933 0.967362784224073 95
0.20667763775772896 0.7860681315461517 95
0.005470747298389378 0.513949457589587 95
0.5731649062859041 0.1251884029847123 95
0.3197988214668776 0.2649094640378572 95
0.38325058973969517 0.23275433668022474 95
0.1946640482991723 0.7469412763693279 95
0.7823752167627933 0.967362784224073 95
1.0 0.0 95
0.5731649062859041 0.1251884029847123 95
0.9377051490128954 0.03760020997836666 95
0.005470747298389378 0.513949457589587 95
0.42982073114970265 0.19743965466985725 95
0.9849354782275871 0.07333955162004696 95
0.18964380273904333 0.3286619392833494 95
0.7118084345217213 1.0 95
0.1946640482991723 0.7469412763693279 95
0.33044500073519834 0.8722916601732574 95
0.5731649062859041 0.1251884029847123 95
0.20667763775772896 0.7860681315461517 95
0.9377051490128954 0.03760020997836666 95
0.7823752167627933 0.967362784224073 95
0.33044500073519834 0.8722916601732574 95
0.20667763775772896 0.7860681315461517 95
0.18964380273904333 0.3286619392833494 95
0.18216511897854337 0.7117063660826026 95
0.11463752099731742 0.39138079427160277 95
0.06052630064726828 0.6054322817176331 95
0.06083357303576711 0.457216922833205 95
0.33044500073519834 0.8722916601732574 95
0.33044500073519834 0.8722916601732574 95
0.005470747298389378 0.513949457589587 95
0.20667763775772896 0.7860681315461517 95
0.18216511897854337 0.7117063660826026 95
0.45538081636071054 0.1657377480584913 95
0.1946640482991723 0.7469412763693279 95
0.005470747298389378 0.513949457589587 95
0.08875431176554606 0.6401951960859749 95
0.06083357303576711 0.457216922833205 95
0.20667763775772896 0.7860681315461517 95
0.5731649062859041 0.1251884029847123 95
0.02473261745360566 0.5710055248833992 95
0.23647406921708408 0.2979888754099233 95
0.1946640482991723 0.7469412763693279 95
0.7118084345217213 1.0 95
0.7823752167627933 0.967362784224073 95
0.9377051490128954 0.03760020997836666 95
0.38325058973969517 0.23275433668022474 95
0.7823752167627933 0.967362784224073 95
0.38325058973969517 0.23275433668022474 95
0.18216511897854337 0.7117063660826026 95
0.5731649062859041 0.1251884029847123 95
0.11463752099731742 0.39138079427160277 95
0.38325058973969517 0.23275433668022474 95
0.20667763775772896 0.7860681315461517 95
0.04092444585780751 0.4855207391843987 95
0.7118084345217213 1.0 95
0.5731649062859041 0.1251884029847123 95
0.18216511897854337 0.7117063660826026 95
0.005470747298389378 0.513949457589587 95
0.1946640482991723 0.7469412763693279 95
0.04092444585780751 0.4855207391843987 95
