0.0 0.531659072134892 95
0.02561550345623965 0.503908469913684 95
0.044238886154068555 0.47191679375246887 95
0.06339146326309714 0.4429795690516669 95
0.09009724902715625 0.4150141034098097 95
0.12261629978193406 0.38750121629253514 95
0.15900314370114405 0.3570902575622059 95
0.1947951849762535 0.32546969186558206 95
0.27210143164289213 0.29414570100719395 95
0.32722943599655496 0.26373487867883094 95
0.3893452338754717 0.23083236996253906 95
0.4086123482081714 0.19769205395913017 95
0.8635919512347677 0.07968342895549703 95
0.8598827562816049 0.04025056011557765 95
1.0 0.0 95
0.6888927494685496 1.0 95
0.6972642140442549 0.9558629074179883 95
0.5222404058718413 0.9003582116810884 95
0.2805408770345128 0.8346673643398479 95
0.19309684284539905 0.7887271489505946 95
0.17978077267684586 0.7524133440333041 95
0.175453380448724 0.7209411539300729 95
0.14845739119017673 0.681865579916002 95
0.10846007138095765 0.649972726447781 95
0.0682044288387893 0.6151810374947124 95
0.03467538517330684 0.5779751798416132 95
0.002682797199086411 0.5512276085769116 95
0.12261629978193406 0.38750121629253514 95
0.09009724902715625 0.4150141034098097 95
0.8598827562816049 0.04025056011557765 95
0.8598827562816049 0.04025056011557765 95
0.12261629978193406 0.38750121629253514 95
0.0 0.531659072134892 95
0.6972642140442549 0.9558629074179883 95
0.06339146326309714 0.4429795690516669 95
1.0 0.0 95
0.8635919512347677 0.07968342895549703 95
0.2805408770345128 0.8346673643398479 95
0.09009724902715625 0.4150141034098097 95
0.09009724902715625 0.4150141034098097 95
0.8598827562816049 0.04025056011557765 95
0.15900314370114405 0.3570902575622059 95
0.12261629978193406 0.38750121629253514 95
0.19309684284539905 0.7887271489505946 95
0.09009724902715625 0.4150141034098097 95
0.8598827562816049 0.04025056011557765 95
0.03467538517330684 0.5779751798416132 95
0.06339146326309714 0.4429795690516669 95
0.2805408770345128 0.8346673643398479 95
0.15900314370114405 0.3570902575622059 95
0.17978077267684586 0.7524133440333041 95
0.6888927494685496 1.0 95
0.5222404058718413 0.9003582116810884 95
0.5222404058718413 0.9003582116810884 95
0.4086123482081714 0.19769205395913017 95
0.12261629978193406 0.38750121629253514 95
0.17978077267684586 0.7524133440333041 95
0.6888927494685496 1.0 95
0.4086123482081714 0.19769205395913017 95
0.3893452338754717 0.23083236996253906 95
0.6888927494685496 1.0 95
0.32722943599655496 0.26373487867883094 95
0.06339146326309714 0.4429795690516669 95
0.17978077267684586 0.7524133440333041 95
0.15900314370114405 0.3570902575622059 95
0.2805408770345128 0.8346673643398479 95
0.1947951849762535 0.32546969186558206 95
0.5222404058718413 0.9003582116810884 95
0.2805408770345128 0.8346673643398479 95
0.27210143164289213 0.29414570100719395 95
0.6888927494685496 1.0 95
0.6888927494685496 1.0 95
0.12261629978193406 0.38750121629253514 95
0.3893452338754717 0.23083236996253906 95
0.6972642140442549 0.9558629074179883 95
0.12261629978193406 0.38750121629253514 95
0.3893452338754717 0.23083236996253906 95
0.4086123482081714 0.19769205395913017 95
0.19309684284539905 0.7887271489505946 95
0.15900314370114405 0.3570902575622059 95
0.2805408770345128 0.8346673643398479 95
0.09009724902715625 0.4150141034098097 95
0.09009724902715625 0.4150141034098097 95
0.06339146326309714 0.4429795690516669 95
1.0 0.0 95
0.27210143164289213 0.29414570100719395 95
0.09009724902715625 0.4150141034098097 95
1.0 0.0 95
0.09009724902715625 0.4150141034098097 95
0.5222404058718413 0.9003582116810884 95
0.06339146326309714 0.4429795690516669 95
0.32722943599655496 0.26373487867883094 95
0.5222404058718413 0.9003582116810884 95
0.6888927494685496 1.0 95
0.06339146326309714 0.4429795690516669 95
0.8598827562816049 0.04025056011557765 95
0.0682044288387893 0.6151810374947124 95
0.32722943599655496 0.26373487867883094 95
0.19309684284539905 0.7887271489505946 95
0.1947951849762535 0.32546969186558206 95
0.15900314370114405 0.3570902575622059 95
0.8598827562816049 0.04025056011557765 95
0.06339146326309714 0.4429795690516669 95
0.6888927494685496 1.0 95
0.0 0.531659072134892 95
0.12261629978193406 0.38750121629253514 95
0.09009724902715625 0.4150141034098097 95
1.0 0.0 95
0.2805408770345128 0.8346673643398479 95
0.0 0.531659072134892 95
0.4086123482081714 0.19769205395913017 95
0.4086123482081714 0.19769205395913017 95
0.2805408770345128 0.8346673643398479 95
0.14845739119017673 0.681865579916002 95
0.19309684284539905 0.7887271489505946 95
0.4086123482081714 0.19769205395913017 95
0.32722943599655496 0.26373487867883094 95
0.12261629978193406 0.38750121629253514 95
0.1947951849762535 0.32546969186558206 95
0.4086123482081714 0.19769205395913017 95
0.4086123482081714 0.19769205395913017 95
0.8635919512347677 0.07968342895549703 95
0.06339146326309714 0.4429795690516669 95
0.6972642140442549 0.9558629074179883 95
0.6972642140442549 0.9558629074179883 95
0.002682797199086411 0.5512276085769116 95
0.6888927494685496 1.0 95
0.6888927494685496 1.0 95
