0.0 0.5209976648351844 95
0.02664093114295411 0.4876385513261666 95
0.04960335399511895 0.4562377722449744 95
0.07985050168507123 0.430700987356683 95
0.10017363654930972 0.3977271737296928 95
0.14195016115777584 0.3652963222793119 95
0.18533617221924198 0.33308852995986377 95
0.2369924594995764 0.3002145224953255 95
0.3103063652155693 0.2670239774354774 95
0.36436775925234216 0.23092993532014258 95
0.4249996626293823 0.1965826566601677 95
0.4493118953318746 0.16671372608296586 95
0.5497920820043247 0.12831641543490102 95
1.0 0.0769558216408148 95
0.9284131180734361 0.0367669263595128 95
0.9739153993578694 0.0 95
0.7527014609899652 1.0 95
0.8074872860856275 0.9666280067479283 95
0.3138652146792293 0.8696802677149974 95
0.2319116275489888 0.8254891463485249 95
0.18141806433512556 0.7814118548896092 95
0.17801204519710753 0.7437999517858872 95
0.15866611937264916 0.7072847456640479 95
0.12644235419132852 0.6742161620477269 95
0.0762323634869121 0.6346583952555297 95
0.037698910239869834 0.6028144003909937 95
0.0007506123880896659 0.5679694952937613 95
0.8074872860856275 0.9666280067479283 95
0.14195016115777584 0.3652963222793119 95
0.4493118953318746 0.16671372608296586 95
1.0 0.0769558216408148 95
0.3103063652155693 0.2670239774354774 95
0.02664093114295411 0.4876385513261666 95
0.4493118953318746 0.16671372608296586 95
0.36436775925234216 0.23092993532014258 95
0.9284131180734361 0.0367669263595128 95
0.2319116275489888 0.8254891463485249 95
0.0007506123880896659 0.5679694952937613 95
0.3103063652155693 0.2670239774354774 95
0.0 0.5209976648351844 95
0.2369924594995764 0.3002145224953255 95
0.14195016115777584 0.3652963222793119 95
0.9739153993578694 0.0 95
0.3103063652155693 0.2670239774354774 95
0.0 0.5209976648351844 95
1.0 0.0769558216408148 95
0.15866611937264916 0.7072847456640479 95
0.4493118953318746 0.16671372608296586 95
0.037698910239869834 0.6028144003909937 95
0.18533617221924198 0.33308852995986377 95
0.18533617221924198 0.33308852995986377 95
0.36436775925234216 0.23092993532014258 95
0.3103063652155693 0.2670239774354774 95
0.4249996626293823 0.1965826566601677 95
0.2369924594995764 0.3002145224953255 95
0.04960335399511895 0.4562377722449744 95
0.9739153993578694 0.0 95
0.2319116275489888 0.8254891463485249 95
0.4249996626293823 0.1965826566601677 95
0.18533617221924198 0.33308852995986377 95
0.037698910239869834 0.6028144003909937 95
0.4249996626293823 0.1965826566601677 95
0.2319116275489888 0.8254891463485249 95
0.0 0.5209976648351844 95
0.15866611937264916 0.7072847456640479 95
0.9284131180734361 0.0367669263595128 95
0.5497920820043247 0.12831641543490102 95
0.07985050168507123 0.430700987356683 95
0.4493118953318746 0.16671372608296586 95
0.04960335399511895 0.4562377722449744 95
0.2319116275489888 0.8254891463485249 95
0.5497920820043247 0.12831641543490102 95
0.2369924594995764 0.3002145224953255 95
0.037698910239869834 0.6028144003909937 95
0.0007506123880896659 0.5679694952937613 95
0.36436775925234216 0.23092993532014258 95
0.18533617221924198 0.33308852995986377 95
1.0 0.0769558216408148 95
0.4249996626293823 0.1965826566601677 95
0.4493118953318746 0.16671372608296586 95
0.4249996626293823 0.1965826566601677 95
0.4249996626293823 0.1965826566601677 95
0.4249996626293823 0.1965826566601677 95
0.36436775925234216 0.23092993532014258 95
0.36436775925234216 0.23092993532014258 95
0.4493118953318746 0.16671372608296586 95
0.3103063652155693 0.2670239774354774 95
0.0 0.5209976648351844 95
0.4493118953318746 0.16671372608296586 95
0.4493118953318746 0.16671372608296586 95
0.5497920820043247 0.12831641543490102 95
0.3103063652155693 0.2670239774354774 95
0.18141806433512556 0.7814118548896092 95
0.2319116275489888 0.8254891463485249 95
0.0762323634869121 0.6346583952555297 95
0.0 0.5209976648351844 95
0.14195016115777584 0.3652963222793119 95
0.9284131180734361 0.0367669263595128 95
0.2319116275489888 0.8254891463485249 95
0.18533617221924198 0.33308852995986377 95
0.36436775925234216 0.23092993532014258 95
0.4493118953318746 0.16671372608296586 95
0.04960335399511895 0.4562377722449744 95
0.18533617221924198 0.33308852995986377 95
0.4249996626293823 0.1965826566601677 95
0.15866611937264916 0.7072847456640479 95
0.5497920820043247 0.12831641543490102 95
0.2369924594995764 0.3002145224953255 95
0.0007506123880896659 0.5679694952937613 95
0.2319116275489888 0.8254891463485249 95
0.14195016115777584 0.3652963222793119 95
0.14195016115777584 0.3652963222793119 95
1.0 0.0769558216408148 95
0.0 0.5209976648351844 95
0.2319116275489888 0.8254891463485249 95
0.4493118953318746 0.16671372608296586 95
0.0007506123880896659 0.5679694952937613 95
0.15866611937264916 0.7072847456640479 95
0.8074872860856275 0.9666280067479283 95
0.9739153993578694 0.0 95
0.4493118953318746 0.16671372608296586 95
0.0 0.5209976648351844 95
0.3138652146792293 0.8696802677149974 95
0.15866611937264916 0.7072847456640479 95
0.18533617221924198 0.33308852995986377 95
0.2369924594995764 0.3002145224953255 95
0.14195016115777584 0.3652963222793119 95
0.12644235419132852 0.6742161620477269 95
