0.0006569470458591872 0.5233160103104558 95
0.027366763113745977 0.4943742288176635 95
0.046427675419294476 0.4602569280211891 95
0.0707449671017753 0.4282904797020296 95
0.10073919289208999 0.40022352939023437 95
0.1396275418300148 0.36696045683961437 95
0.17137718060395196 0.33626481900504346 95
0.2224677908634712 0.3041577899217715 95
0.3027614771397145 0.266915889541302 95
0.35935049633903265 0.23459839272867955 95
0.4174232413952529 0.20104122515291686 95
0.4378416006933346 0.16395880954379255 95
0.5467732730839175 0.1274132699856328 95
1.0 0.07728009212079029 95
0.9409296955150583 0.04129974233544168 95
0.9891473786112049 0.0 95
0.7417812579530219 1.0 95
0.8091900855598623 0.9685222992764937 95
0.31472604642245106 0.8713243922090828 95
0.2310030573892363 0.8248431919158068 95
0.17800504119257743 0.7847611594321 95
0.1715631065403548 0.7497759517092042 95
0.15898996655739261 0.710877253296891 95
0.12187675648623082 0.675504775569911 95
0.06478623106594836 0.6390853650196588 95
0.03626756556576607 0.6024181977450199 95
0.0 0.565770655567397 95
0.0707449671017753 0.4282904797020296 95
0.35935049633903265 0.23459839272867955 95
0.2224677908634712 0.3041577899217715 95
0.0006569470458591872 0.5233160103104558 95
1.0 0.07728009212079029 95
1.0 0.07728009212079029 95
0.0707449671017753 0.4282904797020296 95
0.8091900855598623 0.9685222992764937 95
0.2224677908634712 0.3041577899217715 95
0.4174232413952529 0.20104122515291686 95
0.35935049633903265 0.23459839272867955 95
1.0 0.07728009212079029 95
0.1396275418300148 0.36696045683961437 95
0.5467732730839175 0.1274132699856328 95
0.0707449671017753 0.4282904797020296 95
0.0006569470458591872 0.5233160103104558 95
0.4378416006933346 0.16395880954379255 95
0.1396275418300148 0.36696045683961437 95
0.10073919289208999 0.40022352939023437 95
0.0 0.565770655567397 95
0.35935049633903265 0.23459839272867955 95
0.12187675648623082 0.675504775569911 95
0.8091900855598623 0.9685222992764937 95
0.2224677908634712 0.3041577899217715 95
0.0707449671017753 0.4282904797020296 95
0.8091900855598623 0.9685222992764937 95
1.0 0.07728009212079029 95
0.10073919289208999 0.40022352939023437 95
1.0 0.07728009212079029 95
0.03626756556576607 0.6024181977450199 95
0.4174232413952529 0.20104122515291686 95
0.0006569470458591872 0.5233160103104558 95
0.5467732730839175 0.1274132699856328 95
1.0 0.07728009212079029 95
0.9891473786112049 0.0 95
0.12187675648623082 0.675504775569911 95
0.3027614771397145 0.266915889541302 95
0.4174232413952529 0.20104122515291686 95
1.0 0.07728009212079029 95
0.1715631065403548 0.7497759517092042 95
0.03626756556576607 0.6024181977450199 95
0.0707449671017753 0.4282904797020296 95
0.4174232413952529 0.20104122515291686 95
0.2224677908634712 0.3041577899217715 95
0.2224677908634712 0.3041577899217715 95
0.06478623106594836 0.6390853650196588 95
0.2224677908634712 0.3041577899217715 95
0.0 0.565770655567397 95
0.2310030573892363 0.8248431919158068 95
0.0 0.565770655567397 95
0.9409296955150583 0.04129974233544168 95
0.7417812579530219 1.0 95
0.1396275418300148 0.36696045683961437 95
0.0707449671017753 0.4282904797020296 95
0.4378416006933346 0.16395880954379255 95
0.9891473786112049 0.0 95
0.7417812579530219 1.0 95
0.03626756556576607 0.6024181977450199 95
0.3027614771397145 0.266915889541302 95
0.8091900855598623 0.9685222992764937 95
0.12187675648623082 0.675504775569911 95
1.0 0.07728009212079029 95
0.06478623106594836 0.6390853650196588 95
0.35935049633903265 0.23459839272867955 95
0.8091900855598623 0.9685222992764937 95
0.3027614771397145 0.266915889541302 95
0.35935049633903265 0.23459839272867955 95
0.5467732730839175 0.1274132699856328 95
0.9891473786112049 0.0 95
1.0 0.07728009212079029 95
0.06478623106594836 0.6390853650196588 95
0.10073919289208999 0.40022352939023437 95
0.0 0.565770655567397 95
0.12187675648623082 0.675504775569911 95
0.0 0.565770655567397 95
0.2224677908634712 0.3041577899217715 95
0.0006569470458591872 0.5233160103104558 95
0.0707449671017753 0.4282904797020296 95
0.35935049633903265 0.23459839272867955 95
0.0707449671017753 0.4282904797020296 95
0.8091900855598623 0.9685222992764937 95
0.5467732730839175 0.1274132699856328 95
0.35935049633903265 0.23459839272867955 95
0.027366763113745977 0.4943742288176635 95
0.35935049633903265 0.23459839272867955 95
0.1396275418300148 0.36696045683961437 95
0.0707449671017753 0.4282904797020296 95
0.0006569470458591872 0.5233160103104558 95
0.2310030573892363 0.8248431919158068 95
1.0 0.07728009212079029 95
0.5467732730839175 0.1274132699856328 95
0.0006569470458591872 0.5233160103104558 95
1.0 0.07728009212079029 95
1.0 0.07728009212079029 95
0.027366763113745977 0.4943742288176635 95
0.12187675648623082 0.675504775569911 95
0.0 0.565770655567397 95
0.10073919289208999 0.40022352939023437 95
0.0707449671017753 0.4282904797020296 95
0.17800504119257743 0.7847611594321 95
0.10073919289208999 0.40022352939023437 95
