0.005909391403694262 0.5430581385887153 95
0.033646239528066606 0.5133991633745159 95
0.05094562315810105 0.4839757966869061 95
0.06899142701600255 0.44874832272851434 95
0.0867303605570867 0.4226076504987108 95
0.12843657761697055 0.3935082621861267 95
0.15585036062600882 0.3595872502727377 95
0.19701190618626904 0.33274750069690623 95
0.25893333847168426 0.29987005986633397 95
0.3213300275222078 0.2637709808180851 95
0.3778218920409756 0.23599149057455973 95
0.41373859365069776 0.20122839612338636 95
0.8821573359221124 0.0798481030643878 95
0.8703388848644502 0.04343688119382204 95
1.0 0.0 95
0.6982796382506378 1.0 95
0.7189038454556368 0.9623032365488381 95
0.3199710846604611 0.874630761253758 95
0.25358520092765074 0.8341229984257955 95
0.19066766385098138 0.7917745449862574 95
0.17582143241485612 0.7537122336644707 95
0.16878978813919499 0.7216203435647893 95
0.14443333818954074 0.6853804998130013 95
0.09638883056574224 0.6499696746241764 95
0.058764505123321154 0.6161040829397687 95
0.02188941463403142 0.5834318790557932 95
0.0 0.5517251114891157 95
0.05094562315810105 0.4839757966869061 95
0.3213300275222078 0.2637709808180851 95
0.12843657761697055 0.3935082621861267 95
0.05094562315810105 0.4839757966869061 95
0.005909391403694262 0.5430581385887153 95
0.8821573359221124 0.0798481030643878 95
0.3213300275222078 0.2637709808180851 95
0.05094562315810105 0.4839757966869061 95
0.17582143241485612 0.7537122336644707 95
0.05094562315810105 0.4839757966869061 95
0.3213300275222078 0.2637709808180851 95
0.02188941463403142 0.5834318790557932 95
0.005909391403694262 0.5430581385887153 95
0.12843657761697055 0.3935082621861267 95
0.05094562315810105 0.4839757966869061 95
0.005909391403694262 0.5430581385887153 95
0.02188941463403142 0.5834318790557932 95
0.15585036062600882 0.3595872502727377 95
0.17582143241485612 0.7537122336644707 95
0.14443333818954074 0.6853804998130013 95
0.25358520092765074 0.8341229984257955 95
0.12843657761697055 0.3935082621861267 95
0.3213300275222078 0.2637709808180851 95
0.058764505123321154 0.6161040829397687 95
1.0 0.0 95
0.3213300275222078 0.2637709808180851 95
0.19701190618626904 0.33274750069690623 95
0.05094562315810105 0.4839757966869061 95
0.12843657761697055 0.3935082621861267 95
0.12843657761697055 0.3935082621861267 95
0.15585036062600882 0.3595872502727377 95
0.19066766385098138 0.7917745449862574 95
0.005909391403694262 0.5430581385887153 95
0.8703388848644502 0.04343688119382204 95
0.8703388848644502 0.04343688119382204 95
0.16878978813919499 0.7216203435647893 95
0.19066766385098138 0.7917745449862574 95
0.3213300275222078 0.2637709808180851 95
0.8703388848644502 0.04343688119382204 95
0.17582143241485612 0.7537122336644707 95
0.09638883056574224 0.6499696746241764 95
0.005909391403694262 0.5430581385887153 95
0.25358520092765074 0.8341229984257955 95
1.0 0.0 95
0.12843657761697055 0.3935082621861267 95
0.16878978813919499 0.7216203435647893 95
0.15585036062600882 0.3595872502727377 95
0.15585036062600882 0.3595872502727377 95
0.41373859365069776 0.20122839612338636 95
0.8821573359221124 0.0798481030643878 95
0.05094562315810105 0.4839757966869061 95
0.41373859365069776 0.20122839612338636 95
0.3213300275222078 0.2637709808180851 95
0.3213300275222078 0.2637709808180851 95
0.02188941463403142 0.5834318790557932 95
0.005909391403694262 0.5430581385887153 95
0.05094562315810105 0.4839757966869061 95
0.3778218920409756 0.23599149057455973 95
0.06899142701600255 0.44874832272851434 95
0.09638883056574224 0.6499696746241764 95
0.02188941463403142 0.5834318790557932 95
0.005909391403694262 0.5430581385887153 95
0.19066766385098138 0.7917745449862574 95
0.12843657761697055 0.3935082621861267 95
0.19701190618626904 0.33274750069690623 95
0.033646239528066606 0.5133991633745159 95
0.0867303605570867 0.4226076504987108 95
0.14443333818954074 0.6853804998130013 95
0.15585036062600882 0.3595872502727377 95
0.3213300275222078 0.2637709808180851 95
0.05094562315810105 0.4839757966869061 95
0.16878978813919499 0.7216203435647893 95
0.05094562315810105 0.4839757966869061 95
0.3199710846604611 0.874630761253758 95
0.005909391403694262 0.5430581385887153 95
0.17582143241485612 0.7537122336644707 95
0.05094562315810105 0.4839757966869061 95
0.25358520092765074 0.8341229984257955 95
0.02188941463403142 0.5834318790557932 95
0.17582143241485612 0.7537122336644707 95
0.02188941463403142 0.5834318790557932 95
0.15585036062600882 0.3595872502727377 95
0.17582143241485612 0.7537122336644707 95
0.12843657761697055 0.3935082621861267 95
0.005909391403694262 0.5430581385887153 95
0.6982796382506378 1.0 95
0.15585036062600882 0.3595872502727377 95
0.19701190618626904 0.33274750069690623 95
0.12843657761697055 0.3935082621861267 95
0.25358520092765074 0.8341229984257955 95
0.14443333818954074 0.6853804998130013 95
0.25893333847168426 0.29987005986633397 95
0.15585036062600882 0.3595872502727377 95
0.3213300275222078 0.2637709808180851 95
0.05094562315810105 0.4839757966869061 95
0.3213300275222078 0.2637709808180851 95
0.05094562315810105 0.4839757966869061 95
0.005909391403694262 0.5430581385887153 95
0.05094562315810105 0.4839757966869061 95
0.005909391403694262 0.5430581385887153 95
0.25358520092765074 0.8341229984257955 95
