303.31586959300125 31.045775592042304 95
304.6819836661492 23.86271134215253 95
299.4528167837471 16.038951881034084 95
293.9226950360586 8.724958015915751 95
295.0455370981334 1.636510767650353 95
227.92999475390715 48.25073231511395 95
302.3502096932963 -5.532504088278044 95
306.2359322488783 -12.823590650501071 95
304.2793245952117 13.63586289816629 40
304.23941568351296 6.170869540376129 40
309.62299140775156 -1.1331321901624174 40
304.005853144689 -8.651000859783855 40
304.91506756037273 -16.07345166558427 40
