303.74634758824084 29.473977521216135 95
303.1118651751786 22.051950894933697 95
297.90472966270124 14.466763562244827 95
293.3890556654103 7.162198273203524 95
295.54995529650233 0.16392458773128146 95
228.26492896798806 47.98849251184589 95
302.84227664366387 -7.137109768382163 95
307.2391548447132 -14.485883019657155 95
303.98953484151326 13.966460181812199 40
304.505648718734 6.60511536676678 40
309.4238122270628 -0.8710954770361882 40
303.63795955427236 -8.384081740573333 40
304.9324136121951 -15.729923121149303 40
