302.627741362869 29.875213287602936 95
304.04158536713976 22.71154197241723 95
298.9960465970408 15.183684611114876 95
293.0478314414624 7.804657137992395 95
295.0492859342144 0.6546070332939976 95
120.13644598161432 47.29292243127425 95
227.769954287176 48.28378616208548 95
303.6569384111616 -6.482283212604483 95
307.3699174682798 -13.809065350705598 95
304.3586698603609 11.664360617909107 40
306.495575703453 4.315806429839741 40
306.9579802526565 -3.28471903769345 40
303.9454153228514 -10.620349465171047 40
