326.38405835923504 17.908435832184267 95
313.59839160524433 9.752501351131166 95
313.2888044357271 2.6485874032643624 95
315.9144613940208 -4.738732122176322 95
314.0709593911615 -11.996769028174729 95
314.911528902099 -19.260814223247863 95
323.640033280331 -27.425697043215518 95
318.04267412738403 22.67553602238771 40
316.43101205918055 15.285764855012241 40
316.2232719016107 8.021716327567999 40
323.8240246511716 0.7947853278762047 40
314.1325188289624 -6.511575398593516 40
314.82880763908787 -13.659703713851126 40
317.98699667154096 -20.92906048568343 40
