328.5277010214904 20.633232575973732 95
315.9028632152571 12.498140357770462 95
317.5074920931814 5.19566787798901 95
315.5932403731992 -2.0655824224935975 95
315.1831347595083 -9.45765236037243 95
316.14784801182174 -16.914437545897727 95
325.4239864308703 -24.897182178727427 95
322.7360725406967 19.91607343344011 40
314.3424728271458 12.092989783965267 40
317.58796203789626 4.850463237235831 40
316.1414299462867 -2.327825491120227 40
312.9815517250901 -9.47701982454001 40
318.0201702323592 -17.01460990975896 40
