326.8124478307931 19.18370579020506 95
315.75451304504736 11.112605080943968 95
316.22511685365214 3.9671111522204923 95
316.68020406387075 -3.5409538355074224 95
315.14472928508746 -10.660920637023718 95
315.7315400473454 -18.101301592193476 95
323.68186018745666 -26.0072876438079 95
316.78249317472626 22.064780035262654 40
314.88630756114446 14.608693833069248 40
315.1383113098584 7.392250656651804 40
318.84995257457916 0.17390568883287796 40
313.2216687975585 -7.005440433874533 40
313.1499684044576 -14.271401938394401 40
318.3088001355173 -21.73500071974522 40
