327.9566589461665 20.148460930498743 95
315.92289035695444 11.981229006564222 95
316.3906904318661 4.659574341831208 95
316.3136963393916 -2.6741602628068404 95
315.0645571662577 -10.056114688581449 95
316.21959693872736 -17.43721628898394 95
325.015867709367 -25.311770722871863 95
317.23741950715487 22.009535761607033 40
314.4118179232936 14.586680574060946 40
314.76138920719995 7.4692947694934535 40
318.84989329280637 0.26085851717439706 40
312.84676255498243 -6.9970553711148 40
315.3554788642774 -14.199562503200118 40
316.2444976576773 -21.507401661830976 40
