325.8243436713909 15.650465523662437 95
313.93042154107553 7.706559286908148 95
313.47481349621836 0.34194811175316475 95
315.8729210961502 -6.978554161520817 95
314.2527217445439 -14.23578242128868 95
314.9357644424195 -21.590968020653087 95
327.910051682709 -29.950352759910608 95
317.85934764590235 24.144062191797797 40
316.54059677883106 16.58918973010697 40
316.66005061892383 9.415537266698585 40
317.99318896919306 2.081290273618597 40
314.3593049128388 -5.058400410884459 40
315.36339484510154 -12.218395630056504 40
317.7597756402802 -19.782962620365716 40
