326.11365069148326 19.142686793478937 95
315.6734529489626 11.28214200757414 95
316.1251247218407 3.9658567297216165 95
317.25796414436974 -3.2878278497830804 95
314.3922459679667 -10.721301237141315 95
315.6366270538456 -18.00950199399186 95
322.2186466369237 -25.801284066287828 95
316.82692407292996 22.502017853647253 40
314.8578465162727 15.209770285420896 40
315.0258253848703 7.905375739406997 40
322.3742328046738 0.7033125890992611 40
312.85420902684626 -6.6557883970551375 40
315.09604557899877 -13.84348440521786 40
315.8245256879807 -21.046249047324626 40
