326.20845941017643 17.452697047713716 95
314.05864089887416 9.423909844220093 95
313.8421108211636 2.2253034212169363 95
315.28555698281673 -4.987302180038055 95
315.4282345262575 -12.479362509692015 95
314.7797885689316 -19.76979282892758 95
323.55029806054097 -27.59583754726624 95
317.88549561465766 23.797317134993946 40
316.1046604340953 16.30703151543242 40
315.1957376283621 9.027879369636262 40
316.59575006847894 1.6404385319850707 40
313.5272410086654 -5.47263834857123 40
313.9406514920637 -12.763516002206723 40
317.66863316822855 -20.038201042744312 40
