325.8848093215919 17.881042431293306 95
313.59572036203156 9.838021682153528 95
313.6630562171539 2.737296022455203 95
314.6421321564465 -4.547999235407191 95
313.45289843789595 -11.80195263005555 95
313.98300536556445 -19.289970622267404 95
323.38091302952506 -27.226103525674297 95
315.33409608419623 19.71827443674755 40
315.25337132504706 12.472444355137238 40
317.8795574698248 5.375180721460675 40
317.5442849377189 -1.905151803085112 40
312.8892437188452 -9.218014430944155 40
316.74483776200543 -16.513278781661413 40
