326.0869578170083 21.194257869731356 95
318.01934095779086 13.363711190098263 95
315.0708182497573 5.843381934156197 95
313.29663316175873 -1.4524632547430998 95
314.27837589157156 -8.7442808141115 95
314.9194392042469 -15.98757130656978 95
323.7454144993198 -23.88089645854201 95
320.72803883637437 17.86129136353647 40
314.68422299202797 10.215786798069573 40
316.03560361747293 3.0165785485467547 40
317.14782684828566 -4.151692475344375 40
315.01768004016225 -11.430743069195234 40
313.3006113948653 -18.562041902862013 40
