324.8770997459423 16.581919691792283 95
314.18078676761087 8.655820358869851 95
312.92271933973404 1.1947158766928592 95
314.7942616823463 -5.9241296294457575 95
313.02374967664434 -13.1537879857293 95
315.47872568240314 -20.591166596553656 95
325.80695004091183 -28.773024346404718 95
318.2723965745009 23.651724645861616 40
317.03730499338883 16.1817719217941 40
316.3001807768777 8.886859147893196 40
319.1452530073964 1.7406845908851618 40
315.17547770230436 -5.587385804135932 40
315.2395784396757 -12.816324948110676 40
318.30634504757285 -20.25273320950757 40
