324.7402918495646 17.285336255324324 95
314.1611550174487 9.34123536276481 95
313.2927187905919 2.135966478932029 95
315.18280332254164 -5.157626851958284 95
313.50134519017263 -12.488757502338306 95
314.22547644680105 -19.821010362261696 95
324.1080919265315 -27.821479970393902 95
316.68848851663245 19.28281271108477 40
316.1010220717859 11.901658295058642 40
319.1141014524505 4.786726877013941 40
318.08935443912526 -2.602420508012249 40
315.5197737857667 -9.898382452633516 40
319.43846246504535 -17.177854870961294 40
