325.9087650850551 19.219845622021822 95
313.5528531948826 11.12073528811894 95
314.27633378804313 3.856944483203054 95
315.1062516381722 -3.4374123321077477 95
313.8425654934141 -10.702556213917768 95
314.60838437128757 -18.03690961024567 95
321.2646502068436 -25.813068927859717 95
315.3956732430193 20.326627845823243 40
315.87484473164625 13.187303202640772 40
318.8951605894806 5.914309140497552 40
317.9223400627952 -1.3005052850366026 40
314.285424611544 -8.48715952138869 40
319.7720077170986 -16.0590692624398 40
