327.2579762671364 20.105536415086473 95
314.72048571506946 12.0215794000116 95
314.6396048082402 4.719609212045944 95
314.56375887446177 -2.659366046540802 95
314.5202655136965 -9.867026208227932 95
315.30543592470366 -17.2143167547419 95
324.324856709982 -25.168975347630806 95
316.89889999966715 24.24495419671841 40
317.9249397835336 16.92256743631246 40
316.28003993488744 9.57689739874029 40
317.34139741722 2.336661140613519 40
314.53699594277185 -4.889663413437982 40
315.5448845107987 -12.053069487342782 40
318.3497721095026 -19.558248843589304 40
