325.72937310440074 17.51614960583787 95
313.98367464149857 9.421660343143902 95
313.84327785528694 2.054128781052457 95
315.28278993633256 -5.159263025121952 95
314.6004734123533 -12.532542787605818 95
315.90257633728936 -19.84030968667189 95
324.50662631562034 -27.855690213209936 95
321.9253787297541 21.98195065740054 40
315.9260057274481 14.31158289988961 40
318.1223721879886 7.028251097311687 40
316.7998939788649 -0.2591813650127245 40
315.1342325894261 -7.564130833973776 40
317.47948543164296 -14.815767110049572 40
