326.1180697752441 17.269487284485947 95
314.3386148661731 9.260714282153987 95
313.9432757134534 2.0547832748488233 95
316.2797861654237 -5.348129406986603 95
313.2231486922866 -12.563230010220177 95
314.5943091338728 -19.930411074066956 95
324.7979115715856 -27.9699238242875 95
321.62607567367934 21.961513421180868 40
315.35159480794374 14.285561840070212 40
317.6455624599562 7.104384174443462 40
316.42495293527116 -0.17258305659572026 40
314.1115721419795 -7.453874596075605 40
317.75418647307674 -14.828586541986141 40
319.8122834038708 -22.100543183419838 40
