325.70282256994807 16.08979086156598 95
313.9218282159081 8.048999601309959 95
313.2990563520792 0.7689531173411694 95
315.53399008507716 -6.4545411138529705 95
314.1007608653361 -13.713935387661227 95
315.16446189325313 -21.174928206164147 95
326.1498113864032 -29.430870826627274 95
315.6988183656786 22.854577386472577 40
315.7691834792653 15.512745238613132 40
316.49375741683053 8.201311857041137 40
323.4479673706288 1.1466925519193354 40
315.2642181050071 -6.190994075148191 40
316.40976765193807 -13.555402408138042 40
317.31345396265795 -20.88472969152687 40
