326.01382252872475 19.136826936803768 95
314.93002349523834 11.083588150441555 95
315.75122272325586 3.875045002175611 95
315.6542938758497 -3.615575021860561 95
314.3893104960535 -10.807038022329065 95
315.2523780892544 -18.160086290263102 95
322.76342511585483 -26.199275419026208 95
316.4017616503178 20.651412774323088 40
314.665035933862 13.394687780659876 40
316.5406557245884 6.129704189241353 40
317.07300743250005 -1.124091948990629 40
313.5675114117079 -8.21105426047223 40
318.4616527949339 -15.732075486691889 40
