327.84581243415704 20.321144022606624 95
313.792879375489 12.071846513263395 95
314.26464698889293 4.713984826714103 95
313.7395000165846 -2.5668325507344014 95
314.2480775161397 -9.77270573640017 95
315.2008799160276 -17.294823652236246 95
324.4245569426011 -25.17671250574548 95
316.83304876516183 22.415615877610716 40
316.53089558571435 15.290589907050256 40
316.22544772667703 7.935479510568522 40
323.0492311982935 0.704785209490317 40
314.6806101381913 -6.60878983291672 40
316.02392869188117 -13.797902708340157 40
318.3439378271866 -21.214140300289085 40
