324.6041623282218 16.035516804688562 95
314.4694369532516 8.148855582530377 95
313.1235911408419 0.9393061603620863 95
315.0590894346006 -6.444826579541112 95
313.5512843434661 -13.689944724610353 95
314.7960614337649 -21.063943263057674 95
325.65183472957995 -29.385934769177595 95
315.85292945317934 20.615590722677037 40
315.59285082934343 13.347963530358495 40
317.39216070183477 6.059606012000973 40
317.44768636062497 -1.2119918672467966 40
313.9105612711199 -8.47703647806778 40
317.80815114052064 -15.786673767580348 40
