326.03252862849797 14.947605196407139 95
316.6188757868057 7.167809672367879 95
313.9499883258498 -0.08561658000791439 95
316.1650401512014 -7.3300672704426715 95
315.53160531965773 -14.724865683589048 95
321.3214959898577 -22.380934181571895 95
320.5051637339406 22.93895474689112 40
316.9761838855667 15.398745057420555 40
317.345702944479 8.136788228441578 40
323.2487980039072 0.8815265334509356 40
315.7107029221079 -6.372023652540937 40
316.6095843665904 -13.56396281382734 40
319.5777942962047 -21.12129299481197 40
