328.4819044890634 21.349919162324728 95
315.7820750794799 13.01090152517143 95
316.0972289785198 5.776186640096848 95
316.14660253459954 -1.4656758952619477 95
315.00069358398855 -8.85034838897059 95
315.36008121005034 -16.182391794492343 95
326.07587927290433 -24.231623581640743 95
320.30567401870906 22.924677018891735 40
317.8209602228284 15.526662327730511 40
317.62061259421824 8.143836950327314 40
324.7232612280659 1.0626581808283568 40
315.435758916713 -6.366474427602926 40
317.4301078840741 -13.685840628366785 40
319.5777942962047 -21.12129299481197 40
