326.29752715168604 19.421364516806964 95
315.2924991757353 11.440715166410705 95
315.84793822243944 4.134676001099548 95
317.5355352910252 -3.030895485176148 95
314.77854990189996 -10.390718053006704 95
316.4700886180109 -17.883893175378244 95
324.58230224892316 -25.72331756964262 95
324.2328535052801 22.317184137421844 40
317.9660018765252 14.57777934589483 40
318.2164895140555 7.290802517624236 40
318.9499881399261 -0.08698011834895517 40
315.86311193068366 -7.409252422774434 40
319.9349174356344 -14.75548136977579 40
