327.6542436337731 21.74482130945359 95
318.47913334092607 13.731068837226218 95
316.1856062041536 6.381608677434615 95
315.5983100887754 -1.0327967414577122 95
315.2873703375857 -8.428173325822293 95
316.0353369724677 -15.698611712466189 95
326.00888185687603 -23.779709321803054 95
321.4331680962619 23.622202429076108 40
318.1740215771834 15.978817803643603 40
318.6540894108977 8.779061835503429 40
325.69649990675015 1.509949831051454 40
316.54395187749986 -5.957057140487941 40
317.82675422798934 -13.181968627684686 40
321.0339758971027 -20.69000530929047 40
