327.55741170100646 20.123932635977646 95
315.5448845107987 12.053069487342782 95
317.0406199531768 4.6691460359816155 95
317.0636695386472 -2.6805006412068515 95
314.9673378621112 -9.967030904672496 95
315.7797295897001 -17.240211143019366 95
323.651880139803 -25.11674953035577 95
318.9544963773378 24.57720978221065 40
319.23875101617693 17.16711535556794 40
318.14348299995106 9.980692594196878 40
320.6392691006146 2.6232824140064204 40
316.4919389237125 -4.574737293991428 40
317.8747652605235 -11.96844227822053 40
319.89840079951875 -19.215587186199876 40
