326.29752715168604 19.421364516806964 95
315.57042926751706 11.364629202706839 95
315.29798534227376 4.12747672353464 95
316.7838731432632 -3.196516283853346 95
314.67000084170235 -10.644861214831748 95
315.9160843561091 -17.939015304741893 95
322.7918120563088 -25.84717962185842 95
319.94816171733606 24.039474072811558 40
317.1148087613149 16.619282904947376 40
316.9400218309924 9.250847894655077 40
321.11922059715 1.9266001346770636 40
315.1813850780337 -5.243579435103618 40
317.3051804582416 -12.466954494292251 40
317.4799049355367 -19.85245481351288 40
