326.649792189991 16.672398964626833 95
314.9257231690142 8.848241999032329 95
313.29663316175873 1.4524632547430998 95
315.5457365795268 -5.852189887884503 95
314.4011284704437 -13.125777748825325 95
316.8813815462963 -20.595934776323347 95
327.01016096753744 -28.78941209863853 95
320.1185762447231 23.086785030649047 40
316.9719727426605 15.485186328426781 40
317.7160893103565 8.319688595949724 40
323.1485460348521 0.9693789563941427 40
315.53916509613964 -6.196393340576284 40
317.15908033188424 -13.587503929471282 40
319.3839741418168 -21.021005836526736 40
