328.14523778990787 20.339703557446814 95
316.1877763430331 12.25033535247424 95
316.48540687857314 5.006281844242009 95
315.940119546389 -2.498671849891168 95
315.1779295305865 -9.629556677888257 95
316.1339041186235 -17.17307970973692 95
324.23200608433433 -25.072818559711344 95
322.27530934524015 22.359058263481373 40
317.47948543164296 14.815767110049572 40
318.2083471590589 7.637918453339492 40
319.04989322587386 0.26102214178543715 40
314.8750504288174 -6.870598041633971 40
318.3563396052798 -14.247689571567557 40
