326.09902697767427 15.663659509006061 95
315.7755893484995 7.9241905963815125 95
314.02457963028553 0.5138219754400761 95
317.20322495483794 -6.748311140610673 95
315.6340644803896 -14.125857127596205 95
316.3442671971229 -21.514186866235725 95
326.9304341443868 -29.68108581508999 95
320.51762732069017 22.76414289436685 40
318.2039446551561 15.371409528679303 40
318.947395559026 8.090819866625878 40
320.2740353436393 0.786072325731097 40
315.7089534826212 -6.45812015280997 40
319.12853005231057 -13.759067252233901 40
319.5720224737166 -21.208443532197286 40
