327.21698625078864 19.117911338616672 95
315.5796213223606 11.106449974472984 95
315.0273199285875 3.7802379040734424 95
317.80513374360504 -3.5535322158830205 95
314.7611267583754 -10.905759111494202 95
315.6267574472893 -18.181652381178402 95
323.7352288354192 -26.27815843773576 95
321.3334370481401 23.614873169868105 40
317.97427330969396 15.968786371294872 40
318.4541652704157 8.773553836546714 40
324.62108897229575 1.5934928430452582 40
315.2739260622597 -5.675136147158612 40
317.4556551325035 -13.079856627386576 40
319.7229096946106 -20.430409722074977 40
