324.54527345006306 17.186200313734254 95
312.61436298400713 9.209916183301056 95
312.1188602937216 1.9577216217618993 95
314.90642312737475 -5.239004974496673 95
312.2239521098087 -12.523152715346887 95
313.94560963054334 -19.88931418391482 95
324.0928694563966 -27.9982493652563 95
319.603788252585 17.361571345843764 40
313.69297576524747 9.926704163208866 40
315.6629800632823 2.7547490934462977 40
314.717124322687 -4.549083210754821 40
312.91282167422696 -11.525261683512053 40
312.74142136011056 -18.700089990633607 40
