326.48562656454123 15.949961497098283 95
316.04613005480246 8.103466997705215 95
313.67383360827716 0.8554148039726496 95
317.55314577663034 -6.755755499287687 95
315.0922586375484 -13.92941300587702 95
316.56710108208483 -21.182448807564587 95
327.3368877550966 -29.627985753461154 95
322.63082082149714 19.99789879079824 40
316.28434779554243 12.340460467435644 40
320.2349378028118 5.0655932948903954 40
319.8925654041185 -2.180962900133264 40
317.4097192993664 -9.437827837879528 40
318.40387827554645 -16.86098452318207 40
