327.8732163158503 19.87409489007362 95
315.1831025159591 11.694951407100206 95
316.5705687314216 4.3168290520098695 95
315.7614263308898 -2.927843315831452 95
315.23113089004573 -10.319598721988225 95
316.30988467075537 -17.615245089792037 95
324.39690039675986 -25.530589749840864 95
321.01121560585875 21.04018667333687 40
317.53373667185735 13.603554690137884 40
320.1132832213451 6.286217483583188 40
319.6238114833684 -0.8716408917509654 40
316.0439084249241 -8.189654907149999 40
320.9422377234454 -15.679147619290415 40
