326.7631970792277 16.410169394671037 95
315.11243283026454 8.423496945570008 95
314.02331852226774 1.0276425752071412 95
317.38709697950287 -6.31926980937101 95
314.11187543343647 -13.456957742717279 95
316.0048693073953 -20.9717088959385 95
326.58014173769436 -29.110593391194165 95
320.836590294292 21.028741125721847 40
317.2626834761005 13.505264660259233 40
319.46168581627234 6.360575479097456 40
318.673566169446 -0.9559549402079041 40
316.59147481975896 -8.290239529104122 40
321.92035313161534 -15.638933455196678 40
