327.57376593181874 19.85594365035361 95
315.46425064801633 11.533091003088568 95
316.5717341923148 4.2304976622596495 95
316.58474271652324 -3.108163302139374 95
314.881318284429 -10.308147043000025 95
315.76073556542417 -17.5846630670666 95
322.2396474261806 -25.537660947134363 95
320.9478014165566 20.860234679373743 40
316.6205753990698 13.304932692875079 40
320.01996715998746 5.93517008353856 40
319.5226712376081 -1.219914006558406 40
316.684549990258 -8.55194699865311 40
322.8475468172269 -16.125260124986983 40
