327.46231601544065 16.445279407893796 95
315.76220071460006 8.440866357941589 95
314.02358709142635 0.9420059624862439 95
317.38709697950287 -6.31926980937101 95
314.657683462394 -13.566308933525345 95
316.47882672110234 -21.003163148308623 95
326.3729856097956 -29.18184177100785 95
322.64167999497323 19.82192800968925 40
316.469210433283 12.088376554956634 40
319.96134054418496 4.973988054678946 40
320.0649905485376 -2.5312941679147545 40
316.00254474302676 -9.654750951285704 40
315.21955810769987 -16.950982608286314 40
