327.27148310801414 16.256751498402757 95
315.4895870712329 8.347481633580431 95
314.19905364131284 0.7711620474486647 95
317.93348810853786 -6.503625076695724 95
315.4781966909416 -13.687879223297069 95
316.47308722876636 -21.089468577791003 95
326.86301645254605 -29.31550955625072 95
320.2994103724594 23.012025987618408 40
316.693069276255 15.55813283736622 40
317.9932540565186 8.240168356680716 40
320.27355897048506 0.9607545884528841 40
314.88929038982633 -6.183631440475229 40
318.386665585723 -13.55311042547047 40
319.6890525325676 -20.95352752710757 40
