328.67175067326764 19.92249819599384 95
315.9325867483211 11.722761215454568 95
317.24309931169466 4.499062581273956 95
317.7113425096412 -2.9459235769855896 95
315.05622458723735 -10.313872882493726 95
316.9588790679649 -17.651387480285397 95
324.39690039675986 -25.530589749840864 95
322.68651220394725 22.21074833615075 40
316.27172819794646 14.413672074952672 40
317.64361322817444 7.191008298557423 40
317.175 -0.0 40
314.8673684337159 -7.214069283462393 40
314.9941235994826 -14.441527716758731 40
