327.70662651882253 20.9405721185683 95
315.14660211355675 12.640378802849618 95
316.00482547247975 5.343479962310802 95
315.66879046286124 -1.9799880591081223 95
315.1907668023581 -9.199790624874794 95
316.5315016979499 -16.761833367525906 95
325.276446893706 -24.52902558615115 95
316.1985086775714 19.5126397517046 40
313.78957562177754 12.157419796352615 40
317.68525677432956 5.025261508450132 40
316.7926374492802 -2.1598282174520063 40
313.4339220874108 -9.405164001913644 40
317.3848839501252 -16.720229213906606 40
