326.5336760780393 18.80994449651775 95
315.3167085842597 10.752826958016534 95
315.3062397391722 3.4395939504045265 95
315.9251404582178 -3.9633478847232846 95
314.20244476325445 -11.143774261624706 95
316.0508921844811 -18.638496435966267 95
322.73465411543197 -26.55134004137046 95
316.49417979050554 17.45235754089243 40
314.4121395860335 10.121121772441512 40
315.8606115888918 3.0149082392746767 40
314.27078254038474 -4.285468638807943 40
313.7466115700641 -11.298948106055354 40
313.64491940668375 -18.66827604185336 40
