326.776513260726 16.14283141715101 95
315.2169459979176 8.25424622518067 95
313.19905665327553 0.7687076806519372 95
315.8839168801652 -6.4616991917673685 95
314.0008560431779 -13.709573448924868 95
315.9933840129108 -21.144059687512403 95
325.9586297263842 -29.32400606837321 95
320.0086570299098 19.04704835174153 40
315.0176800401622 11.430743069196863 40
316.495575703453 4.315806429839741 40
317.3347065732427 -3.1155262916440485 40
313.78746315834127 -10.10101305080877 40
316.4192935582024 -17.448228108554165 40
