328.10581236003316 20.966080238392934 95
315.0682043451836 12.723295001753396 95
315.1784782694915 5.415483425112944 95
314.9443317308599 -1.8895530164761496 95
314.61349560101115 -9.268812529797062 95
315.6168644591831 -16.540778970582263 95
325.1834051301957 -24.432826851001188 95
323.92995295633165 21.23149082633579 40
314.01925766731347 13.281408587548151 40
317.2921789218059 6.0576971740706025 40
316.0476965641063 -1.2066468093876597 40
313.0881559598346 -8.369384545489556 40
314.4665246432019 -15.534715279865178 40
