324.57748975539886 16.566627420327723 95
313.178801421213 8.713686956302894 95
312.02202974688714 1.361461579576122 95
315.1708010560245 -5.845236240204723 95
313.3020858349706 -13.079894359539352 95
314.7303181408507 -20.542318344308377 95
326.0140139536999 -28.701713028960626 95
320.9526437975111 21.915529639686746 40
316.1968059629027 14.410257591675554 40
317.09375411329364 7.178560255236474 40
319.5249881185449 -0.08713692530927622 40
313.11386819651887 -7.344762965067614 40
317.4875189570854 -14.64260671719218 40
