325.4942475103921 16.257454832894844 95
314.6443782278819 8.153388840821082 95
313.47383435197156 0.8548693892597523 95
315.53746355876865 -6.282443067688299 95
314.92871364706536 -13.664038407611628 95
315.8302534181349 -20.960120487170627 95
325.86701426940425 -29.226180662958246 95
318.4774511891387 21.833774503501907 40
313.97411298993865 14.308961254445867 40
316.6188757868057 7.167809672367879 40
316.04998824776186 -0.08618926611602577 40
313.38879256993533 -7.351211910838366 40
315.5435464742299 -14.466717093573985 40
317.9227833562927 -21.88285739997793 40
