327.1307329704072 17.054740433208327 95
314.54600408532417 9.00926961275025 95
313.7462199924768 1.5401105260082084 95
315.1739422594968 -5.673336373544871 95
314.0335586061716 -12.938858881068464 95
315.1212425828648 -20.30894133211438 95
324.8668297262398 -28.332895080141753 95
317.21930683230255 22.26906762380262 40
315.89403087400615 15.000791918177146 40
315.68199608533445 7.6634178131478645 40
319.524572267708 0.5228213253761302 40
312.4006394117946 -6.816606201174013 40
314.63889277230226 -13.99534404792168 40
319.54869752401015 -21.55702984431493 40
