328.4165985509689 20.806090964227927 95
314.5039576055739 12.442795121329588 95
315.0813989141577 5.241915994883391 95
314.6688101335261 -1.973715823243144 95
314.436033533611 -9.349408572196007 95
314.30506414406653 -16.729888026947904 95
324.77117144027886 -24.579995958278815 95
318.7133390837574 19.755078209966644 40
314.4323969790495 12.354082523985506 40
317.78386159008585 5.113505440804875 40
317.06702975504356 -2.2481697699017174 40
312.98667408475546 -9.306313467914162 40
319.1823913554905 -16.814924132761416 40
