326.4768786493461 16.128029401639544 95
315.4918517622859 8.261444885964526 95
312.7490580086588 0.7676032155913184 95
316.3588175306418 -6.4714137260805105 95
313.8260226044011 -13.701940056136143 95
314.9649117788767 -21.16152104940509 95
325.054262741392 -29.332011500238075 95
319.40720101276753 23.5608906068835 40
315.6435067327431 16.024330171859155 40
315.9277375971094 8.790171600827387 40
318.77072087201316 1.6517081270800105 40
313.24925405631006 -5.638690731483156 40
314.41176175273284 -12.868554563071607 40
316.7983307882558 -20.33027569352861 40
