326.7966438280175 19.451072148955014 95
315.39243340685283 11.444341383578811 95
316.2229060952797 4.139584599437136 95
316.7829896491572 -3.2829055639774367 95
314.12320145969795 -10.540602672998853 95
314.7180143514403 -17.870983959666425 95
322.5317269704734 -25.649319629261157 95
324.40393594487 21.262557312719444 40
313.9229561072507 13.191574162515773 40
317.9403933051772 6.156809640489463 40
315.6730162304012 -1.1191286793249349 40
313.29260564733966 -8.20385559968849 40
318.83619605915874 -15.75057800608236 40
