327.37413234246435 19.84384282387402 95
314.2650517859664 11.489249364682816 95
315.29329537612523 4.471410947727331 95
314.6622575780799 -2.8318334813518096 95
314.02895818122545 -10.365974320542573 95
315.6656724923054 -17.4930188927057 95
323.42490599637006 -25.454092131506282 95
317.7792751605799 23.876513636132422 40
315.4510739717075 16.35957074914634 40
315.3681908244706 9.118893359409107 40
317.6197914495857 1.8189844753854523 40
313.80513992892827 -5.306284404907496 40
314.87182305337535 -12.62935754675974 40
316.994972070558 -19.9957072139539 40
