326.4936301300913 17.735842508185037 95
313.87590896334075 9.675453345277479 95
314.1914828060202 2.3134675606785553 95
315.36054760130156 -4.988488409048754 95
314.23590639918876 -12.260536467882938 95
314.2469108604745 -19.4782318152603 95
323.72466499305494 -27.610709428306365 95
319.1449473134088 17.51123151927184 40
315.1645062683804 10.059304827273609 40
316.96293056326573 2.766093589594782 40
315.0933154852975 -4.468574882751222 40
314.1837902061431 -11.657871662625393 40
314.5580265292093 -18.89480275232463 40
