326.00397634659487 17.530916439502867 95
313.251205697352 9.65619641241984 95
312.9177275057324 2.1334098640906998 95
316.486760361713 -4.919973653147581 95
313.7113055537811 -12.240068126534485 95
314.88497330135755 -19.690190171842634 95
325.0275099009628 -27.632549784258845 95
321.80547706470304 19.153995827474425 40
316.6820709806831 11.750571023811009 40
319.1941258479449 4.43966768647295 40
317.98633068869594 -2.9484733574024373 40
314.68974803329763 -10.044151668491887 40
321.6210305164977 -17.559120977602046 40
