325.8617742835444 14.850725934458131 95
314.67879616904963 6.694605410157091 95
313.9497081462887 -0.4280827725513892 95
315.40285406084286 -7.828770674548091 95
314.21273117850336 -15.09271977960137 95
317.4004793073792 -22.542753501867377 95
326.9311129036428 -30.760169709960234 95
317.9616698647379 22.756913714899863 40
315.6860325485687 15.163487519170678 40
316.60032970849164 7.944886939055746 40
319.99903617192905 0.7853973748739422 40
312.6096018689845 -6.3947200341370625 40
315.19971390907614 -13.761916713763341 40
320.23973310025247 -21.34047431242046 40
