326.5969971574849 19.439189096096186 95
315.4735805608667 11.274998585646781 95
314.7252348764806 3.9482948147382104 95
316.13390623182653 -3.1899577750663783 95
314.49799051648245 -10.553178956812307 95
315.37184081462004 -17.821830607374658 95
323.60334374220344 -25.734539900012475 95
320.4847030841151 21.795772849031383 40
314.90978944716187 14.093442991127295 40
316.5246577734992 6.906592601942826 40
315.22481245504565 -0.343857065211292 40
313.3826734948942 -7.6076000284286085 40
318.12063421079836 -15.019577701102406 40
