326.7405174236636 16.855708193860732 95
314.5484492861366 8.923490162865233 95
313.94578564118433 1.6267077609519476 95
315.5504187892688 -5.594032706114134 95
314.2048680787392 -13.031749714527592 95
315.66454411404277 -20.430399268579002 95
324.36099369867236 -28.377909838637578 95
320.0029143737396 20.36068005527054 40
314.0405689495723 12.767578228815845 40
318.1484603916944 5.726879638551074 40
316.796183246587 -1.555082118371322 40
312.55404319941835 -8.69630408254694 40
318.1652591595749 -16.152352426831616 40
