322.97425022527443 20.903497109857966 95
322.3015436442437 13.279517669617238 95
315.07549341244714 5.585613296940739 95
314.02032923593185 -1.7127321906692046 95
315.6455531581576 -9.04076304748163 95
314.5317520060605 -16.22588918975019 95
323.9934045179273 -24.254563052810138 95
320.81315947687466 18.12932242157359 40
314.39804676800657 10.549825281129092 40
315.6580500552326 3.2712475186535976 40
314.9273271274675 -3.7790380190068618 40
313.48391766521485 -10.947099628157241 40
313.2158628210966 -18.299884623570712 40
