326.9583895787253 18.387145213069235 95
314.95627812848977 10.310600974211457 95
315.48562867050373 3.0113290051135975 95
316.3955849994949 -4.314442933615809 95
314.6366527876418 -11.588754143086808 95
315.5811823473527 -18.95626145227292 95
323.86906155531676 -27.089314632866994 95
323.6704980641294 20.594035736552904 40
313.8657133989322 12.760469332252216 40
318.2484441944574 5.72867941216284 40
316.521186559741 -1.5537322206975595 40
312.34933404523883 -8.861103006725333 40
317.78632996974744 -16.22000260045621 40
