326.5033670677196 20.953088517972 95
319.2612561043974 12.979829569081758 95
316.9282199999114 5.445547969468308 95
314.39484433451315 -1.8005154476505 95
314.9183788248795 -9.105887013887784 95
315.34224133712553 -16.5263865826156 95
324.87757939291663 -24.498947075316032 95
318.45655844614083 17.734792996809198 40
314.58427564472225 10.212542146077388 40
316.03560361747293 3.0165785485467547 40
313.9969640863602 -4.1960897927713035 40
313.64667635376526 -11.295349141855954 40
314.7831542183882 -18.47759306085151 40
