326.3410486165437 16.83510061908387 95
315.2755851055613 8.858071818741974 95
314.1203277485458 1.7132776033605777 95
317.39858187097235 -5.71338133644735 95
314.2048680787392 -13.031749714527592 95
316.62921942522854 -20.232721793433527 95
325.02565811586896 -28.525378022846063 95
317.31210008496294 23.75439200801491 40
316.0003358337873 16.38805595345799 40
315.82048141974474 9.045773366642901 40
319.89424264391835 1.919250706363762 40
313.3552042495654 -5.298676222711233 40
314.4936726160201 -12.700093877115954 40
315.90257633728936 -19.84030968667189 40
