322.9100911551313 21.87225480339888 95
320.26220929845306 14.157963140009196 95
314.5074382896908 6.519347011498243 95
314.19883165607934 -0.8568465175892825 95
313.8490356864323 -7.961488472425875 95
314.0296587793356 -15.25560247692791 95
324.1580846846394 -23.378112275933837 95
322.13686291275457 21.81988033260402 40
316.4832145193461 14.16385990828588 40
317.27635543878404 6.836430317231695 40
317.074705241231 -0.4323438290115825 40
314.85931177425573 -7.557531941184868 40
317.94991081349843 -14.924617706607838 40
