327.9344852693932 20.506194091009057 95
315.53154891891427 12.397268321320244 95
316.28543189594706 5.003118566876978 95
315.21707625808915 -2.2350526396466712 95
315.08058967677937 -9.540578280849394 95
316.1432235587164 -17.000652866978015 95
325.51689120616766 -24.99358246574543 95
324.63221611409546 20.833008924570592 40
314.964805431527 12.805153824939215 40
317.7750692385911 5.63347099119467 40
316.521186559741 -1.5537322206975595 40
313.0014825180053 -8.794177990627372 40
317.8906128556625 -16.138409408963007 40
