326.9310042163995 17.044327709140013 95
315.468149046602 9.12178365841398 95
313.8453318388575 1.7117777184682421 95
317.12517135451947 -5.6219496944277765 95
314.31184540674013 -12.864465088354848 95
315.60630570712635 -20.167357236383022 95
325.03342511988427 -28.43673996499229 95
320.59863909371046 23.033524182390906 40
315.3988488823495 15.408333741480755 40
316.49818346336826 8.028690079215265 40
319.4238122270628 0.8710954770361882 40
313.23620687355367 -6.322080628109039 40
314.82880763908787 -13.659703713851126 40
318.8351615642085 -20.98488444869506 40
