326.18435874417776 17.897478471828464 95
315.4393662992178 10.068077708673233 95
314.8387490475221 2.6616908519514197 95
315.84075006768023 -4.651475216007299 95
314.72375238944426 -11.935752255630941 95
316.48359120961345 -19.356965673015104 95
324.55177066086225 -27.32468043544291 95
319.4449952591091 18.838657168379996 40
314.0994578927074 11.225887559891378 40
318.44994178645646 3.9950220528154765 40
316.9579802526565 -3.28471903769345 40
313.6791487115774 -10.354427245391626 40
319.300382250335 -17.86913245767458 40
