326.92336047925625 15.16713545631745 95
315.8690679028774 7.150835067838659 95
313.7499533331479 -0.1711240705095834 95
317.9105026771148 -7.544023302203494 95
315.4276879897344 -14.80622417940325 95
317.15658681333593 -22.09083669567348 95
328.44968794806607 -30.631978581508644 95
316.98915515019513 23.034889671225482 40
315.4860142725077 15.67132487848682 40
315.76220071460006 8.440866357941589 40
320.64798496643107 1.1367660126004127 40
312.68971446076574 -6.1404373170626965 40
315.3217216659717 -13.250352659738567 40
316.3019739781108 -20.644899674023883 40
