255.88297429247103 14.539805049927693 40
251.65238967642324 7.9972151485291505 40
253.8307521127054 2.0526494769131505 40
255.3490133034394 -4.276371026589851 40
248.76941179473647 -10.363967226419508 40
255.9402639483684 -16.756530571225696 40
249.1662200819448 25.45936421590161 95
250.57417746389314 19.5168037071622 95
245.04242313836417 12.974093154081764 95
241.6043737551376 6.672820236987327 95
238.88623027194595 0.6344370632656355 95
241.87491570683898 -5.206064729558847 95
247.62747339588833 -11.11350567603026 95
248.20568052039005 -17.33193200606783 95
