249.08292820867257 11.768331336773649 40
251.37528735002206 5.8406255674382646 40
250.39650447830672 -6.349242557579684 40
250.58902055141436 -12.606074418156165 40
244.4139848943461 24.33827346964087 95
245.71058695870505 18.35586312330454 95
243.56897780650894 12.17544742247453 95
239.34041940983852 5.818311953619313 95
236.89834870567114 0.050535260030190265 95
222.7996724436975 42.89277748374123 95
236.7738896727545 -5.74027074721338 95
245.58738656312562 -11.692791258614866 95
244.68251953099107 -17.72062283641631 95
