257.6673640797734 14.817724556215374 40
249.30176130679826 7.951340015312216 40
252.13514204171554 1.8642502700316772 40
254.69858263782908 -4.133772821729166 40
248.94437420974305 -10.367593979108518 40
244.62975696952776 21.69246130725359 95
244.21950368767665 15.565661788314777 95
240.86697283870012 9.313894080469419 95
236.5112556157636 3.2718410731625234 95
237.7366972398317 -2.432639351403947 95
242.10339983959653 -8.300214283424653 95
246.77588671997643 -14.457615934781947 95
246.60825709726396 -20.484121366886825 95
