255.35203736911325 13.555222015937105 40
250.1701603752877 7.0702174917057405 40
256.07680721744407 1.2414069704745527 40
252.04999025573795 -5.0714630508145815 40
250.37500476775648 -11.249751370317101 40
246.1010327240844 20.57638877280073 95
244.38159950417702 14.461948995321027 95
240.3029061971175 8.186267450533588 95
236.8987463544135 2.071707616904251 95
238.07201123389228 -3.782269581711043 95
223.11451616833625 43.22265910961882 95
244.78496662856597 -9.516791458605205 95
248.52773548095644 -15.722522421922376 95
248.52950377611944 -21.80331224114638 95
