250.1324829381643 12.192478600413391 40
251.2913979046903 6.051289789558551 40
251.647188211855 -6.213013120338109 40
250.1013067672044 -12.165906641355729 40
244.39903151557832 24.899084667189793 95
246.7476841979909 19.08614298655392 95
242.62826872729755 12.734721307320413 95
239.73138834256838 6.585925793534942 95
236.1884326249562 0.5061912123895436 95
223.1276581901124 43.159085194738765 95
237.97496311645372 -5.135249374912802 95
245.35311366761647 -11.059535069074201 95
247.0353565048336 -17.205782704648627 95
