257.89891039577054 14.3941694526706 40
249.89350259027708 7.625660828551997 40
254.4167578398991 1.6353728935281833 40
253.77475478989425 -4.640332749367736 40
248.76340665895748 -10.64623761906928 40
244.51376236929195 22.312000835302985 95
244.5975717506156 16.15542681418051 95
241.48400995906144 9.899609387855714 95
237.46700051123662 3.844449274636112 95
237.8829559322108 -2.0930843992905794 95
242.33422638306848 -7.821470478022779 95
246.74835529344716 -13.825647517878455 95
246.80794869636208 -20.074481296769942 95
