249.23117415603758 9.294718279215138 40
248.71982739805003 -8.95138091345331 40
252.22826011478378 -15.159735339726911 40
245.46686055165478 25.236495496028862 95
246.66482814015149 19.43146783937688 95
242.66843369449975 12.876034637698083 95
239.4221598632117 6.776084628197008 95
236.03073807810674 0.8383148889069911 95
223.6125870106464 42.66172274680356 95
237.89999078190212 -5.067604236850104 95
245.05646124450678 -10.913307232794311 95
249.83889585410395 -17.19687772834237 95
251.406664639638 -23.350972235275233 95
