256.1910056576802 14.781408745406871 40
253.25731169084042 8.436809193841118 40
253.6788736542939 2.1205486728834817 40
255.47333169799873 -4.058839990041776 40
250.07345598296797 -10.178138475864227 40
258.63172419976866 -16.435137885458243 40
247.05461282128124 24.57175218517167 95
248.42429097764176 18.603724975163367 95
245.02036402197172 12.203892992605617 95
240.4054363585971 6.069776061898811 95
238.72296699434432 0.08785952344474879 95
222.99210778975595 43.197337402461876 95
242.59906071395812 -5.688858785306286 95
247.78478221164187 -11.820680691571045 95
248.25657662212478 -17.828532902112556 95
