254.38700857064543 14.42986616180027 40
253.728397116206 8.028240653163639 40
256.6373684607534 1.8366194368586806 40
254.57401618525523 -4.278484508619239 40
249.6897221529042 -10.59559721096856 40
250.18761845404953 21.414557126894163 95
245.32145042955395 14.954121141980455 95
243.10557627523775 8.680017667378745 95
238.43199481836905 2.6580970590517996 95
239.81822785491403 -3.1605282197723827 95
246.2418284559089 -9.123223808205463 95
250.57395192567452 -15.237978454571465 95
251.65945170595955 -21.433561936981956 95
