249.86544443931894 11.6766539316267 40
252.98854050820592 5.548344010494546 40
252.3698389092998 -6.645677887099184 40
251.03250818186183 -12.832762749262297 40
246.40807998572325 24.284844937867355 95
248.0202455165487 18.353983141638185 95
244.79412933740028 11.839660186480536 95
239.59605369007082 5.693016755962189 95
238.5047142619028 -0.25558332246775084 95
224.09101443427227 42.692839726035814 95
243.37288012396235 -6.036456795149968 95
247.77524231246508 -12.172173711638141 95
248.86662536031332 -18.141928114366994 95
