254.5141565481827 13.351661657830629 40
252.024763720429 7.013042797449213 40
252.7499120673824 -5.214961817095955 40
249.54680580400202 -11.371516455260183 40
246.05169889815102 22.971559062208296 95
246.26360145714176 16.9273018909126 95
244.02105973308798 10.606127388911947 95
238.14144342303422 4.546186722095589 95
238.7990101972759 -1.403731120202758 95
223.64856866886288 42.73543740232895 95
244.69147618876204 -7.083736257125822 95
248.19575582143557 -13.170514108525673 95
249.30606038834065 -19.298847711554515 95
