257.808154141626 14.607860675124698 40
251.15300540373232 7.972408935820374 40
254.4093624560349 1.9238028274330903 40
255.22380665973589 -4.204383308969263 40
249.64568195530592 -10.31129381263396 40
246.76200273617764 21.491311328567782 95
245.16385490919478 15.361919675693308 95
242.50103587895146 9.199890142408387 95
237.37402775366417 2.89559326012872 95
239.16609589936897 -2.893514949859935 95
245.2733338827069 -8.68985208484641 95
249.1859850209434 -14.900292607963483 95
250.32978543506175 -21.06497557840388 95
