248.89552189426064 10.763862727720493 40
251.34249758367372 4.768550646205812 40
250.23814536132676 -7.4839885058018485 40
249.06352421640037 -13.410137964299429 40
246.06258169238333 25.094598884708876 95
248.44025254752688 19.244927060532284 95
244.25897637508533 12.709843525390053 95
240.55866260492704 6.555830503704259 95
237.4411017022775 0.39918404605388513 95
223.58655682747994 42.78913155187574 95
238.82476868768998 -5.339282356701927 95
246.0728524090327 -11.286235686144593 95
247.78116441121722 -17.31165706950064 95
