256.38836909373174 14.138767896124826 40
249.9570641421663 7.34452520697514 40
254.62027730888525 1.4960631900145653 40
252.8748436009838 -4.713247914930083 40
248.93365591658568 -10.861896763951037 40
247.2598167398064 21.046445362107 95
245.2682867615127 14.669834743640006 95
242.41030743858033 8.573405017215398 95
237.79248787765104 2.3002021481712145 95
238.89466897620179 -3.370964939927472 95
245.21468329341928 -9.245931162853479 95
250.1129954686749 -15.504056993043784 95
250.24874472419128 -21.5587286493474 95
