257.1561322547097 14.267161148027515 40
249.19775135529466 7.5210100374868265 40
253.64018772544784 1.6878278305167003 40
253.32464749986445 -4.569135668548342 40
248.8133947603115 -10.647328363321447 40
246.69051189021184 21.696193184441462 95
245.09463431229833 15.286388172239615 95
242.97528653945955 9.226560556871428 95
238.06931601277225 3.0532262451356083 95
239.11491195404514 -2.758066207860876 95
244.897358800169 -8.753944818175025 95
249.1886752691288 -14.82961022798561 95
248.76212076936366 -20.897400886347647 95
