254.75808365858302 13.803929441336262 40
250.23175460379588 7.3575693738598 40
256.19832748909334 1.3895279175702715 40
251.79991238531193 -4.785815399706495 40
248.63212641308877 -10.925638112816822 40
246.00272997137472 22.259947674260168 95
245.28752150596125 16.002472791158972 95
243.04347674446998 9.784265354452756 95
237.8739098714112 3.655947669638305 95
238.88288717840766 -2.0813582371225037 95
244.80828522028483 -7.9186312028035815 95
247.91778768295313 -14.006687611498364 95
249.6696560111178 -20.38458228447352 95
