248.33792057138112 10.87133957341903 40
250.46275935960836 4.877929275853049 40
248.61388293825155 -7.397952585089808 40
248.31391911160756 -13.385803074355808 40
247.55784548241758 20.58000890256112 95
244.70182847279233 14.20700907523787 95
241.8935839860817 7.925671032747365 95
236.55458464903344 1.859977298985517 95
238.89732522809368 -3.846096060947435 95
222.7604123517537 43.08322022121206 95
245.50475964085626 -9.808357398141837 95
249.63986732278897 -16.05237176376877 95
251.48424720413374 -22.210199420328653 95
