257.0314560682925 14.258169566383028 40
249.76864983153848 7.619595464971701 40
254.54171850050392 1.6385087030248542 40
254.3746460942815 -4.567417610827439 40
249.01334716572745 -10.651691340327861 40
248.76879176134543 20.272760244449863 95
245.27111613084085 13.969920777767356 95
242.27859733368132 7.738497845125909 95
237.76328946642926 1.5555238367648325 95
238.94887988666696 -4.2532047309547565 95
222.93351792294158 42.98652782857563 95
245.92287920350427 -10.165319466263224 95
250.97946933921696 -16.323303776757356 95
252.0744884726529 -22.751566601213554 95
