253.1768068192647 13.835892663089318 40
251.99793177500254 7.584663111148725 40
255.3950438933748 1.5150826421206105 40
255.02475362787118 -4.638628326810749 40
249.80843178116868 -10.881700469235462 40
246.94440007224932 22.856377573401346 95
246.59808608406644 16.53304943555451 95
244.28747834494988 10.344082148067585 95
238.72883391319664 4.229148399578067 95
239.90447116696055 -1.7967335793310006 95
245.76126634316023 -7.650521371927634 95
249.10178725809544 -13.7650635856598 95
250.59707586042157 -19.940370744987508 95
