253.62625088852394 13.145587410195358 40
250.96059227471562 6.7503150863977 40
251.7243771409174 -5.5709949201519935 40
249.36475863583263 -11.650148703320827 40
249.35484495876278 20.187199554855937 95
245.29165722522188 13.691451955367455 95
242.39561178304706 7.399401302538385 95
238.0667274257312 1.4281602568685585 95
239.07424979538504 -4.388678590160908 95
222.74081152212972 42.68223229904923 95
246.29348501644267 -10.382567986238177 95
251.95958009086922 -16.795296673482856 95
252.019752968996 -22.819643067870786 95
