258.1625640054074 14.560288623785489 40
249.51549651130227 7.678237081403072 40
253.76696240475377 1.6190666841496535 40
255.0246452241587 -4.566354051286713 40
248.76340665895748 -10.64623761906928 40
245.67499524137975 21.308695013634605 95
244.93668516890415 15.063952255003006 95
242.02467588439623 8.759460213432604 95
237.55741024598493 2.6311373530503364 95
238.36775919879437 -3.1034727606254906 95
243.56827796984803 -9.011035702394699 95
248.7558653204659 -15.025201357424766 95
247.6174157398715 -21.17970124910233 95
