249.2946588786897 8.092765253526395 40
252.4543200755753 2.087480064697213 40
248.90008492283067 -10.084144662679847 40
258.55366449270906 -16.505185245682345 40
244.7550989338926 25.081808326338784 95
247.86115947329574 19.261542306447716 95
244.24927933611042 12.848517643448481 95
241.30469608912654 6.658917126034833 95
237.5615696770059 0.6044485952638201 95
222.68519181669862 43.20002213927053 95
238.4249168614252 -5.203242205197871 95
245.6996676390671 -11.207301689995461 95
248.95818973624057 -17.29709187284615 95
