255.93527210009336 13.814649958192742 40
250.8627684855329 7.244938467108264 40
256.0001163516142 1.3121886796653692 40
253.97500000000002 -5.0 40
250.50334037454627 -11.110669251668835 40
244.2910982751028 23.20035173614005 95
245.06288006813588 17.17493712161851 95
242.73893050101213 11.080905111483865 95
238.6304916638822 4.836627469626494 95
236.16704315333413 -0.9717416735603575 95
223.09670350499385 42.688913178064546 95
239.56772421555758 -6.905690128903302 95
246.23466770982304 -12.688794680349648 95
246.19727242336012 -18.917191808357163 95
