0.24774215109349948 0.7371886647364361 95
0.24458512509638497 0.6877514555995287 95
0.18196656644791662 0.6288963766695708 95
0.10638643404941488 0.5680350277313789 95
0.05022481885823661 0.5103628094150456 95
0.0 0.463720109075414 95
0.017442018041145136 0.4047788806055388 95
0.039926007304738755 0.35709271668646064 95
0.06269690934234665 0.3014909863494192 95
0.0926800369939461 0.24943630377554313 95
0.13600279969159312 0.19165535513636117 95
0.21108153992944703 0.13883163133226134 95
0.3894697570407919 0.0729554616666237 95
0.6251907656688102 0.0 95
1.0 1.0 95
0.5029486060724857 0.8932395031112336 95
0.3562583452184786 0.8245809005738941 95
0.039926007304738755 0.35709271668646064 95
0.24774215109349948 0.7371886647364361 95
0.24774215109349948 0.7371886647364361 95
0.18196656644791662 0.6288963766695708 95
0.24774215109349948 0.7371886647364361 95
0.10638643404941488 0.5680350277313789 95
0.05022481885823661 0.5103628094150456 95
0.18196656644791662 0.6288963766695708 95
0.24774215109349948 0.7371886647364361 95
0.18196656644791662 0.6288963766695708 95
0.18196656644791662 0.6288963766695708 95
0.017442018041145136 0.4047788806055388 95
0.24458512509638497 0.6877514555995287 95
0.10638643404941488 0.5680350277313789 95
0.24458512509638497 0.6877514555995287 95
