0.24154420123115844 0.7568496619140326 95
0.21533403215819766 0.6958384624760217 95
0.17104036679696277 0.6344024127905034 95
0.11968493157193638 0.580365061466324 95
0.014313197052573407 0.5239751255496737 95
0.0 0.46324173673104957 95
0.006402699666029134 0.4103068785279826 95
0.009997066897726172 0.3610593718152394 95
0.014209776828033701 0.3059764726364389 95
0.05843571112927045 0.252009319862598 95
0.12540264564661438 0.19423442747173086 95
0.19314452674929183 0.13624111818106677 95
0.3716671942203224 0.06759911497237821 95
0.5513124616423883 0.0 95
1.0 1.0 95
0.4556819392521894 0.8919602516589225 95
0.3529938642447143 0.8234027293966308 95
0.21533403215819766 0.6958384624760217 95
0.17104036679696277 0.6344024127905034 95
0.0 0.46324173673104957 95
0.0 0.46324173673104957 95
0.11968493157193638 0.580365061466324 95
0.014209776828033701 0.3059764726364389 95
0.009997066897726172 0.3610593718152394 95
0.17104036679696277 0.6344024127905034 95
0.11968493157193638 0.580365061466324 95
0.009997066897726172 0.3610593718152394 95
0.006402699666029134 0.4103068785279826 95
0.24154420123115844 0.7568496619140326 95
0.014313197052573407 0.5239751255496737 95
0.006402699666029134 0.4103068785279826 95
0.11968493157193638 0.580365061466324 95
