0.2435099557282598 0.7199619863945931 95
0.2398727889178258 0.6677394065292693 95
0.1695954166572383 0.6092034457973502 95
0.10470334461768169 0.5554581044926774 95
0.040968977918658396 0.4976235103866541 95
0.0 0.4496639111740676 95
0.01527191746059941 0.3914321378036096 95
0.03169948801483697 0.34610053953172865 95
0.04407217928235998 0.28840084377916303 95
0.08570597150423266 0.2421372873460355 95
0.12966123268537844 0.183796960300974 95
0.1946650422115055 0.1301059042100583 95
0.37736168284843535 0.06855381636938142 95
0.5698465889197799 0.0 95
1.0 1.0 95
0.6186848650194886 0.902597663247685 95
0.37744752183019736 0.8246076032766987 95
0.27151703683744927 0.7611834379491211 95
0.08570597150423266 0.2421372873460355 95
0.10470334461768169 0.5554581044926774 95
0.2398727889178258 0.6677394065292693 95
0.040968977918658396 0.4976235103866541 95
0.04407217928235998 0.28840084377916303 95
0.10470334461768169 0.5554581044926774 95
0.2435099557282598 0.7199619863945931 95
0.040968977918658396 0.4976235103866541 95
0.08570597150423266 0.2421372873460355 95
0.1695954166572383 0.6092034457973502 95
0.08570597150423266 0.2421372873460355 95
0.04407217928235998 0.28840084377916303 95
0.08570597150423266 0.2421372873460355 95
0.03169948801483697 0.34610053953172865 95
