0.24461747969909015 0.7335956074601769 95
0.2253245767244178 0.6819410513924201 95
0.18262662223665865 0.618970986523876 95
0.12757207698594145 0.5606938812041186 95
0.009158986401732008 0.5026421852910985 95
0.02830674328445446 0.44915853857047505 95
0.0 0.4004616949530978 95
0.009325315075943552 0.34561051573733226 95
0.05015308157501613 0.2898192190756454 95
0.0649648664330771 0.2364342071289148 95
0.09318091253452025 0.18651164816529064 95
0.18364671187667564 0.12507376112997515 95
0.33054907590973764 0.06146383053258998 95
0.490994678327925 0.0 95
1.0 1.0 95
0.5460463646853796 0.8904402426373443 95
0.3714131671805218 0.8138463194075373 95
0.0 0.4004616949530978 95
0.009325315075943552 0.34561051573733226 95
0.24461747969909015 0.7335956074601769 95
0.0 0.4004616949530978 95
0.009325315075943552 0.34561051573733226 95
0.02830674328445446 0.44915853857047505 95
0.2253245767244178 0.6819410513924201 95
0.12757207698594145 0.5606938812041186 95
0.009325315075943552 0.34561051573733226 95
0.009158986401732008 0.5026421852910985 95
0.2253245767244178 0.6819410513924201 95
0.02830674328445446 0.44915853857047505 95
0.18262662223665865 0.618970986523876 95
0.18262662223665865 0.618970986523876 95
0.18262662223665865 0.618970986523876 95
