0.2847214962856862 0.7708917039879547 95
0.2692957495309407 0.7121801211148384 95
0.20470942148861904 0.6559175196405157 95
0.1512584749209803 0.5971139584453348 95
0.03316903248853158 0.5358826023602385 95
0.002167405885916249 0.4778316255961996 95
0.0 0.42087891247456943 95
0.02452742770269464 0.3649065394907692 95
0.03622777923362583 0.31065841565781593 95
0.07930444322873453 0.25454800301002306 95
0.14346405284208966 0.19410482031857598 95
0.24384789279720942 0.14017954422077059 95
0.4425936873971751 0.06757782152129764 95
0.6609480418251045 0.0 95
1.0 1.0 95
0.44978008245914847 0.8922043156280942 95
0.3454892976435229 0.8201464572904247 95
0.0 0.42087891247456943 95
0.20470942148861904 0.6559175196405157 95
0.03622777923362583 0.31065841565781593 95
0.2847214962856862 0.7708917039879547 95
0.02452742770269464 0.3649065394907692 95
0.02452742770269464 0.3649065394907692 95
0.002167405885916249 0.4778316255961996 95
0.002167405885916249 0.4778316255961996 95
0.2847214962856862 0.7708917039879547 95
0.1512584749209803 0.5971139584453348 95
0.03316903248853158 0.5358826023602385 95
0.03622777923362583 0.31065841565781593 95
0.03316903248853158 0.5358826023602385 95
0.03316903248853158 0.5358826023602385 95
0.0 0.42087891247456943 95
