0.25443541647033197 0.7357114167609463 95
0.23016744130557115 0.6775898687015138 95
0.17477488808906066 0.6198281631928366 95
0.12533156284940475 0.5660127726064401 95
0.039691546091081775 0.5095449829096764 95
0.0 0.450716601929162 95
0.013949267772191836 0.4042324133162035 95
0.026801735457407452 0.34879926212911355 95
0.03662196433398264 0.29559751778292787 95
0.0730049850288517 0.2424921713806305 95
0.1287983660367394 0.18390803072878248 95
0.20291275284820717 0.12496052245840841 95
0.38372948139673513 0.06727901354934204 95
0.5662509269901522 0.0 95
1.0 1.0 95
0.5036002335618471 0.889846494168714 95
0.36074943735775017 0.8146120087111806 95
0.013949267772191836 0.4042324133162035 95
0.013949267772191836 0.4042324133162035 95
0.12533156284940475 0.5660127726064401 95
0.039691546091081775 0.5095449829096764 95
0.026801735457407452 0.34879926212911355 95
0.23016744130557115 0.6775898687015138 95
0.0 0.450716601929162 95
0.039691546091081775 0.5095449829096764 95
0.026801735457407452 0.34879926212911355 95
0.0 0.450716601929162 95
0.12533156284940475 0.5660127726064401 95
0.03662196433398264 0.29559751778292787 95
0.039691546091081775 0.5095449829096764 95
0.12533156284940475 0.5660127726064401 95
0.17477488808906066 0.6198281631928366 95
