0.15083649978427838 0.6802735363503688 95
0.1187167289770484 0.6541165045457739 95
0.08060567840480273 0.626878380626639 95
0.06390600234593379 0.6001600649074427 95
0.03153250473025441 0.5727290794042053 95
0.0034433936358943353 0.543836780768302 95
0.0 0.5243966383712455 95
0.025916043761747245 0.49899770176931246 95
0.059219737003957336 0.47206878519196344 95
0.07604377413341626 0.4422617072241154 95
0.11056369839965953 0.42116575232083003 95
0.16811348077906327 0.3931876238734805 95
0.20919052122458545 0.35987065553817926 95
0.2981084824317645 0.3324134526403631 95
0.36287426133830714 0.3004817413075683 95
0.4858446129343883 0.2605624687450422 95
0.6240142622887097 0.22244063883373746 95
0.7223054032454596 0.1822240768435218 95
1.0 0.12747329750856867 95
0.830521792022934 0.10544143736375935 95
0.7739168752128918 0.0782388223701328 95
0.7702314882459713 0.04386110603327008 95
0.8533907298347189 0.0 95
0.6348897651654641 1.0 95
0.6412597232868089 0.9647011406191781 95
0.6928325830980994 0.9396781303646281 95
0.8229514068922115 0.9226740986402275 95
0.5496637056207961 0.8280490156310143 95
0.4251034424859551 0.7856359047514873 95
0.3773254514973631 0.7511814784560433 95
0.29638245422167825 0.7158003454107598 95
0.37649103040318554 0.7739494529925723 40
0.49501314435650806 0.7309301795844226 40
0.5649709499725684 0.6748514388773879 40
0.6920274646858802 0.6290482040903249 40
1.0 0.577362316798544 40
0.8155071587914776 0.4629795261034899 40
0.5568870198644775 0.3998499408938088 40
0.4531218915863307 0.34405899167092574 40
0.3971206533085749 0.28952598796975726 40
0.21764313034553076 0.24307387821872203 40
0.09525578428560566 0.19889563600755347 40
0.03855145813269624 0.15521496174297436 40
0.0 0.10358575433473578 40
0.0008947890918950021 0.05522514723696478 40
0.0394242215472145 0.0 40
0.1298868068886232 1.0 40
0.10837481243423573 0.9450438763828708 40
0.13016050864746997 0.893006303769498 40
0.16599024538534032 0.8419180200436911 40
0.37649103040318554 0.7739494529925723 40
0.16599024538534032 0.8419180200436911 40
0.7702314882459713 0.04386110603327008 95
0.10837481243423573 0.9450438763828708 40
0.07604377413341626 0.4422617072241154 95
0.15083649978427838 0.6802735363503688 95
0.6920274646858802 0.6290482040903249 40
0.11056369839965953 0.42116575232083003 95
0.1187167289770484 0.6541165045457739 95
0.6240142622887097 0.22244063883373746 95
0.0008947890918950021 0.05522514723696478 40
0.13016050864746997 0.893006303769498 40
0.6412597232868089 0.9647011406191781 95
0.11056369839965953 0.42116575232083003 95
0.6928325830980994 0.9396781303646281 95
0.830521792022934 0.10544143736375935 95
0.21764313034553076 0.24307387821872203 40
0.5649709499725684 0.6748514388773879 40
0.8155071587914776 0.4629795261034899 40
0.6412597232868089 0.9647011406191781 95
0.8155071587914776 0.4629795261034899 40
0.09525578428560566 0.19889563600755347 40
0.6928325830980994 0.9396781303646281 95
0.5496637056207961 0.8280490156310143 95
0.6348897651654641 1.0 95
0.6412597232868089 0.9647011406191781 95
0.37649103040318554 0.7739494529925723 40
0.16811348077906327 0.3931876238734805 95
0.07604377413341626 0.4422617072241154 95
0.08060567840480273 0.626878380626639 95
0.5496637056207961 0.8280490156310143 95
0.36287426133830714 0.3004817413075683 95
0.1187167289770484 0.6541165045457739 95
0.03855145813269624 0.15521496174297436 40
0.059219737003957336 0.47206878519196344 95
0.49501314435650806 0.7309301795844226 40
0.7739168752128918 0.0782388223701328 95
0.2981084824317645 0.3324134526403631 95
0.3773254514973631 0.7511814784560433 95
0.0 0.10358575433473578 40
0.5649709499725684 0.6748514388773879 40
0.0 0.5243966383712455 95
0.29638245422167825 0.7158003454107598 95
0.0 0.10358575433473578 40
0.07604377413341626 0.4422617072241154 95
0.4251034424859551 0.7856359047514873 95
0.09525578428560566 0.19889563600755347 40
0.2981084824317645 0.3324134526403631 95
0.16599024538534032 0.8419180200436911 40
0.4531218915863307 0.34405899167092574 40
0.0034433936358943353 0.543836780768302 95
0.0008947890918950021 0.05522514723696478 40
0.11056369839965953 0.42116575232083003 95
0.03855145813269624 0.15521496174297436 40
0.8533907298347189 0.0 95
0.16811348077906327 0.3931876238734805 95
1.0 0.577362316798544 40
0.0 0.5243966383712455 95
0.09525578428560566 0.19889563600755347 40
0.29638245422167825 0.7158003454107598 95
0.03855145813269624 0.15521496174297436 40
0.03855145813269624 0.15521496174297436 40
0.16811348077906327 0.3931876238734805 95
0.4858446129343883 0.2605624687450422 95
0.6348897651654641 1.0 95
0.8229514068922115 0.9226740986402275 95
0.5568870198644775 0.3998499408938088 40
0.4531218915863307 0.34405899167092574 40
0.3773254514973631 0.7511814784560433 95
0.15083649978427838 0.6802735363503688 95
0.0 0.10358575433473578 40
0.6412597232868089 0.9647011406191781 95
0.1298868068886232 1.0 40
0.29638245422167825 0.7158003454107598 95
0.03855145813269624 0.15521496174297436 40
0.11056369839965953 0.42116575232083003 95
0.6240142622887097 0.22244063883373746 95
0.4858446129343883 0.2605624687450422 95
