0.01739560885483799 0.5031490769236509 95
0.037850627003304306 0.47209136540932917 95
0.05500838124777151 0.4429471401552017 95
0.072001764563294 0.412973675567208 95
0.11029426547654622 0.38155108707685537 95
0.15229077536762153 0.3549971908132114 95
0.19192245703471755 0.32366486074664935 95
0.24211289271950956 0.2938313190357788 95
0.31894693605414604 0.2587475752888823 95
0.3911354325621188 0.23168035931796657 95
0.43030916628674803 0.1971229465728989 95
0.4565516022970474 0.1600278081505152 95
0.5266858987627516 0.1250417337664979 95
0.9663157849265857 0.07487700935571572 95
0.932508027851064 0.039933265405658724 95
1.0 0.0 95
0.8534979271893058 1.0 95
0.8983174493880632 0.9612467761213338 95
0.33943853044029393 0.8584255848254226 95
0.22772895433300977 0.810382040364818 95
0.19456990406072655 0.7717693232950191 95
0.19652401051715107 0.7373356069632823 95
0.16633475993721047 0.7029573209987746 95
0.13957286908837602 0.669207530984982 95
0.08371782433164938 0.629659184898328 95
0.04194038471545521 0.5996491734805113 95
0.0 0.566429193161725 95
0.012542540060084022 0.53223492884564 95
0.08809250311689074 0.8040673434861662 40
0.1518808939276787 0.763087111018524 40
0.2606571349338234 0.7260030316024931 40
0.4162126309850897 0.6902304264141406 40
0.6440158109999728 0.6491812243832729 40
1.0 0.6048468725833975 40
0.8174160836794013 0.4230821735386601 40
0.6391806224149564 0.37779705418995346 40
0.5273456196478061 0.3391987460312175 40
0.4455264347347755 0.2953260655586012 40
0.39677075741357554 0.24765887593358413 40
0.4110253856906388 0.20737330296433654 40
0.46103742276149423 0.1580302983404259 40
0.5199113727782373 0.10878744024748611 40
0.6290042845765064 0.06155878622397971 40
0.7787207740026724 0.0 40
0.4928452276731444 1.0 40
0.13026068205982086 0.9356960734073713 40
0.033888122860842175 0.8802711854996477 40
0.0 0.8388941612001004 40
0.2606571349338234 0.7260030316024931 40
0.19192245703471755 0.32366486074664935 95
0.0 0.8388941612001004 40
0.1518808939276787 0.763087111018524 40
0.037850627003304306 0.47209136540932917 95
0.012542540060084022 0.53223492884564 95
0.8534979271893058 1.0 95
0.4455264347347755 0.2953260655586012 40
0.43030916628674803 0.1971229465728989 95
0.033888122860842175 0.8802711854996477 40
0.0 0.566429193161725 95
0.13026068205982086 0.9356960734073713 40
0.6391806224149564 0.37779705418995346 40
0.11029426547654622 0.38155108707685537 95
0.5266858987627516 0.1250417337664979 95
0.16633475993721047 0.7029573209987746 95
0.8534979271893058 1.0 95
0.5199113727782373 0.10878744024748611 40
0.2606571349338234 0.7260030316024931 40
0.6391806224149564 0.37779705418995346 40
0.4162126309850897 0.6902304264141406 40
0.11029426547654622 0.38155108707685537 95
0.012542540060084022 0.53223492884564 95
0.0 0.566429193161725 95
0.46103742276149423 0.1580302983404259 40
0.8534979271893058 1.0 95
0.46103742276149423 0.1580302983404259 40
1.0 0.0 95
0.04194038471545521 0.5996491734805113 95
0.8983174493880632 0.9612467761213338 95
1.0 0.0 95
0.5266858987627516 0.1250417337664979 95
0.8534979271893058 1.0 95
0.1518808939276787 0.763087111018524 40
0.4455264347347755 0.2953260655586012 40
0.4162126309850897 0.6902304264141406 40
0.19456990406072655 0.7717693232950191 95
0.01739560885483799 0.5031490769236509 95
0.072001764563294 0.412973675567208 95
0.4928452276731444 1.0 40
0.22772895433300977 0.810382040364818 95
0.5266858987627516 0.1250417337664979 95
0.43030916628674803 0.1971229465728989 95
0.0 0.8388941612001004 40
0.16633475993721047 0.7029573209987746 95
0.22772895433300977 0.810382040364818 95
0.9663157849265857 0.07487700935571572 95
0.4455264347347755 0.2953260655586012 40
0.11029426547654622 0.38155108707685537 95
0.16633475993721047 0.7029573209987746 95
0.012542540060084022 0.53223492884564 95
0.6290042845765064 0.06155878622397971 40
0.5199113727782373 0.10878744024748611 40
0.46103742276149423 0.1580302983404259 40
0.037850627003304306 0.47209136540932917 95
0.16633475993721047 0.7029573209987746 95
0.19192245703471755 0.32366486074664935 95
1.0 0.6048468725833975 40
1.0 0.0 95
0.11029426547654622 0.38155108707685537 95
0.4565516022970474 0.1600278081505152 95
0.33943853044029393 0.8584255848254226 95
0.39677075741357554 0.24765887593358413 40
0.7787207740026724 0.0 40
0.6440158109999728 0.6491812243832729 40
0.43030916628674803 0.1971229465728989 95
0.15229077536762153 0.3549971908132114 95
0.932508027851064 0.039933265405658724 95
0.037850627003304306 0.47209136540932917 95
0.19456990406072655 0.7717693232950191 95
0.6391806224149564 0.37779705418995346 40
0.08371782433164938 0.629659184898328 95
1.0 0.6048468725833975 40
0.012542540060084022 0.53223492884564 95
0.4110253856906388 0.20737330296433654 40
0.4928452276731444 1.0 40
1.0 0.0 95
0.2606571349338234 0.7260030316024931 40
1.0 0.0 95
0.033888122860842175 0.8802711854996477 40
0.31894693605414604 0.2587475752888823 95
0.5199113727782373 0.10878744024748611 40
0.4162126309850897 0.6902304264141406 40
0.5199113727782373 0.10878744024748611 40
0.2606571349338234 0.7260030316024931 40
0.16633475993721047 0.7029573209987746 95
0.13957286908837602 0.669207530984982 95
0.4565516022970474 0.1600278081505152 95
0.5199113727782373 0.10878744024748611 40
0.08809250311689074 0.8040673434861662 40
0.0 0.566429193161725 95
0.5273456196478061 0.3391987460312175 40
0.46103742276149423 0.1580302983404259 40
0.8534979271893058 1.0 95
0.8174160836794013 0.4230821735386601 40
0.5199113727782373 0.10878744024748611 40
0.19456990406072655 0.7717693232950191 95
0.19192245703471755 0.32366486074664935 95
0.19456990406072655 0.7717693232950191 95
0.5199113727782373 0.10878744024748611 40
0.2606571349338234 0.7260030316024931 40
0.4455264347347755 0.2953260655586012 40
0.01739560885483799 0.5031490769236509 95
0.04194038471545521 0.5996491734805113 95
0.4162126309850897 0.6902304264141406 40
0.4162126309850897 0.6902304264141406 40
0.11029426547654622 0.38155108707685537 95
0.04194038471545521 0.5996491734805113 95
0.0 0.8388941612001004 40
0.43030916628674803 0.1971229465728989 95
0.072001764563294 0.412973675567208 95
0.08809250311689074 0.8040673434861662 40
0.08809250311689074 0.8040673434861662 40
0.0 0.8388941612001004 40
0.6440158109999728 0.6491812243832729 40
0.932508027851064 0.039933265405658724 95
0.4162126309850897 0.6902304264141406 40
0.2606571349338234 0.7260030316024931 40
0.46103742276149423 0.1580302983404259 40
0.46103742276149423 0.1580302983404259 40
0.46103742276149423 0.1580302983404259 40
0.9663157849265857 0.07487700935571572 95
0.0 0.566429193161725 95
0.46103742276149423 0.1580302983404259 40
0.39677075741357554 0.24765887593358413 40
0.5273456196478061 0.3391987460312175 40
0.4455264347347755 0.2953260655586012 40
0.08371782433164938 0.629659184898328 95
0.08809250311689074 0.8040673434861662 40
0.08371782433164938 0.629659184898328 95
0.43030916628674803 0.1971229465728989 95
0.4928452276731444 1.0 40
0.33943853044029393 0.8584255848254226 95
0.0 0.8388941612001004 40
0.24211289271950956 0.2938313190357788 95
0.9663157849265857 0.07487700935571572 95
0.4928452276731444 1.0 40
0.4565516022970474 0.1600278081505152 95
0.2606571349338234 0.7260030316024931 40
0.5273456196478061 0.3391987460312175 40
0.46103742276149423 0.1580302983404259 40
0.6440158109999728 0.6491812243832729 40
0.22772895433300977 0.810382040364818 95
0.13026068205982086 0.9356960734073713 40
0.5266858987627516 0.1250417337664979 95
0.19192245703471755 0.32366486074664935 95
0.5199113727782373 0.10878744024748611 40
0.43030916628674803 0.1971229465728989 95
0.05500838124777151 0.4429471401552017 95
0.0 0.566429193161725 95
0.033888122860842175 0.8802711854996477 40
0.6290042845765064 0.06155878622397971 40
0.2606571349338234 0.7260030316024931 40
0.19456990406072655 0.7717693232950191 95
0.11029426547654622 0.38155108707685537 95
0.8174160836794013 0.4230821735386601 40
0.4455264347347755 0.2953260655586012 40
0.16633475993721047 0.7029573209987746 95
0.05500838124777151 0.4429471401552017 95
0.24211289271950956 0.2938313190357788 95
0.4928452276731444 1.0 40
0.16633475993721047 0.7029573209987746 95
0.6440158109999728 0.6491812243832729 40
0.33943853044029393 0.8584255848254226 95
0.5273456196478061 0.3391987460312175 40
1.0 0.0 95
0.08809250311689074 0.8040673434861662 40
0.932508027851064 0.039933265405658724 95
0.15229077536762153 0.3549971908132114 95
0.5273456196478061 0.3391987460312175 40
0.4110253856906388 0.20737330296433654 40
0.6440158109999728 0.6491812243832729 40
0.0 0.8388941612001004 40
0.4455264347347755 0.2953260655586012 40
0.6290042845765064 0.06155878622397971 40
0.43030916628674803 0.1971229465728989 95
0.033888122860842175 0.8802711854996477 40
1.0 0.0 95
0.04194038471545521 0.5996491734805113 95
0.0 0.8388941612001004 40
0.31894693605414604 0.2587475752888823 95
0.4928452276731444 1.0 40
0.19652401051715107 0.7373356069632823 95
0.13957286908837602 0.669207530984982 95
0.5273456196478061 0.3391987460312175 40
0.33943853044029393 0.8584255848254226 95
0.13957286908837602 0.669207530984982 95
0.6290042845765064 0.06155878622397971 40
0.8174160836794013 0.4230821735386601 40
0.5266858987627516 0.1250417337664979 95
0.46103742276149423 0.1580302983404259 40
1.0 0.6048468725833975 40
0.8983174493880632 0.9612467761213338 95
0.4162126309850897 0.6902304264141406 40
0.932508027851064 0.039933265405658724 95
0.15229077536762153 0.3549971908132114 95
0.31894693605414604 0.2587475752888823 95
0.2606571349338234 0.7260030316024931 40
0.4928452276731444 1.0 40
0.16633475993721047 0.7029573209987746 95
0.5273456196478061 0.3391987460312175 40
0.46103742276149423 0.1580302983404259 40
0.33943853044029393 0.8584255848254226 95
0.31894693605414604 0.2587475752888823 95
0.19456990406072655 0.7717693232950191 95
0.4928452276731444 1.0 40
0.932508027851064 0.039933265405658724 95
0.2606571349338234 0.7260030316024931 40
