0.10642164367619866 0.6776177484338352 95
0.05441147266200549 0.649827912483742 95
0.03812709240333671 0.6237311499251784 95
0.023897392904111418 0.5958378188123356 95
0.014860187146816783 0.5709068577872353 95
0.003618585610987725 0.5431268302241515 95
0.0 0.5172188000868831 95
0.014079748101899537 0.49018539374357306 95
0.03233630923744401 0.46523314752373274 95
0.046825030747189 0.4412956111124562 95
0.08823898418202553 0.4135008498862859 95
0.14434591456426207 0.38699826483718347 95
0.18201633717712956 0.3604893779764711 95
0.20465395495605843 0.33312761967886145 95
0.22200585584181493 0.3045783161817402 95
0.4381297857851303 0.26371451279257707 95
0.581031841524076 0.22946022352888984 95
0.6516148045999931 0.1941708544867573 95
1.0 0.13600534287973956 95
0.8449151458722938 0.11521149076106643 95
0.7825102183785378 0.08581598468557378 95
0.806402467935112 0.050942537921673955 95
0.9861739396990815 0.0 95
0.6770347510594203 1.0 95
0.6659006501063294 0.9646518655345439 95
0.7185493749220122 0.9354050601599653 95
0.8576955752558446 0.9148631127308403 95
0.5209271819117499 0.8249114563977683 95
0.41840527865725735 0.7935430574484258 95
0.3668863115529757 0.7599207075379024 95
0.2617402586020983 0.7251353906812111 95
0.325259960395722 0.741026301099011 40
0.5423903418061174 0.7022438086811169 40
0.6182260982577915 0.6507301845519159 40
0.7052449087617453 0.5993726076933502 40
1.0 0.5594707019678862 40
0.7342029586442037 0.3808004013878256 40
0.5444343875728255 0.33142360824281153 40
0.4610330263164068 0.2759465878196711 40
0.3868695673783359 0.224018603319307 40
0.1485249606110513 0.18702568865567412 40
0.06196887983555343 0.13789500771157165 40
0.012485434875725664 0.08831295616790921 40
0.0 0.046916904172764916 40
0.01143941305368625 0.0 40
0.4136644239545306 1.0 40
0.12364946688826997 0.9082720443660794 40
0.13486964777580746 0.8610913801340703 40
0.16259584521493148 0.8139889922783181 40
0.2327812889299389 0.7667008303287342 40
0.06196887983555343 0.13789500771157165 40
0.2617402586020983 0.7251353906812111 95
0.08823898418202553 0.4135008498862859 95
0.581031841524076 0.22946022352888984 95
0.14434591456426207 0.38699826483718347 95
0.3668863115529757 0.7599207075379024 95
0.1485249606110513 0.18702568865567412 40
0.05441147266200549 0.649827912483742 95
0.03812709240333671 0.6237311499251784 95
1.0 0.13600534287973956 95
0.20465395495605843 0.33312761967886145 95
0.06196887983555343 0.13789500771157165 40
0.13486964777580746 0.8610913801340703 40
0.014079748101899537 0.49018539374357306 95
0.6182260982577915 0.6507301845519159 40
0.8449151458722938 0.11521149076106643 95
0.22200585584181493 0.3045783161817402 95
0.003618585610987725 0.5431268302241515 95
0.3868695673783359 0.224018603319307 40
1.0 0.5594707019678862 40
0.03812709240333671 0.6237311499251784 95
0.014860187146816783 0.5709068577872353 95
0.13486964777580746 0.8610913801340703 40
1.0 0.13600534287973956 95
0.0 0.046916904172764916 40
0.20465395495605843 0.33312761967886145 95
0.6516148045999931 0.1941708544867573 95
0.12364946688826997 0.9082720443660794 40
0.06196887983555343 0.13789500771157165 40
0.0 0.5172188000868831 95
0.14434591456426207 0.38699826483718347 95
0.22200585584181493 0.3045783161817402 95
0.01143941305368625 0.0 40
1.0 0.13600534287973956 95
0.41840527865725735 0.7935430574484258 95
0.13486964777580746 0.8610913801340703 40
0.003618585610987725 0.5431268302241515 95
0.325259960395722 0.741026301099011 40
0.10642164367619866 0.6776177484338352 95
0.12364946688826997 0.9082720443660794 40
0.12364946688826997 0.9082720443660794 40
0.7052449087617453 0.5993726076933502 40
0.6770347510594203 1.0 95
1.0 0.5594707019678862 40
0.046825030747189 0.4412956111124562 95
1.0 0.5594707019678862 40
0.4610330263164068 0.2759465878196711 40
0.03812709240333671 0.6237311499251784 95
0.3668863115529757 0.7599207075379024 95
0.5209271819117499 0.8249114563977683 95
0.4136644239545306 1.0 40
0.05441147266200549 0.649827912483742 95
0.14434591456426207 0.38699826483718347 95
0.41840527865725735 0.7935430574484258 95
0.023897392904111418 0.5958378188123356 95
0.806402467935112 0.050942537921673955 95
0.4381297857851303 0.26371451279257707 95
0.2617402586020983 0.7251353906812111 95
0.6516148045999931 0.1941708544867573 95
0.41840527865725735 0.7935430574484258 95
0.06196887983555343 0.13789500771157165 40
0.14434591456426207 0.38699826483718347 95
0.06196887983555343 0.13789500771157165 40
0.2617402586020983 0.7251353906812111 95
1.0 0.5594707019678862 40
0.0 0.046916904172764916 40
0.4610330263164068 0.2759465878196711 40
0.325259960395722 0.741026301099011 40
0.4136644239545306 1.0 40
0.08823898418202553 0.4135008498862859 95
0.046825030747189 0.4412956111124562 95
0.8449151458722938 0.11521149076106643 95
0.012485434875725664 0.08831295616790921 40
0.6182260982577915 0.6507301845519159 40
0.6182260982577915 0.6507301845519159 40
1.0 0.5594707019678862 40
1.0 0.13600534287973956 95
0.7052449087617453 0.5993726076933502 40
