0.19967520786803133 0.670170986589748 95
0.09300521339311028 0.6360159346588937 95
0.06480620165385806 0.60988890634255 95
0.046920172607080826 0.5824716474281294 95
0.03888842574515971 0.5538814282312948 95
0.019861777076183796 0.5269551235347306 95
0.002558919336505751 0.5017737854630656 95
0.0 0.4802480357526776 95
0.020181216987803303 0.44949669893248223 95
0.04028409788202101 0.4276023243538903 95
0.06791502721064249 0.39806469623422613 95
0.11173650608112072 0.3693177940154489 95
0.16204248415664424 0.345056498368885 95
0.17711658436590327 0.3142611961847464 95
0.17826376334966224 0.2880099177312108 95
0.20074384309884916 0.2599221487833529 95
0.5124268356300169 0.21504874054655365 95
0.5806559898798705 0.18015639964920735 95
0.6985693490539493 0.14250471100407416 95
0.9224453833287609 0.09517411043686183 95
0.785766727298682 0.07260386510477271 95
0.7566813708924769 0.040624100748748906 95
0.805728456899642 0.0 95
0.7747096352904259 1.0 95
0.6676421047470732 0.9558268757114797 95
0.7062437989336141 0.9248984764169557 95
0.7899677825498633 0.8964715155430741 95
1.0 0.8821040706906675 95
0.48060500523348826 0.7810470695132917 95
0.41837684577032885 0.7445982030739254 95
0.3557990576780065 0.7133467250241395 95
0.24291294853794154 0.6826318046938288 95
0.46573548913311225 0.7846167739081052 40
0.5859238270313781 0.7451055297096367 40
0.6628357693575245 0.6948147711864191 40
0.7590921672853688 0.6424560436009379 40
1.0 0.586075732447101 40
0.8601207936970631 0.41171942534571393 40
0.6231299089496293 0.35500101214081686 40
0.523577823027846 0.3037174315875504 40
0.44519504232459567 0.24176717733382477 40
0.12377922663342002 0.20176079100386046 40
0.03981976211007456 0.15378952401005078 40
0.005899406351959697 0.10397322754178698 40
0.0 0.051993453313880576 40
0.09245872070873978 0.0 40
0.23866164001386597 1.0 40
0.2090540727169865 0.9367781580635124 40
0.22559978283345858 0.8890420337440299 40
0.2870158255726461 0.8387714765736891 40
0.4357573045548779 0.7951858097498623 40
0.7566813708924769 0.040624100748748906 95
0.5806559898798705 0.18015639964920735 95
0.44519504232459567 0.24176717733382477 40
0.785766727298682 0.07260386510477271 95
0.8601207936970631 0.41171942534571393 40
0.4357573045548779 0.7951858097498623 40
0.002558919336505751 0.5017737854630656 95
0.24291294853794154 0.6826318046938288 95
0.06791502721064249 0.39806469623422613 95
0.17826376334966224 0.2880099177312108 95
1.0 0.586075732447101 40
0.20074384309884916 0.2599221487833529 95
0.8601207936970631 0.41171942534571393 40
0.005899406351959697 0.10397322754178698 40
0.2870158255726461 0.8387714765736891 40
0.20074384309884916 0.2599221487833529 95
0.06480620165385806 0.60988890634255 95
0.5806559898798705 0.18015639964920735 95
0.5806559898798705 0.18015639964920735 95
0.805728456899642 0.0 95
0.019861777076183796 0.5269551235347306 95
0.20074384309884916 0.2599221487833529 95
0.6231299089496293 0.35500101214081686 40
0.5124268356300169 0.21504874054655365 95
0.7747096352904259 1.0 95
0.20074384309884916 0.2599221487833529 95
0.046920172607080826 0.5824716474281294 95
0.20074384309884916 0.2599221487833529 95
0.48060500523348826 0.7810470695132917 95
0.019861777076183796 0.5269551235347306 95
0.046920172607080826 0.5824716474281294 95
0.002558919336505751 0.5017737854630656 95
0.06480620165385806 0.60988890634255 95
0.8601207936970631 0.41171942534571393 40
0.6231299089496293 0.35500101214081686 40
0.785766727298682 0.07260386510477271 95
0.12377922663342002 0.20176079100386046 40
0.4357573045548779 0.7951858097498623 40
0.3557990576780065 0.7133467250241395 95
0.6628357693575245 0.6948147711864191 40
0.7590921672853688 0.6424560436009379 40
0.523577823027846 0.3037174315875504 40
0.0 0.051993453313880576 40
1.0 0.8821040706906675 95
0.6985693490539493 0.14250471100407416 95
0.09245872070873978 0.0 40
0.16204248415664424 0.345056498368885 95
0.11173650608112072 0.3693177940154489 95
0.17711658436590327 0.3142611961847464 95
0.005899406351959697 0.10397322754178698 40
0.17711658436590327 0.3142611961847464 95
0.6985693490539493 0.14250471100407416 95
0.785766727298682 0.07260386510477271 95
0.0 0.051993453313880576 40
0.0 0.4802480357526776 95
0.12377922663342002 0.20176079100386046 40
0.23866164001386597 1.0 40
0.24291294853794154 0.6826318046938288 95
0.6231299089496293 0.35500101214081686 40
0.46573548913311225 0.7846167739081052 40
0.23866164001386597 1.0 40
0.16204248415664424 0.345056498368885 95
0.2870158255726461 0.8387714765736891 40
0.23866164001386597 1.0 40
0.7747096352904259 1.0 95
0.4357573045548779 0.7951858097498623 40
0.17711658436590327 0.3142611961847464 95
0.17711658436590327 0.3142611961847464 95
0.23866164001386597 1.0 40
0.23866164001386597 1.0 40
0.0 0.4802480357526776 95
0.12377922663342002 0.20176079100386046 40
0.24291294853794154 0.6826318046938288 95
0.8601207936970631 0.41171942534571393 40
0.19967520786803133 0.670170986589748 95
0.0 0.4802480357526776 95
0.6628357693575245 0.6948147711864191 40
