0.12206129637819654 0.6563189122365956 95
0.07103815518634823 0.6294929050039 95
0.0442028895100742 0.6017904229109717 95
0.041604345635722496 0.5699499698913669 95
0.0374506813418246 0.5448591051424624 95
0.020225713125828895 0.5192234388334912 95
0.0 0.488126613668129 95
0.01797258209059366 0.46677371970205545 95
0.02721375305847337 0.4361472941142077 95
0.0667152419583694 0.4121940320041239 95
0.1114057877442633 0.38007993352958286 95
0.14882822026314674 0.35209823738992113 95
0.18833913031347663 0.324098867377053 95
0.18355359244015237 0.2962576859027981 95
0.1944953027236778 0.26633296305211956 95
0.5035831159646368 0.22289310414858285 95
0.601919900142662 0.18862898937190575 95
0.6935147575854649 0.1464139598225564 95
1.0 0.09625719405901471 95
0.8505739062289235 0.07081626972077942 95
0.8170682511622795 0.04000702982670364 95
0.8551863443870819 0.0 95
0.7310753316063151 1.0 95
0.7265509644587689 0.9658969101039031 95
0.783195804657964 0.93136499083973 95
0.9206858405244964 0.9101939096399205 95
0.5936473002805899 0.8212393610837718 95
0.478736511470517 0.7803367773854912 95
0.42486268683920253 0.7450036149811913 95
0.33575450737801893 0.715223799637361 95
0.6026622795757601 0.7597487374883385 40
0.6861655662405292 0.7058208248543444 40
0.7637586425036147 0.6524029492017992 40
0.9976007550453467 0.6020394917346837 40
1.0 0.42134816765442284 40
0.6883123108319574 0.36173474131163397 40
0.575296814271527 0.3122335038900199 40
0.5030897535247807 0.2506519570385492 40
0.14757354526391528 0.2090525509356695 40
0.05987270120662072 0.16369438906821943 40
0.01232837009638405 0.11505674836680883 40
0.0 0.05865414110463802 40
0.04341968331762333 0.0 40
0.24867745601859959 1.0 40
0.22094261035554696 0.948562461739319 40
0.2299401055846766 0.8912656914647079 40
0.30811508282879274 0.8412310092228816 40
0.46472227169179126 0.7955927205079601 40
0.5936473002805899 0.8212393610837718 95
0.7265509644587689 0.9658969101039031 95
0.24867745601859959 1.0 40
0.6883123108319574 0.36173474131163397 40
0.6935147575854649 0.1464139598225564 95
0.020225713125828895 0.5192234388334912 95
0.18833913031347663 0.324098867377053 95
0.2299401055846766 0.8912656914647079 40
0.14757354526391528 0.2090525509356695 40
0.041604345635722496 0.5699499698913669 95
0.783195804657964 0.93136499083973 95
0.05987270120662072 0.16369438906821943 40
0.42486268683920253 0.7450036149811913 95
0.9206858405244964 0.9101939096399205 95
0.9976007550453467 0.6020394917346837 40
0.0374506813418246 0.5448591051424624 95
0.478736511470517 0.7803367773854912 95
0.5035831159646368 0.22289310414858285 95
0.2299401055846766 0.8912656914647079 40
0.0667152419583694 0.4121940320041239 95
0.30811508282879274 0.8412310092228816 40
0.30811508282879274 0.8412310092228816 40
0.6026622795757601 0.7597487374883385 40
0.601919900142662 0.18862898937190575 95
0.6883123108319574 0.36173474131163397 40
0.07103815518634823 0.6294929050039 95
0.8505739062289235 0.07081626972077942 95
0.0442028895100742 0.6017904229109717 95
0.5035831159646368 0.22289310414858285 95
0.0 0.488126613668129 95
0.30811508282879274 0.8412310092228816 40
0.05987270120662072 0.16369438906821943 40
0.01232837009638405 0.11505674836680883 40
0.2299401055846766 0.8912656914647079 40
0.1114057877442633 0.38007993352958286 95
0.01797258209059366 0.46677371970205545 95
0.6026622795757601 0.7597487374883385 40
0.12206129637819654 0.6563189122365956 95
0.5030897535247807 0.2506519570385492 40
0.33575450737801893 0.715223799637361 95
0.14882822026314674 0.35209823738992113 95
0.041604345635722496 0.5699499698913669 95
0.5030897535247807 0.2506519570385492 40
0.8170682511622795 0.04000702982670364 95
0.6935147575854649 0.1464139598225564 95
0.6861655662405292 0.7058208248543444 40
1.0 0.42134816765442284 40
0.0667152419583694 0.4121940320041239 95
0.783195804657964 0.93136499083973 95
0.1114057877442633 0.38007993352958286 95
0.5030897535247807 0.2506519570385492 40
0.0442028895100742 0.6017904229109717 95
0.041604345635722496 0.5699499698913669 95
0.0667152419583694 0.4121940320041239 95
0.6935147575854649 0.1464139598225564 95
0.42486268683920253 0.7450036149811913 95
0.8551863443870819 0.0 95
0.020225713125828895 0.5192234388334912 95
0.9976007550453467 0.6020394917346837 40
0.24867745601859959 1.0 40
0.0 0.05865414110463802 40
0.9976007550453467 0.6020394917346837 40
0.8551863443870819 0.0 95
0.478736511470517 0.7803367773854912 95
0.041604345635722496 0.5699499698913669 95
0.7310753316063151 1.0 95
0.0442028895100742 0.6017904229109717 95
0.14757354526391528 0.2090525509356695 40
0.33575450737801893 0.715223799637361 95
0.18833913031347663 0.324098867377053 95
0.0374506813418246 0.5448591051424624 95
0.5030897535247807 0.2506519570385492 40
0.04341968331762333 0.0 40
0.7265509644587689 0.9658969101039031 95
0.01232837009638405 0.11505674836680883 40
0.041604345635722496 0.5699499698913669 95
0.0374506813418246 0.5448591051424624 95
0.18833913031347663 0.324098867377053 95
0.24867745601859959 1.0 40
0.6861655662405292 0.7058208248543444 40
