0.19244540065732774 0.6731525580764495 95
0.0914904558203107 0.641592864584733 95
0.05461112399471026 0.6150200808531922 95
0.04760786096263296 0.5885220608544741 95
0.03288517999990142 0.5571863320101401 95
0.028805204073119074 0.5310417364831636 95
0.0026048473288558193 0.5087088275298803 95
0.0 0.4806405373270634 95
0.014861030766535919 0.45288136176969884 95
0.03665138127912975 0.42964319059221046 95
0.06710158155926957 0.4021024055866124 95
0.11683446468788479 0.37338574716808814 95
0.15932369268949423 0.3467594382523251 95
0.17433450740580958 0.31844860130542973 95
0.16344687418717718 0.288779019772298 95
0.21262529422208415 0.26072932200831134 95
0.5191461475732317 0.2188666783852525 95
0.5737979365571247 0.1832930511838277 95
0.7169393041282787 0.13973224850002622 95
0.8627516519998218 0.1007966061531696 95
0.7535012419298949 0.07043957004634865 95
0.7602863230651671 0.03904087240316024 95
0.8114178707617007 0.0 95
0.7397972198842618 1.0 95
0.658716357502575 0.9554139620748561 95
0.6888630380362346 0.9290844980972426 95
0.7921493833898472 0.9005504139222507 95
1.0 0.8841985467050991 95
0.5843061114652729 0.8193020839347623 95
0.4517314462509868 0.7817203484974854 95
0.4046767905020544 0.7461393786162411 95
0.3348651234166293 0.7126194612022814 95
0.218209502439643 0.6821918700899096 95
0.580398425314829 0.7236717612860463 40
0.6704637766872946 0.6689090276382793 40
0.7472085892626412 0.6143419385436217 40
0.94761311385505 0.569775503645276 40
1.0 0.376481293638582 40
0.7075272194499257 0.3222880266867279 40
0.5807961090327627 0.25367873993922707 40
0.49791562236796405 0.19622662834141333 40
0.16567301039310303 0.15052817597070683 40
0.058438766478136915 0.10327752192458933 40
0.016985538872474677 0.053070877382746164 40
0.0 0.0 40
0.25293987468951723 1.0 40
0.22025787817974848 0.9323421360395721 40
0.21412461331960445 0.8782301736790143 40
0.2607433222175887 0.8277578806337418 40
0.4013213461147376 0.7730196691158467 40
0.4517314462509868 0.7817203484974854 95
0.6888630380362346 0.9290844980972426 95
0.25293987468951723 1.0 40
0.94761311385505 0.569775503645276 40
1.0 0.376481293638582 40
0.658716357502575 0.9554139620748561 95
1.0 0.376481293638582 40
0.5843061114652729 0.8193020839347623 95
0.06710158155926957 0.4021024055866124 95
0.5737979365571247 0.1832930511838277 95
0.7397972198842618 1.0 95
0.6888630380362346 0.9290844980972426 95
0.06710158155926957 0.4021024055866124 95
0.3348651234166293 0.7126194612022814 95
0.4517314462509868 0.7817203484974854 95
1.0 0.376481293638582 40
0.218209502439643 0.6821918700899096 95
0.658716357502575 0.9554139620748561 95
0.0914904558203107 0.641592864584733 95
0.7921493833898472 0.9005504139222507 95
0.7075272194499257 0.3222880266867279 40
0.15932369268949423 0.3467594382523251 95
0.5737979365571247 0.1832930511838277 95
0.7169393041282787 0.13973224850002622 95
0.4517314462509868 0.7817203484974854 95
0.5737979365571247 0.1832930511838277 95
0.7397972198842618 1.0 95
0.7075272194499257 0.3222880266867279 40
0.218209502439643 0.6821918700899096 95
0.580398425314829 0.7236717612860463 40
0.058438766478136915 0.10327752192458933 40
0.4046767905020544 0.7461393786162411 95
0.3348651234166293 0.7126194612022814 95
0.7602863230651671 0.03904087240316024 95
0.7535012419298949 0.07043957004634865 95
0.7397972198842618 1.0 95
0.05461112399471026 0.6150200808531922 95
0.94761311385505 0.569775503645276 40
0.03288517999990142 0.5571863320101401 95
0.5807961090327627 0.25367873993922707 40
0.7472085892626412 0.6143419385436217 40
0.7535012419298949 0.07043957004634865 95
0.21262529422208415 0.26072932200831134 95
0.04760786096263296 0.5885220608544741 95
0.5807961090327627 0.25367873993922707 40
0.6704637766872946 0.6689090276382793 40
0.0 0.4806405373270634 95
0.658716357502575 0.9554139620748561 95
0.6704637766872946 0.6689090276382793 40
0.5843061114652729 0.8193020839347623 95
0.03665138127912975 0.42964319059221046 95
0.0914904558203107 0.641592864584733 95
0.06710158155926957 0.4021024055866124 95
0.016985538872474677 0.053070877382746164 40
0.3348651234166293 0.7126194612022814 95
0.8627516519998218 0.1007966061531696 95
0.7602863230651671 0.03904087240316024 95
0.21412461331960445 0.8782301736790143 40
0.17433450740580958 0.31844860130542973 95
0.3348651234166293 0.7126194612022814 95
0.21412461331960445 0.8782301736790143 40
0.0914904558203107 0.641592864584733 95
0.4013213461147376 0.7730196691158467 40
0.16567301039310303 0.15052817597070683 40
0.16344687418717718 0.288779019772298 95
0.7075272194499257 0.3222880266867279 40
0.8114178707617007 0.0 95
0.218209502439643 0.6821918700899096 95
0.21412461331960445 0.8782301736790143 40
0.03665138127912975 0.42964319059221046 95
0.8114178707617007 0.0 95
0.6704637766872946 0.6689090276382793 40
0.94761311385505 0.569775503645276 40
0.7535012419298949 0.07043957004634865 95
0.21262529422208415 0.26072932200831134 95
0.94761311385505 0.569775503645276 40
0.658716357502575 0.9554139620748561 95
0.0 0.0 40
