0.12503878562488335 0.6699435734538892 95
0.06683611770810188 0.6435895451165573 95
0.04298311845633792 0.6129821295151503 95
0.02993191565139248 0.5888123875287047 95
0.0242972615977301 0.5646172254070183 95
0.016978604266309427 0.5347416291288549 95
0.0 0.5126172404071933 95
0.008055897104610587 0.48282530697644765 95
0.023621622803490085 0.4575909907679903 95
0.041301077972286084 0.43357373794328374 95
0.07783445854532654 0.40524717856250686 95
0.12825976764393893 0.37573795557627354 95
0.15526806813225355 0.35188782879055563 95
0.16333001358750932 0.3210522125755201 95
0.1603819925152859 0.2970281644587941 95
0.24685788526983712 0.2617629921985091 95
0.4869810072523762 0.22285197854350935 95
0.5401858835456387 0.1871306850216322 95
0.8750664948588025 0.131239738608794 95
0.7529033181913258 0.10706965252007343 95
0.6955329654675452 0.0810101954793494 95
0.7131072658987809 0.04498760018588362 95
0.8025780673587509 0.0 95
0.6509096437836712 1.0 95
0.6033665585242912 0.9624916508586351 95
0.6402557430825204 0.9317546322210514 95
0.7499593966920051 0.9076706414379733 95
1.0 0.8957151950760006 95
0.529203401393506 0.8243397430052172 95
0.4051138047947932 0.7824244228617153 95
0.35963967540127967 0.7529687268939205 95
0.29377694110230007 0.7196748212896212 95
0.17584272405708484 0.6849052354957824 95
0.6056549685269691 0.739529615882823 40
0.6867488544947646 0.6822397275915336 40
0.7625200481739989 0.634786406504 40
0.9892851046442578 0.58233540467842 40
1.0 0.4129129039973366 40
0.6873159958656114 0.35490304117187027 40
0.5664953509484284 0.29443729193303586 40
0.5003006986575717 0.24508649121222967 40
0.15149784450549636 0.1942194422717874 40
0.06083875556758862 0.15266832004106928 40
0.01367585325993066 0.09750483030798503 40
0.0 0.04981159539050565 40
0.05023090575030225 0.0 40
0.26241256381815575 1.0 40
0.2241603212549828 0.9325900536598659 40
0.21549127282953012 0.8871517802932436 40
0.26404039317472716 0.8354885818490534 40
0.4029361155672255 0.7955186361993185 40
0.05023090575030225 0.0 40
0.21549127282953012 0.8871517802932436 40
0.07783445854532654 0.40524717856250686 95
0.6867488544947646 0.6822397275915336 40
0.26241256381815575 1.0 40
0.7499593966920051 0.9076706414379733 95
0.7131072658987809 0.04498760018588362 95
0.0242972615977301 0.5646172254070183 95
0.008055897104610587 0.48282530697644765 95
0.02993191565139248 0.5888123875287047 95
0.21549127282953012 0.8871517802932436 40
0.7529033181913258 0.10706965252007343 95
0.8025780673587509 0.0 95
0.21549127282953012 0.8871517802932436 40
0.02993191565139248 0.5888123875287047 95
0.21549127282953012 0.8871517802932436 40
0.26404039317472716 0.8354885818490534 40
0.6509096437836712 1.0 95
0.01367585325993066 0.09750483030798503 40
0.6402557430825204 0.9317546322210514 95
0.07783445854532654 0.40524717856250686 95
0.26241256381815575 1.0 40
0.24685788526983712 0.2617629921985091 95
0.041301077972286084 0.43357373794328374 95
0.26404039317472716 0.8354885818490534 40
0.6056549685269691 0.739529615882823 40
0.5401858835456387 0.1871306850216322 95
0.21549127282953012 0.8871517802932436 40
0.7131072658987809 0.04498760018588362 95
0.6402557430825204 0.9317546322210514 95
0.17584272405708484 0.6849052354957824 95
0.4051138047947932 0.7824244228617153 95
0.15149784450549636 0.1942194422717874 40
0.4051138047947932 0.7824244228617153 95
0.6873159958656114 0.35490304117187027 40
0.0242972615977301 0.5646172254070183 95
0.4051138047947932 0.7824244228617153 95
0.24685788526983712 0.2617629921985091 95
0.12825976764393893 0.37573795557627354 95
0.17584272405708484 0.6849052354957824 95
0.35963967540127967 0.7529687268939205 95
0.0242972615977301 0.5646172254070183 95
0.4869810072523762 0.22285197854350935 95
0.6033665585242912 0.9624916508586351 95
0.8025780673587509 0.0 95
0.6033665585242912 0.9624916508586351 95
0.6867488544947646 0.6822397275915336 40
0.8025780673587509 0.0 95
0.6873159958656114 0.35490304117187027 40
0.07783445854532654 0.40524717856250686 95
0.529203401393506 0.8243397430052172 95
0.04298311845633792 0.6129821295151503 95
0.5003006986575717 0.24508649121222967 40
0.16333001358750932 0.3210522125755201 95
0.041301077972286084 0.43357373794328374 95
0.06083875556758862 0.15266832004106928 40
0.6509096437836712 1.0 95
0.29377694110230007 0.7196748212896212 95
0.0 0.5126172404071933 95
1.0 0.8957151950760006 95
0.0 0.04981159539050565 40
0.01367585325993066 0.09750483030798503 40
0.4051138047947932 0.7824244228617153 95
0.016978604266309427 0.5347416291288549 95
0.008055897104610587 0.48282530697644765 95
0.5664953509484284 0.29443729193303586 40
0.06083875556758862 0.15266832004106928 40
0.15149784450549636 0.1942194422717874 40
0.4051138047947932 0.7824244228617153 95
0.15149784450549636 0.1942194422717874 40
0.24685788526983712 0.2617629921985091 95
0.7499593966920051 0.9076706414379733 95
0.023621622803490085 0.4575909907679903 95
0.01367585325993066 0.09750483030798503 40
0.016978604266309427 0.5347416291288549 95
0.21549127282953012 0.8871517802932436 40
1.0 0.4129129039973366 40
