0.016492952438774258 0.5015723973338229 95
0.044884696228373065 0.4717043057648458 95
0.0648972326740706 0.4386286508735831 95
0.08465120037595156 0.41491394367022694 95
0.11647814194865796 0.38153227448839644 95
0.16457047954378834 0.35056833709026064 95
0.2036905559930589 0.3212190375878298 95
0.2577229897343615 0.29189512601105977 95
0.32963563118465045 0.2570589525509517 95
0.3928246953657296 0.22439151213404562 95
0.4422440567256422 0.19586374381749838 95
0.4657518770315419 0.15871455489062572 95
0.6145214256998771 0.1212624370270183 95
0.9923609386836915 0.0762544755640544 95
0.9403513143149844 0.03779223958505398 95
1.0 0.0 95
0.7393104429850272 1.0 95
0.7398208293569611 0.9622117725908602 95
0.35549591951581405 0.8729010163253264 95
0.28786757111240346 0.8310170167766343 95
0.21026830212609054 0.7873549321461955 95
0.19774854963794827 0.7529984990991508 95
0.1810276105899737 0.7177914735289965 95
0.15757141305533776 0.6793815749186125 95
0.11074659703476336 0.6463621549053598 95
0.07362615651162313 0.6147359536362595 95
0.029040154061485947 0.5773589174485361 95
0.0 0.545103595833726 95
0.1755647901523966 0.795939339511325 40
0.29593027647044584 0.7514470507499081 40
0.4589000267584602 0.7096605232726968 40
0.6906940220511314 0.6719399126751615 40
1.0 0.6291818657934691 40
0.6637581156843856 0.4379094367478814 40
0.46214031318684556 0.39350782106017523 40
0.3084174445839571 0.345168705832538 40
0.21511741986275304 0.3048133756200661 40
0.17214997688373865 0.2632489922194762 40
0.18919035930181397 0.21600166746595828 40
0.20839637989220447 0.16909849727149173 40
0.2825351839338362 0.12227135273086148 40
0.39279902082519963 0.07256676320541296 40
0.7423006739516607 0.0 40
0.14561225723509524 1.0 40
0.027758193461616162 0.9456778800938864 40
0.0 0.8991312542024918 40
0.04469836738977899 0.8590317609233024 40
0.28786757111240346 0.8310170167766343 95
0.9923609386836915 0.0762544755640544 95
0.044884696228373065 0.4717043057648458 95
0.6906940220511314 0.6719399126751615 40
1.0 0.0 95
0.0 0.8991312542024918 40
1.0 0.6291818657934691 40
0.14561225723509524 1.0 40
0.0648972326740706 0.4386286508735831 95
0.4589000267584602 0.7096605232726968 40
0.21026830212609054 0.7873549321461955 95
0.016492952438774258 0.5015723973338229 95
0.21026830212609054 0.7873549321461955 95
0.21026830212609054 0.7873549321461955 95
0.7393104429850272 1.0 95
0.2825351839338362 0.12227135273086148 40
0.6145214256998771 0.1212624370270183 95
0.9403513143149844 0.03779223958505398 95
0.1810276105899737 0.7177914735289965 95
0.08465120037595156 0.41491394367022694 95
0.2577229897343615 0.29189512601105977 95
0.21026830212609054 0.7873549321461955 95
0.18919035930181397 0.21600166746595828 40
0.35549591951581405 0.8729010163253264 95
0.2825351839338362 0.12227135273086148 40
0.4657518770315419 0.15871455489062572 95
0.0648972326740706 0.4386286508735831 95
0.19774854963794827 0.7529984990991508 95
0.1810276105899737 0.7177914735289965 95
0.9403513143149844 0.03779223958505398 95
0.15757141305533776 0.6793815749186125 95
0.15757141305533776 0.6793815749186125 95
0.027758193461616162 0.9456778800938864 40
0.16457047954378834 0.35056833709026064 95
0.04469836738977899 0.8590317609233024 40
0.029040154061485947 0.5773589174485361 95
0.7393104429850272 1.0 95
0.29593027647044584 0.7514470507499081 40
0.0 0.545103595833726 95
0.6145214256998771 0.1212624370270183 95
0.3928246953657296 0.22439151213404562 95
0.4657518770315419 0.15871455489062572 95
0.9923609386836915 0.0762544755640544 95
0.3084174445839571 0.345168705832538 40
0.29593027647044584 0.7514470507499081 40
0.0 0.8991312542024918 40
0.17214997688373865 0.2632489922194762 40
0.39279902082519963 0.07256676320541296 40
0.0 0.8991312542024918 40
0.9403513143149844 0.03779223958505398 95
0.0 0.545103595833726 95
0.28786757111240346 0.8310170167766343 95
0.4657518770315419 0.15871455489062572 95
0.3928246953657296 0.22439151213404562 95
0.7423006739516607 0.0 40
0.08465120037595156 0.41491394367022694 95
0.32963563118465045 0.2570589525509517 95
0.6637581156843856 0.4379094367478814 40
0.32963563118465045 0.2570589525509517 95
0.20839637989220447 0.16909849727149173 40
0.04469836738977899 0.8590317609233024 40
0.18919035930181397 0.21600166746595828 40
0.35549591951581405 0.8729010163253264 95
0.0 0.545103595833726 95
0.7398208293569611 0.9622117725908602 95
0.46214031318684556 0.39350782106017523 40
0.4589000267584602 0.7096605232726968 40
0.15757141305533776 0.6793815749186125 95
0.3084174445839571 0.345168705832538 40
0.0 0.545103595833726 95
0.14561225723509524 1.0 40
0.16457047954378834 0.35056833709026064 95
0.7393104429850272 1.0 95
0.3928246953657296 0.22439151213404562 95
0.20839637989220447 0.16909849727149173 40
0.32963563118465045 0.2570589525509517 95
0.17214997688373865 0.2632489922194762 40
0.18919035930181397 0.21600166746595828 40
0.4589000267584602 0.7096605232726968 40
0.7393104429850272 1.0 95
0.29593027647044584 0.7514470507499081 40
0.0 0.8991312542024918 40
0.07362615651162313 0.6147359536362595 95
0.14561225723509524 1.0 40
0.9923609386836915 0.0762544755640544 95
0.08465120037595156 0.41491394367022694 95
0.1810276105899737 0.7177914735289965 95
1.0 0.6291818657934691 40
0.04469836738977899 0.8590317609233024 40
0.3928246953657296 0.22439151213404562 95
0.2825351839338362 0.12227135273086148 40
0.21026830212609054 0.7873549321461955 95
0.15757141305533776 0.6793815749186125 95
0.9923609386836915 0.0762544755640544 95
0.6145214256998771 0.1212624370270183 95
0.35549591951581405 0.8729010163253264 95
0.0 0.545103595833726 95
0.46214031318684556 0.39350782106017523 40
0.07362615651162313 0.6147359536362595 95
0.29593027647044584 0.7514470507499081 40
0.04469836738977899 0.8590317609233024 40
0.0 0.545103595833726 95
0.15757141305533776 0.6793815749186125 95
0.19774854963794827 0.7529984990991508 95
0.2825351839338362 0.12227135273086148 40
0.21511741986275304 0.3048133756200661 40
0.044884696228373065 0.4717043057648458 95
0.016492952438774258 0.5015723973338229 95
0.29593027647044584 0.7514470507499081 40
0.4589000267584602 0.7096605232726968 40
0.15757141305533776 0.6793815749186125 95
0.0 0.8991312542024918 40
0.1810276105899737 0.7177914735289965 95
0.7398208293569611 0.9622117725908602 95
0.7398208293569611 0.9622117725908602 95
0.1755647901523966 0.795939339511325 40
0.4657518770315419 0.15871455489062572 95
0.9403513143149844 0.03779223958505398 95
0.6906940220511314 0.6719399126751615 40
0.04469836738977899 0.8590317609233024 40
0.044884696228373065 0.4717043057648458 95
0.1810276105899737 0.7177914735289965 95
0.11647814194865796 0.38153227448839644 95
0.6637581156843856 0.4379094367478814 40
0.1810276105899737 0.7177914735289965 95
0.0 0.8991312542024918 40
0.4589000267584602 0.7096605232726968 40
0.7398208293569611 0.9622117725908602 95
0.39279902082519963 0.07256676320541296 40
0.16457047954378834 0.35056833709026064 95
0.6637581156843856 0.4379094367478814 40
0.0 0.545103595833726 95
0.28786757111240346 0.8310170167766343 95
0.4657518770315419 0.15871455489062572 95
0.28786757111240346 0.8310170167766343 95
0.32963563118465045 0.2570589525509517 95
0.0 0.8991312542024918 40
0.029040154061485947 0.5773589174485361 95
0.0 0.545103595833726 95
0.19774854963794827 0.7529984990991508 95
0.29593027647044584 0.7514470507499081 40
0.46214031318684556 0.39350782106017523 40
0.2577229897343615 0.29189512601105977 95
0.21026830212609054 0.7873549321461955 95
0.46214031318684556 0.39350782106017523 40
0.7393104429850272 1.0 95
0.6145214256998771 0.1212624370270183 95
0.28786757111240346 0.8310170167766343 95
0.2036905559930589 0.3212190375878298 95
0.11647814194865796 0.38153227448839644 95
0.11074659703476336 0.6463621549053598 95
0.35549591951581405 0.8729010163253264 95
0.39279902082519963 0.07256676320541296 40
0.19774854963794827 0.7529984990991508 95
0.7393104429850272 1.0 95
0.6906940220511314 0.6719399126751615 40
0.6637581156843856 0.4379094367478814 40
0.35549591951581405 0.8729010163253264 95
0.0 0.545103595833726 95
0.044884696228373065 0.4717043057648458 95
0.4589000267584602 0.7096605232726968 40
0.28786757111240346 0.8310170167766343 95
0.20839637989220447 0.16909849727149173 40
0.029040154061485947 0.5773589174485361 95
0.029040154061485947 0.5773589174485361 95
0.4589000267584602 0.7096605232726968 40
0.08465120037595156 0.41491394367022694 95
0.28786757111240346 0.8310170167766343 95
0.0648972326740706 0.4386286508735831 95
0.11074659703476336 0.6463621549053598 95
0.35549591951581405 0.8729010163253264 95
0.39279902082519963 0.07256676320541296 40
0.29593027647044584 0.7514470507499081 40
0.46214031318684556 0.39350782106017523 40
0.3084174445839571 0.345168705832538 40
0.4422440567256422 0.19586374381749838 95
0.3928246953657296 0.22439151213404562 95
1.0 0.0 95
0.7398208293569611 0.9622117725908602 95
0.0648972326740706 0.4386286508735831 95
0.35549591951581405 0.8729010163253264 95
1.0 0.0 95
0.0 0.545103595833726 95
0.6145214256998771 0.1212624370270183 95
0.28786757111240346 0.8310170167766343 95
0.11647814194865796 0.38153227448839644 95
0.0 0.8991312542024918 40
0.39279902082519963 0.07256676320541296 40
0.18919035930181397 0.21600166746595828 40
0.3084174445839571 0.345168705832538 40
1.0 0.0 95
0.11647814194865796 0.38153227448839644 95
0.016492952438774258 0.5015723973338229 95
0.17214997688373865 0.2632489922194762 40
0.2825351839338362 0.12227135273086148 40
0.32963563118465045 0.2570589525509517 95
0.4422440567256422 0.19586374381749838 95
0.2825351839338362 0.12227135273086148 40
0.0648972326740706 0.4386286508735831 95
0.11074659703476336 0.6463621549053598 95
0.21511741986275304 0.3048133756200661 40
0.7398208293569611 0.9622117725908602 95
0.14561225723509524 1.0 40
0.6906940220511314 0.6719399126751615 40
0.2825351839338362 0.12227135273086148 40
1.0 0.0 95
0.11074659703476336 0.6463621549053598 95
0.21026830212609054 0.7873549321461955 95
0.0648972326740706 0.4386286508735831 95
