0.10635699526827722 0.6638043824527272 95
0.0646688574743029 0.6314509194242584 95
0.03370261152611766 0.6059604464198743 95
0.03236843977154975 0.5808289624290617 95
0.022142983124676743 0.5528659617657695 95
0.0 0.5256916581917783 95
0.007177521529941124 0.49918267424531426 95
0.02268845393720501 0.47023648329330364 95
0.037523423826029675 0.4413611793674305 95
0.07590873424790458 0.4154991007777197 95
0.13692364274472593 0.3888109993480709 95
0.1851648875386247 0.35980648845705954 95
0.20002934132038835 0.329734924429041 95
0.19434000705119586 0.3008752273725901 95
0.25021704583450227 0.2710546827134236 95
0.5720566287664052 0.22603940551285942 95
0.6345676749824586 0.19148461379531825 95
0.8265540224749348 0.14864792413925704 95
0.9864043319723511 0.10692835011781764 95
0.8813607457238625 0.07684610920823925 95
0.8627013333583374 0.04090851856261168 95
0.9396570997659964 0.0 95
0.7466119280123763 1.0 95
0.7520492693641297 0.9656041400020181 95
0.8434963488521414 0.9357795190628934 95
1.0 0.9180864894658016 95
0.5812546095019887 0.8174516909965158 95
0.49674129333830486 0.7836707429988529 95
0.4246268688009051 0.7480565463752049 95
0.3006279717656398 0.7162301613766335 95
0.46220278171249224 0.7173181171528626 40
0.5655597105490839 0.6662097495045285 40
0.6316843991142771 0.6210450337681669 40
0.7462740782958123 0.5766209570898462 40
1.0 0.5317513019981976 40
0.7545962899129001 0.3684423486446402 40
0.5763839087823607 0.3150217598978547 40
0.4922757524313269 0.2734981154598075 40
0.3946228651292805 0.22459744021157832 40
0.0876426806146411 0.18250853676178333 40
0.03421555589527349 0.1449638503666059 40
0.0 0.10236731298048694 40
0.0027835054025018746 0.053759101389113946 40
0.10439230833300339 0.0 40
0.7182705758399995 1.0 40
0.19143766634676962 0.8952000929650884 40
0.179582048251828 0.8458108883300716 40
0.2006490591618515 0.795485136679325 40
0.27717283694825817 0.7575553079594107 40
0.49674129333830486 0.7836707429988529 95
0.02268845393720501 0.47023648329330364 95
0.19143766634676962 0.8952000929650884 40
0.4246268688009051 0.7480565463752049 95
0.037523423826029675 0.4413611793674305 95
0.7545962899129001 0.3684423486446402 40
0.8627013333583374 0.04090851856261168 95
0.7466119280123763 1.0 95
1.0 0.9180864894658016 95
0.7545962899129001 0.3684423486446402 40
0.2006490591618515 0.795485136679325 40
0.7545962899129001 0.3684423486446402 40
0.8627013333583374 0.04090851856261168 95
0.25021704583450227 0.2710546827134236 95
0.0646688574743029 0.6314509194242584 95
0.02268845393720501 0.47023648329330364 95
0.0646688574743029 0.6314509194242584 95
0.8265540224749348 0.14864792413925704 95
0.03370261152611766 0.6059604464198743 95
0.4246268688009051 0.7480565463752049 95
0.4246268688009051 0.7480565463752049 95
0.7520492693641297 0.9656041400020181 95
0.007177521529941124 0.49918267424531426 95
0.03236843977154975 0.5808289624290617 95
0.7182705758399995 1.0 40
0.9864043319723511 0.10692835011781764 95
0.5655597105490839 0.6662097495045285 40
0.6316843991142771 0.6210450337681669 40
0.9396570997659964 0.0 95
0.6345676749824586 0.19148461379531825 95
0.4922757524313269 0.2734981154598075 40
0.02268845393720501 0.47023648329330364 95
0.10635699526827722 0.6638043824527272 95
0.5655597105490839 0.6662097495045285 40
0.007177521529941124 0.49918267424531426 95
0.6345676749824586 0.19148461379531825 95
0.2006490591618515 0.795485136679325 40
0.03236843977154975 0.5808289624290617 95
0.7520492693641297 0.9656041400020181 95
0.0646688574743029 0.6314509194242584 95
0.2006490591618515 0.795485136679325 40
0.5763839087823607 0.3150217598978547 40
0.8265540224749348 0.14864792413925704 95
0.4246268688009051 0.7480565463752049 95
1.0 0.5317513019981976 40
0.022142983124676743 0.5528659617657695 95
0.8434963488521414 0.9357795190628934 95
1.0 0.9180864894658016 95
0.46220278171249224 0.7173181171528626 40
0.2006490591618515 0.795485136679325 40
0.9864043319723511 0.10692835011781764 95
1.0 0.5317513019981976 40
0.8265540224749348 0.14864792413925704 95
0.7545962899129001 0.3684423486446402 40
0.5655597105490839 0.6662097495045285 40
0.4246268688009051 0.7480565463752049 95
0.19143766634676962 0.8952000929650884 40
0.007177521529941124 0.49918267424531426 95
0.25021704583450227 0.2710546827134236 95
0.8265540224749348 0.14864792413925704 95
0.0 0.5256916581917783 95
0.9864043319723511 0.10692835011781764 95
0.007177521529941124 0.49918267424531426 95
0.19434000705119586 0.3008752273725901 95
0.7466119280123763 1.0 95
0.5655597105490839 0.6662097495045285 40
0.03236843977154975 0.5808289624290617 95
0.8265540224749348 0.14864792413925704 95
0.8265540224749348 0.14864792413925704 95
0.10439230833300339 0.0 40
0.03370261152611766 0.6059604464198743 95
0.7466119280123763 1.0 95
0.5812546095019887 0.8174516909965158 95
0.19143766634676962 0.8952000929650884 40
0.02268845393720501 0.47023648329330364 95
0.0 0.5256916581917783 95
0.03421555589527349 0.1449638503666059 40
0.6345676749824586 0.19148461379531825 95
0.022142983124676743 0.5528659617657695 95
