0.025717507791681124 0.5034087226494853 95
0.039551142020015494 0.4775992602673957 95
0.07230191972561363 0.4460587885704446 95
0.09112297782964494 0.4161561772026585 95
0.13544550722526869 0.38548866638336066 95
0.17500580754132042 0.35933468700660054 95
0.2119195446351229 0.324759153796184 95
0.27039004693205837 0.29593953372376125 95
0.33981204871745524 0.25943030635412856 95
0.4271786923018718 0.22782120991770452 95
0.4567247875205399 0.19808134137367442 95
0.47398617048548236 0.1612970724124435 95
0.6515326371663545 0.12438168351514739 95
0.9890030901333651 0.07767699628990986 95
0.9549201356904485 0.04240962004536831 95
1.0 0.0 95
0.7347246471159538 1.0 95
0.7657995109219997 0.9599139243323662 95
0.3436887130551195 0.8718427072379715 95
0.27474007596781347 0.8286533167135164 95
0.22048127446058965 0.7875289393813519 95
0.20515685348474993 0.7488826254725893 95
0.19066719527962742 0.7126303735274765 95
0.1541602883272143 0.6801688055268883 95
0.10419372114276264 0.6450471991832868 95
0.07228773286795281 0.6114916343865542 95
0.0207282698439018 0.5734298682351032 95
0.0 0.5404492086272548 95
0.16312021403985275 0.7936204385552077 40
0.2769607171010169 0.7472186863468522 40
0.43147316320899803 0.7079747589855208 40
0.6930871121088525 0.6681557928942283 40
1.0 0.6222338693311839 40
0.7825697875528033 0.4283174829313588 40
0.5501758653249413 0.3867893690169235 40
0.3658135101372245 0.33927708915991384 40
0.2557058194201124 0.29188562445137806 40
0.1943566447799746 0.25220456767742144 40
0.19149579906150813 0.20294063320378697 40
0.23477151326057125 0.15600286426969562 40
0.2946374725906806 0.1123231965351684 40
0.4081125430314259 0.056171813556003626 40
0.6419747618928575 0.0 40
0.1913976368090787 1.0 40
0.030969943985518632 0.9471828335460158 40
0.0 0.8981256008869429 40
0.01570642694309016 0.8499173022224497 40
0.0954756531727224 0.8079810815036068 40
0.47398617048548236 0.1612970724124435 95
0.27039004693205837 0.29593953372376125 95
0.4567247875205399 0.19808134137367442 95
0.4567247875205399 0.19808134137367442 95
0.7657995109219997 0.9599139243323662 95
0.19066719527962742 0.7126303735274765 95
1.0 0.6222338693311839 40
0.9890030901333651 0.07767699628990986 95
0.20515685348474993 0.7488826254725893 95
0.43147316320899803 0.7079747589855208 40
0.2119195446351229 0.324759153796184 95
0.1943566447799746 0.25220456767742144 40
0.16312021403985275 0.7936204385552077 40
0.9890030901333651 0.07767699628990986 95
0.33981204871745524 0.25943030635412856 95
0.7347246471159538 1.0 95
0.1541602883272143 0.6801688055268883 95
0.6930871121088525 0.6681557928942283 40
0.0 0.8981256008869429 40
0.0954756531727224 0.8079810815036068 40
0.0207282698439018 0.5734298682351032 95
0.1541602883272143 0.6801688055268883 95
0.22048127446058965 0.7875289393813519 95
0.4271786923018718 0.22782120991770452 95
0.6930871121088525 0.6681557928942283 40
0.07230191972561363 0.4460587885704446 95
0.7347246471159538 1.0 95
0.4081125430314259 0.056171813556003626 40
0.17500580754132042 0.35933468700660054 95
0.2119195446351229 0.324759153796184 95
0.9549201356904485 0.04240962004536831 95
0.5501758653249413 0.3867893690169235 40
0.7657995109219997 0.9599139243323662 95
0.030969943985518632 0.9471828335460158 40
0.0 0.8981256008869429 40
0.1541602883272143 0.6801688055268883 95
0.3658135101372245 0.33927708915991384 40
0.0954756531727224 0.8079810815036068 40
0.13544550722526869 0.38548866638336066 95
0.3436887130551195 0.8718427072379715 95
0.4081125430314259 0.056171813556003626 40
0.7347246471159538 1.0 95
0.4567247875205399 0.19808134137367442 95
1.0 0.6222338693311839 40
0.7347246471159538 1.0 95
0.030969943985518632 0.9471828335460158 40
0.9890030901333651 0.07767699628990986 95
0.4567247875205399 0.19808134137367442 95
0.0 0.8981256008869429 40
0.0 0.8981256008869429 40
0.5501758653249413 0.3867893690169235 40
0.025717507791681124 0.5034087226494853 95
0.2769607171010169 0.7472186863468522 40
0.47398617048548236 0.1612970724124435 95
0.9549201356904485 0.04240962004536831 95
0.13544550722526869 0.38548866638336066 95
0.3658135101372245 0.33927708915991384 40
0.1913976368090787 1.0 40
0.9549201356904485 0.04240962004536831 95
0.23477151326057125 0.15600286426969562 40
0.2946374725906806 0.1123231965351684 40
0.6419747618928575 0.0 40
0.025717507791681124 0.5034087226494853 95
0.13544550722526869 0.38548866638336066 95
0.1541602883272143 0.6801688055268883 95
0.17500580754132042 0.35933468700660054 95
0.07228773286795281 0.6114916343865542 95
0.27474007596781347 0.8286533167135164 95
0.10419372114276264 0.6450471991832868 95
0.3436887130551195 0.8718427072379715 95
0.2119195446351229 0.324759153796184 95
0.01570642694309016 0.8499173022224497 40
0.13544550722526869 0.38548866638336066 95
0.0 0.5404492086272548 95
0.7657995109219997 0.9599139243323662 95
1.0 0.0 95
0.10419372114276264 0.6450471991832868 95
0.19149579906150813 0.20294063320378697 40
0.27039004693205837 0.29593953372376125 95
0.09112297782964494 0.4161561772026585 95
0.4567247875205399 0.19808134137367442 95
0.1913976368090787 1.0 40
0.23477151326057125 0.15600286426969562 40
0.07228773286795281 0.6114916343865542 95
0.7347246471159538 1.0 95
0.3658135101372245 0.33927708915991384 40
0.4271786923018718 0.22782120991770452 95
0.3658135101372245 0.33927708915991384 40
0.47398617048548236 0.1612970724124435 95
0.7347246471159538 1.0 95
0.3436887130551195 0.8718427072379715 95
0.10419372114276264 0.6450471991832868 95
0.07228773286795281 0.6114916343865542 95
0.2119195446351229 0.324759153796184 95
1.0 0.0 95
0.7657995109219997 0.9599139243323662 95
0.4567247875205399 0.19808134137367442 95
0.4567247875205399 0.19808134137367442 95
0.4271786923018718 0.22782120991770452 95
0.6930871121088525 0.6681557928942283 40
0.039551142020015494 0.4775992602673957 95
0.4081125430314259 0.056171813556003626 40
0.09112297782964494 0.4161561772026585 95
0.1913976368090787 1.0 40
1.0 0.6222338693311839 40
0.1541602883272143 0.6801688055268883 95
0.20515685348474993 0.7488826254725893 95
0.2946374725906806 0.1123231965351684 40
1.0 0.6222338693311839 40
0.0954756531727224 0.8079810815036068 40
0.039551142020015494 0.4775992602673957 95
1.0 0.0 95
0.2946374725906806 0.1123231965351684 40
0.43147316320899803 0.7079747589855208 40
0.2769607171010169 0.7472186863468522 40
1.0 0.0 95
0.0 0.8981256008869429 40
0.23477151326057125 0.15600286426969562 40
0.09112297782964494 0.4161561772026585 95
0.7657995109219997 0.9599139243323662 95
0.10419372114276264 0.6450471991832868 95
0.1541602883272143 0.6801688055268883 95
0.20515685348474993 0.7488826254725893 95
0.01570642694309016 0.8499173022224497 40
0.039551142020015494 0.4775992602673957 95
0.6515326371663545 0.12438168351514739 95
0.1541602883272143 0.6801688055268883 95
0.16312021403985275 0.7936204385552077 40
0.0207282698439018 0.5734298682351032 95
0.20515685348474993 0.7488826254725893 95
0.1913976368090787 1.0 40
0.10419372114276264 0.6450471991832868 95
0.19066719527962742 0.7126303735274765 95
0.7347246471159538 1.0 95
0.20515685348474993 0.7488826254725893 95
0.7825697875528033 0.4283174829313588 40
0.2769607171010169 0.7472186863468522 40
0.025717507791681124 0.5034087226494853 95
0.0 0.5404492086272548 95
0.025717507791681124 0.5034087226494853 95
0.10419372114276264 0.6450471991832868 95
0.07230191972561363 0.4460587885704446 95
0.1913976368090787 1.0 40
0.20515685348474993 0.7488826254725893 95
0.47398617048548236 0.1612970724124435 95
0.6930871121088525 0.6681557928942283 40
0.7825697875528033 0.4283174829313588 40
1.0 0.6222338693311839 40
0.1541602883272143 0.6801688055268883 95
0.5501758653249413 0.3867893690169235 40
0.4567247875205399 0.19808134137367442 95
0.1541602883272143 0.6801688055268883 95
0.6419747618928575 0.0 40
0.27474007596781347 0.8286533167135164 95
0.5501758653249413 0.3867893690169235 40
0.07228773286795281 0.6114916343865542 95
1.0 0.6222338693311839 40
0.13544550722526869 0.38548866638336066 95
0.6515326371663545 0.12438168351514739 95
0.23477151326057125 0.15600286426969562 40
0.20515685348474993 0.7488826254725893 95
0.0954756531727224 0.8079810815036068 40
0.16312021403985275 0.7936204385552077 40
0.17500580754132042 0.35933468700660054 95
0.07230191972561363 0.4460587885704446 95
0.6419747618928575 0.0 40
0.01570642694309016 0.8499173022224497 40
0.0 0.5404492086272548 95
0.4271786923018718 0.22782120991770452 95
1.0 0.0 95
0.3436887130551195 0.8718427072379715 95
0.039551142020015494 0.4775992602673957 95
0.9890030901333651 0.07767699628990986 95
0.9549201356904485 0.04240962004536831 95
0.0 0.5404492086272548 95
0.33981204871745524 0.25943030635412856 95
0.27474007596781347 0.8286533167135164 95
0.4081125430314259 0.056171813556003626 40
0.2769607171010169 0.7472186863468522 40
0.4081125430314259 0.056171813556003626 40
0.0207282698439018 0.5734298682351032 95
0.19066719527962742 0.7126303735274765 95
0.9549201356904485 0.04240962004536831 95
0.10419372114276264 0.6450471991832868 95
0.43147316320899803 0.7079747589855208 40
0.19066719527962742 0.7126303735274765 95
0.19066719527962742 0.7126303735274765 95
0.22048127446058965 0.7875289393813519 95
0.19149579906150813 0.20294063320378697 40
0.0207282698439018 0.5734298682351032 95
0.6515326371663545 0.12438168351514739 95
0.039551142020015494 0.4775992602673957 95
0.19149579906150813 0.20294063320378697 40
0.09112297782964494 0.4161561772026585 95
0.17500580754132042 0.35933468700660054 95
0.3436887130551195 0.8718427072379715 95
0.2769607171010169 0.7472186863468522 40
0.01570642694309016 0.8499173022224497 40
0.10419372114276264 0.6450471991832868 95
0.030969943985518632 0.9471828335460158 40
0.07228773286795281 0.6114916343865542 95
0.17500580754132042 0.35933468700660054 95
0.1541602883272143 0.6801688055268883 95
0.27039004693205837 0.29593953372376125 95
0.4081125430314259 0.056171813556003626 40
0.22048127446058965 0.7875289393813519 95
0.3658135101372245 0.33927708915991384 40
0.7825697875528033 0.4283174829313588 40
