0.0843479685728641 0.6303605191110125 95
0.04742478966869834 0.605722107194101 95
0.03834615869541688 0.578931433579053 95
0.034789761741744495 0.5541984636194943 95
0.016492210274411143 0.5291865891611675 95
0.0 0.5007717209056932 95
0.0037281307052822866 0.47327599097615175 95
0.026099128571181827 0.4475375907456752 95
0.03460703494461314 0.4251205818334913 95
0.08095438511133572 0.39666024748825135 95
0.134543214535147 0.3710556068341373 95
0.17356350264976858 0.342081861913829 95
0.1834430588959494 0.31466159356064816 95
0.16815522950241774 0.28553284761605263 95
0.24641088885196205 0.2541083657848436 95
0.5396460618321539 0.2137599048357502 95
0.6036344885277332 0.18114913137910385 95
0.7821081154572629 0.13854778568159962 95
0.8966007210061542 0.10116453901209646 95
0.779558221092361 0.07217076379487418 95
0.779592080455436 0.04232399177055292 95
0.8407491637264581 0.0 95
0.7964062652399433 1.0 95
0.6861820526259398 0.9516490529255167 95
0.7116186718108806 0.9192861739984755 95
0.7970732601690108 0.8960765563296104 95
1.0 0.8762228854213401 95
0.4995604152112612 0.7803106040593163 95
0.43512381821666746 0.7471504785134069 95
0.3677734787235241 0.7108866907540702 95
0.23931063307287523 0.6753535357011613 95
0.46004527346400814 0.703965256345286 40
0.5624251549357143 0.6620989133895305 40
0.6395440615013211 0.6160855440373977 40
0.746803142673675 0.5707746939794338 40
1.0 0.5233589238063099 40
0.765576200194278 0.3691676434353881 40
0.5916473882718452 0.3124306535386324 40
0.49758023134194584 0.2628703108599649 40
0.3965811891594187 0.21748615673222643 40
0.09533412473690811 0.18569944995808013 40
0.029300990441312704 0.13577893458700685 40
0.002173322626205304 0.09526313233556243 40
0.0 0.05181931299889638 40
0.12566617903571153 0.0 40
0.7249990612679668 1.0 40
0.19287158167266874 0.884973208271907 40
0.18616840831428585 0.8398679163419916 40
0.20675285310890418 0.7871452604592859 40
0.29362361915149615 0.7445108014146998 40
0.3677734787235241 0.7108866907540702 95
0.0843479685728641 0.6303605191110125 95
0.7821081154572629 0.13854778568159962 95
0.7821081154572629 0.13854778568159962 95
0.46004527346400814 0.703965256345286 40
0.6395440615013211 0.6160855440373977 40
0.026099128571181827 0.4475375907456752 95
0.16815522950241774 0.28553284761605263 95
0.12566617903571153 0.0 40
0.49758023134194584 0.2628703108599649 40
0.016492210274411143 0.5291865891611675 95
0.034789761741744495 0.5541984636194943 95
0.6861820526259398 0.9516490529255167 95
0.09533412473690811 0.18569944995808013 40
0.5396460618321539 0.2137599048357502 95
0.034789761741744495 0.5541984636194943 95
0.17356350264976858 0.342081861913829 95
0.0037281307052822866 0.47327599097615175 95
0.0037281307052822866 0.47327599097615175 95
0.03460703494461314 0.4251205818334913 95
0.7249990612679668 1.0 40
0.134543214535147 0.3710556068341373 95
0.779558221092361 0.07217076379487418 95
0.6036344885277332 0.18114913137910385 95
0.6861820526259398 0.9516490529255167 95
0.029300990441312704 0.13577893458700685 40
0.03460703494461314 0.4251205818334913 95
0.5916473882718452 0.3124306535386324 40
0.0843479685728641 0.6303605191110125 95
0.0 0.5007717209056932 95
0.08095438511133572 0.39666024748825135 95
0.8407491637264581 0.0 95
0.03834615869541688 0.578931433579053 95
0.3965811891594187 0.21748615673222643 40
0.6036344885277332 0.18114913137910385 95
0.8966007210061542 0.10116453901209646 95
0.5916473882718452 0.3124306535386324 40
0.03834615869541688 0.578931433579053 95
0.5624251549357143 0.6620989133895305 40
0.3677734787235241 0.7108866907540702 95
0.026099128571181827 0.4475375907456752 95
0.03834615869541688 0.578931433579053 95
0.779592080455436 0.04232399177055292 95
0.016492210274411143 0.5291865891611675 95
0.17356350264976858 0.342081861913829 95
0.7821081154572629 0.13854778568159962 95
0.46004527346400814 0.703965256345286 40
0.6036344885277332 0.18114913137910385 95
0.134543214535147 0.3710556068341373 95
0.12566617903571153 0.0 40
1.0 0.8762228854213401 95
0.0037281307052822866 0.47327599097615175 95
0.6036344885277332 0.18114913137910385 95
0.6036344885277332 0.18114913137910385 95
0.1834430588959494 0.31466159356064816 95
0.20675285310890418 0.7871452604592859 40
0.46004527346400814 0.703965256345286 40
0.5624251549357143 0.6620989133895305 40
0.779592080455436 0.04232399177055292 95
0.016492210274411143 0.5291865891611675 95
0.6036344885277332 0.18114913137910385 95
0.026099128571181827 0.4475375907456752 95
1.0 0.5233589238063099 40
0.03460703494461314 0.4251205818334913 95
0.5624251549357143 0.6620989133895305 40
0.46004527346400814 0.703965256345286 40
0.20675285310890418 0.7871452604592859 40
0.7964062652399433 1.0 95
0.029300990441312704 0.13577893458700685 40
0.18616840831428585 0.8398679163419916 40
0.8966007210061542 0.10116453901209646 95
0.765576200194278 0.3691676434353881 40
0.5624251549357143 0.6620989133895305 40
0.0843479685728641 0.6303605191110125 95
0.43512381821666746 0.7471504785134069 95
0.7249990612679668 1.0 40
0.0843479685728641 0.6303605191110125 95
0.5916473882718452 0.3124306535386324 40
