0.0008320301506551829 0.5039367461713651 95
0.03080212630592295 0.47176363053774084 95
0.05075393831452475 0.44163010566941985 95
0.07209875520065494 0.41314235816493244 95
0.10444934159828048 0.37988483151626545 95
0.14436706315740017 0.3545119780331198 95
0.19275495479493174 0.32175774993267675 95
0.2387888695241817 0.2924053057586232 95
0.3050189981614611 0.2579882239579943 95
0.39121389786753485 0.22780650771373637 95
0.4319647888045623 0.191696402095634 95
0.4647967527812883 0.15904656791726857 95
0.5130093645981197 0.12355219848273681 95
1.0 0.07018204505250952 95
0.9346672364505386 0.03900987474927299 95
0.9766460270829906 0.0 95
0.7252700169056024 1.0 95
0.7074658981227172 0.9559948741348235 95
0.6089850923148227 0.9046288462295465 95
0.28941628077748044 0.8331286674748722 95
0.220610459860888 0.7883795667194815 95
0.19821213404555704 0.7510976155087714 95
0.18977933227369867 0.7145152799380676 95
0.15429241478714734 0.6797834942918448 95
0.11258712788566672 0.6439882010366744 95
0.07555996462761355 0.6067770582000853 95
0.03509084005273381 0.5732028364988687 95
0.0 0.5445770903167245 95
0.08291979805531424 0.8027243088598309 40
0.23450341149827275 0.7606739943806131 40
0.42026707483122755 0.7243075540247301 40
0.66513112908406 0.6803444933974848 40
1.0 0.6338487520476798 40
0.7460724074420011 0.4364690098899571 40
0.5486198877000409 0.39058508860741864 40
0.3922517763941344 0.3494761715454783 40
0.28807306339836725 0.30050779499852937 40
0.23784795861350108 0.25912427307469177 40
0.22691362846977844 0.21189194775009842 40
0.25346001110500654 0.16587507575287092 40
0.30059987770848473 0.11352798834555686 40
0.40484723465504313 0.05775769587962203 40
0.5926354679180088 0.0 40
0.1501356849144665 1.0 40
0.027326128759137855 0.9491979283542369 40
0.0 0.9018962839683203 40
0.04457267389299849 0.8572645233334992 40
0.03509084005273381 0.5732028364988687 95
0.7074658981227172 0.9559948741348235 95
0.0 0.5445770903167245 95
0.28807306339836725 0.30050779499852937 40
0.1501356849144665 1.0 40
0.40484723465504313 0.05775769587962203 40
0.25346001110500654 0.16587507575287092 40
0.39121389786753485 0.22780650771373637 95
0.08291979805531424 0.8027243088598309 40
0.4319647888045623 0.191696402095634 95
0.14436706315740017 0.3545119780331198 95
0.3922517763941344 0.3494761715454783 40
1.0 0.07018204505250952 95
0.23784795861350108 0.25912427307469177 40
0.30059987770848473 0.11352798834555686 40
0.22691362846977844 0.21189194775009842 40
0.03080212630592295 0.47176363053774084 95
0.22691362846977844 0.21189194775009842 40
0.23784795861350108 0.25912427307469177 40
0.40484723465504313 0.05775769587962203 40
0.19821213404555704 0.7510976155087714 95
0.04457267389299849 0.8572645233334992 40
0.19821213404555704 0.7510976155087714 95
0.19275495479493174 0.32175774993267675 95
0.3922517763941344 0.3494761715454783 40
0.14436706315740017 0.3545119780331198 95
0.027326128759137855 0.9491979283542369 40
0.1501356849144665 1.0 40
0.23450341149827275 0.7606739943806131 40
0.07555996462761355 0.6067770582000853 95
1.0 0.6338487520476798 40
0.22691362846977844 0.21189194775009842 40
0.23784795861350108 0.25912427307469177 40
0.10444934159828048 0.37988483151626545 95
0.30059987770848473 0.11352798834555686 40
0.5130093645981197 0.12355219848273681 95
0.28807306339836725 0.30050779499852937 40
0.39121389786753485 0.22780650771373637 95
0.23784795861350108 0.25912427307469177 40
0.14436706315740017 0.3545119780331198 95
1.0 0.07018204505250952 95
0.03080212630592295 0.47176363053774084 95
0.14436706315740017 0.3545119780331198 95
0.0 0.9018962839683203 40
0.15429241478714734 0.6797834942918448 95
0.5926354679180088 0.0 40
0.30059987770848473 0.11352798834555686 40
0.2387888695241817 0.2924053057586232 95
0.9346672364505386 0.03900987474927299 95
0.19821213404555704 0.7510976155087714 95
0.4647967527812883 0.15904656791726857 95
0.18977933227369867 0.7145152799380676 95
0.9346672364505386 0.03900987474927299 95
0.9766460270829906 0.0 95
0.40484723465504313 0.05775769587962203 40
0.0 0.9018962839683203 40
0.4319647888045623 0.191696402095634 95
0.28807306339836725 0.30050779499852937 40
0.30059987770848473 0.11352798834555686 40
0.7252700169056024 1.0 95
0.5130093645981197 0.12355219848273681 95
0.30059987770848473 0.11352798834555686 40
0.23450341149827275 0.7606739943806131 40
0.30059987770848473 0.11352798834555686 40
0.7074658981227172 0.9559948741348235 95
0.39121389786753485 0.22780650771373637 95
0.5486198877000409 0.39058508860741864 40
0.23450341149827275 0.7606739943806131 40
0.5130093645981197 0.12355219848273681 95
0.2387888695241817 0.2924053057586232 95
0.39121389786753485 0.22780650771373637 95
0.220610459860888 0.7883795667194815 95
0.2387888695241817 0.2924053057586232 95
0.0 0.9018962839683203 40
0.5926354679180088 0.0 40
0.7074658981227172 0.9559948741348235 95
0.11258712788566672 0.6439882010366744 95
0.19275495479493174 0.32175774993267675 95
0.07555996462761355 0.6067770582000853 95
0.5926354679180088 0.0 40
0.7460724074420011 0.4364690098899571 40
0.23450341149827275 0.7606739943806131 40
0.23784795861350108 0.25912427307469177 40
0.23784795861350108 0.25912427307469177 40
0.15429241478714734 0.6797834942918448 95
0.4647967527812883 0.15904656791726857 95
0.40484723465504313 0.05775769587962203 40
0.2387888695241817 0.2924053057586232 95
0.5486198877000409 0.39058508860741864 40
0.3050189981614611 0.2579882239579943 95
0.23450341149827275 0.7606739943806131 40
0.07555996462761355 0.6067770582000853 95
0.42026707483122755 0.7243075540247301 40
0.25346001110500654 0.16587507575287092 40
0.4647967527812883 0.15904656791726857 95
0.39121389786753485 0.22780650771373637 95
0.6089850923148227 0.9046288462295465 95
0.03080212630592295 0.47176363053774084 95
0.4319647888045623 0.191696402095634 95
0.18977933227369867 0.7145152799380676 95
0.30059987770848473 0.11352798834555686 40
0.3050189981614611 0.2579882239579943 95
0.15429241478714734 0.6797834942918448 95
0.1501356849144665 1.0 40
0.05075393831452475 0.44163010566941985 95
0.22691362846977844 0.21189194775009842 40
0.5926354679180088 0.0 40
1.0 0.07018204505250952 95
0.7460724074420011 0.4364690098899571 40
0.66513112908406 0.6803444933974848 40
0.3050189981614611 0.2579882239579943 95
0.9766460270829906 0.0 95
0.7460724074420011 0.4364690098899571 40
0.28807306339836725 0.30050779499852937 40
0.19821213404555704 0.7510976155087714 95
0.39121389786753485 0.22780650771373637 95
0.027326128759137855 0.9491979283542369 40
0.03509084005273381 0.5732028364988687 95
0.03509084005273381 0.5732028364988687 95
0.30059987770848473 0.11352798834555686 40
1.0 0.6338487520476798 40
0.2387888695241817 0.2924053057586232 95
0.22691362846977844 0.21189194775009842 40
0.28807306339836725 0.30050779499852937 40
0.28807306339836725 0.30050779499852937 40
0.39121389786753485 0.22780650771373637 95
0.07209875520065494 0.41314235816493244 95
0.25346001110500654 0.16587507575287092 40
0.07209875520065494 0.41314235816493244 95
0.39121389786753485 0.22780650771373637 95
0.027326128759137855 0.9491979283542369 40
0.28807306339836725 0.30050779499852937 40
0.14436706315740017 0.3545119780331198 95
0.07555996462761355 0.6067770582000853 95
0.66513112908406 0.6803444933974848 40
0.30059987770848473 0.11352798834555686 40
0.0008320301506551829 0.5039367461713651 95
0.0 0.5445770903167245 95
0.23450341149827275 0.7606739943806131 40
0.2387888695241817 0.2924053057586232 95
0.4647967527812883 0.15904656791726857 95
0.4319647888045623 0.191696402095634 95
0.1501356849144665 1.0 40
0.25346001110500654 0.16587507575287092 40
0.7252700169056024 1.0 95
0.1501356849144665 1.0 40
0.03509084005273381 0.5732028364988687 95
0.15429241478714734 0.6797834942918448 95
0.25346001110500654 0.16587507575287092 40
0.15429241478714734 0.6797834942918448 95
0.08291979805531424 0.8027243088598309 40
0.19275495479493174 0.32175774993267675 95
0.5486198877000409 0.39058508860741864 40
0.66513112908406 0.6803444933974848 40
0.19275495479493174 0.32175774993267675 95
0.05075393831452475 0.44163010566941985 95
0.0 0.5445770903167245 95
0.28807306339836725 0.30050779499852937 40
0.11258712788566672 0.6439882010366744 95
0.7460724074420011 0.4364690098899571 40
0.18977933227369867 0.7145152799380676 95
0.5130093645981197 0.12355219848273681 95
0.40484723465504313 0.05775769587962203 40
0.03509084005273381 0.5732028364988687 95
0.40484723465504313 0.05775769587962203 40
0.0 0.9018962839683203 40
0.07555996462761355 0.6067770582000853 95
0.22691362846977844 0.21189194775009842 40
0.11258712788566672 0.6439882010366744 95
0.15429241478714734 0.6797834942918448 95
0.7460724074420011 0.4364690098899571 40
0.23450341149827275 0.7606739943806131 40
0.23450341149827275 0.7606739943806131 40
0.9346672364505386 0.03900987474927299 95
0.05075393831452475 0.44163010566941985 95
0.05075393831452475 0.44163010566941985 95
0.66513112908406 0.6803444933974848 40
0.15429241478714734 0.6797834942918448 95
0.3050189981614611 0.2579882239579943 95
0.027326128759137855 0.9491979283542369 40
0.9766460270829906 0.0 95
0.5130093645981197 0.12355219848273681 95
0.3922517763941344 0.3494761715454783 40
0.19275495479493174 0.32175774993267675 95
0.42026707483122755 0.7243075540247301 40
0.28941628077748044 0.8331286674748722 95
0.05075393831452475 0.44163010566941985 95
0.0008320301506551829 0.5039367461713651 95
0.07555996462761355 0.6067770582000853 95
0.39121389786753485 0.22780650771373637 95
0.0 0.5445770903167245 95
0.10444934159828048 0.37988483151626545 95
0.10444934159828048 0.37988483151626545 95
0.220610459860888 0.7883795667194815 95
0.4647967527812883 0.15904656791726857 95
0.28807306339836725 0.30050779499852937 40
0.42026707483122755 0.7243075540247301 40
0.07209875520065494 0.41314235816493244 95
0.9346672364505386 0.03900987474927299 95
0.5130093645981197 0.12355219848273681 95
0.0008320301506551829 0.5039367461713651 95
0.22691362846977844 0.21189194775009842 40
0.25346001110500654 0.16587507575287092 40
0.66513112908406 0.6803444933974848 40
0.027326128759137855 0.9491979283542369 40
0.15429241478714734 0.6797834942918448 95
0.0008320301506551829 0.5039367461713651 95
0.6089850923148227 0.9046288462295465 95
0.5486198877000409 0.39058508860741864 40
