0.10933712124377447 0.6625121077290211 95
0.057452093791500417 0.6350266317280083 95
0.03938205180523375 0.6065091853038165 95
0.038154117348913344 0.581316638454343 95
0.02834489860172845 0.5510643605505835 95
0.004170810436215928 0.5232029574674836 95
0.0 0.4979835156896859 95
0.03144875356208188 0.4713777943507373 95
0.03698824390798354 0.4416388114490603 95
0.07590165846958567 0.41282007445595914 95
0.13354532040065395 0.38613266163352666 95
0.17985251935259203 0.35544002254772455 95
0.20154526192864178 0.32940945620133905 95
0.19612990021749854 0.2977627425861321 95
0.26217125414662196 0.2676032191112601 95
0.5643293301563621 0.2242617608275305 95
0.6374093487291749 0.18966411673854325 95
0.8060039369289248 0.14928364382848322 95
0.9844655588893573 0.1018553649852856 95
0.8864414756829659 0.07579397167004945 95
0.8662277855934181 0.043234283209978505 95
0.9388933836955394 0.0 95
0.7443216601999371 1.0 95
0.7519265298092841 0.9673039394784104 95
0.8300382610678771 0.9357072261264001 95
1.0 0.9141526160069531 95
0.5442324110084198 0.8197840013143056 95
0.46889866380423606 0.7795571297889545 95
0.41155124378960334 0.7499329384738918 95
0.2898033403915842 0.7142710123547048 95
0.5708763749470982 0.7721782742735267 40
0.6520203894092279 0.7218718454400652 40
0.7335789815945744 0.6790894340307608 40
0.9446937220750367 0.6300889284385058 40
1.0 0.46304835347021905 40
0.7049785265462443 0.4071469903460495 40
0.5740734804478447 0.3578496681548436 40
0.50472102015769 0.3103423533178176 40
0.17208175737511017 0.26491154920962656 40
0.05238073826196439 0.21872522692974516 40
0.009109143780715735 0.17686090622094897 40
0.0 0.13013290549875361 40
0.030962077225581325 0.08048188572819485 40
0.4564046412273622 0.0 40
0.23373835500906198 1.0 40
0.20101371636080184 0.9436538928946424 40
0.21177471674554144 0.897932932981169 40
0.27118299305123855 0.8477517544132209 40
0.42676483966689 0.8083250236186625 40
0.009109143780715735 0.17686090622094897 40
0.8864414756829659 0.07579397167004945 95
1.0 0.9141526160069531 95
0.2898033403915842 0.7142710123547048 95
0.0 0.4979835156896859 95
1.0 0.46304835347021905 40
0.7443216601999371 1.0 95
0.03938205180523375 0.6065091853038165 95
0.038154117348913344 0.581316638454343 95
0.6374093487291749 0.18966411673854325 95
0.02834489860172845 0.5510643605505835 95
0.5740734804478447 0.3578496681548436 40
0.9388933836955394 0.0 95
0.02834489860172845 0.5510643605505835 95
0.27118299305123855 0.8477517544132209 40
0.17985251935259203 0.35544002254772455 95
0.038154117348913344 0.581316638454343 95
0.2898033403915842 0.7142710123547048 95
0.0 0.4979835156896859 95
0.46889866380423606 0.7795571297889545 95
0.030962077225581325 0.08048188572819485 40
0.17985251935259203 0.35544002254772455 95
0.4564046412273622 0.0 40
0.5643293301563621 0.2242617608275305 95
0.5740734804478447 0.3578496681548436 40
0.038154117348913344 0.581316638454343 95
0.6374093487291749 0.18966411673854325 95
0.5643293301563621 0.2242617608275305 95
1.0 0.46304835347021905 40
0.27118299305123855 0.8477517544132209 40
0.03938205180523375 0.6065091853038165 95
0.6374093487291749 0.18966411673854325 95
0.23373835500906198 1.0 40
0.038154117348913344 0.581316638454343 95
0.23373835500906198 1.0 40
0.42676483966689 0.8083250236186625 40
0.030962077225581325 0.08048188572819485 40
0.42676483966689 0.8083250236186625 40
0.5740734804478447 0.3578496681548436 40
0.5708763749470982 0.7721782742735267 40
1.0 0.46304835347021905 40
0.8864414756829659 0.07579397167004945 95
0.13354532040065395 0.38613266163352666 95
0.07590165846958567 0.41282007445595914 95
0.009109143780715735 0.17686090622094897 40
0.5643293301563621 0.2242617608275305 95
0.7335789815945744 0.6790894340307608 40
0.03144875356208188 0.4713777943507373 95
0.0 0.4979835156896859 95
0.20154526192864178 0.32940945620133905 95
1.0 0.46304835347021905 40
0.10933712124377447 0.6625121077290211 95
0.8300382610678771 0.9357072261264001 95
0.5442324110084198 0.8197840013143056 95
0.10933712124377447 0.6625121077290211 95
0.0 0.4979835156896859 95
0.27118299305123855 0.8477517544132209 40
0.8060039369289248 0.14928364382848322 95
0.50472102015769 0.3103423533178176 40
0.5740734804478447 0.3578496681548436 40
0.07590165846958567 0.41282007445595914 95
0.46889866380423606 0.7795571297889545 95
1.0 0.9141526160069531 95
0.20154526192864178 0.32940945620133905 95
0.030962077225581325 0.08048188572819485 40
0.004170810436215928 0.5232029574674836 95
0.8662277855934181 0.043234283209978505 95
0.7519265298092841 0.9673039394784104 95
0.46889866380423606 0.7795571297889545 95
0.7443216601999371 1.0 95
0.5643293301563621 0.2242617608275305 95
0.6520203894092279 0.7218718454400652 40
0.009109143780715735 0.17686090622094897 40
0.2898033403915842 0.7142710123547048 95
0.10933712124377447 0.6625121077290211 95
0.4564046412273622 0.0 40
0.9446937220750367 0.6300889284385058 40
0.8060039369289248 0.14928364382848322 95
0.6374093487291749 0.18966411673854325 95
