0.09554981625598032 0.6656423089090447 95
0.05090301547445547 0.6350603698639186 95
0.03755810152370099 0.6056287941533605 95
0.03345223300346795 0.5819488624724568 95
0.021209058493868213 0.555133609379441 95
0.0 0.525967515280948 95
0.006335603947319051 0.4990315118263077 95
0.03147431001510157 0.4707538206802496 95
0.041612909018438005 0.44432716284141544 95
0.08681165285625625 0.4193873816726298 95
0.13854175535881522 0.3893873578429264 95
0.1744672873698581 0.359179402890976 95
0.19831660648320099 0.33122897382029426 95
0.1927978284900363 0.29945397055575085 95
0.26397809190419746 0.2683417281758282 95
0.5432595091281587 0.22562978289100147 95
0.6099878314573325 0.19223175492944888 95
0.8236857220512961 0.14833315014374443 95
0.9468430273648728 0.10583478799646279 95
0.832466767625315 0.07807523552600999 95
0.8375984156674129 0.041993843455447113 95
0.9227636893248652 0.0 95
0.7279122017176776 1.0 95
0.7227589769991826 0.9658217527844492 95
0.815078389262448 0.9378477133014017 95
1.0 0.9203974164290348 95
0.49284538004235745 0.8143127423635553 95
0.4338433636960065 0.7811659263421717 95
0.36943656488128773 0.7487491618043414 95
0.25550562440158286 0.7107193855859646 95
0.5814262410906873 0.7518870915321875 40
0.6566468192517524 0.7024211051817401 40
0.7462424373283506 0.6559356182160189 40
0.9585322754264565 0.6092289222143914 40
1.0 0.4502784891993673 40
0.7392502604830254 0.3947417643122816 40
0.5943844684933743 0.3380804098163687 40
0.5207867148997679 0.2904062060457357 40
0.2022582219850106 0.2518489295688805 40
0.06590431075260961 0.2092681072439112 40
0.01877946824221719 0.160637785485586 40
0.0 0.11711614083235734 40
0.0268063535951868 0.06943225098163953 40
0.41521179828158117 0.0 40
0.3486190774971198 1.0 40
0.2058427214838197 0.9335553296192425 40
0.20982184049961478 0.8841104977981207 40
0.24941590824069065 0.8366616200902184 40
0.37342849693885605 0.7945184670048426 40
0.2022582219850106 0.2518489295688805 40
0.41521179828158117 0.0 40
0.25550562440158286 0.7107193855859646 95
0.01877946824221719 0.160637785485586 40
0.26397809190419746 0.2683417281758282 95
0.49284538004235745 0.8143127423635553 95
0.021209058493868213 0.555133609379441 95
0.19831660648320099 0.33122897382029426 95
0.03345223300346795 0.5819488624724568 95
0.2058427214838197 0.9335553296192425 40
0.7279122017176776 1.0 95
0.2022582219850106 0.2518489295688805 40
0.0268063535951868 0.06943225098163953 40
0.7227589769991826 0.9658217527844492 95
0.2022582219850106 0.2518489295688805 40
0.5207867148997679 0.2904062060457357 40
0.03147431001510157 0.4707538206802496 95
0.41521179828158117 0.0 40
0.7392502604830254 0.3947417643122816 40
0.20982184049961478 0.8841104977981207 40
0.7392502604830254 0.3947417643122816 40
0.1744672873698581 0.359179402890976 95
0.832466767625315 0.07807523552600999 95
0.4338433636960065 0.7811659263421717 95
0.24941590824069065 0.8366616200902184 40
0.5814262410906873 0.7518870915321875 40
0.0 0.525967515280948 95
0.021209058493868213 0.555133609379441 95
0.7227589769991826 0.9658217527844492 95
0.05090301547445547 0.6350603698639186 95
0.5207867148997679 0.2904062060457357 40
0.9227636893248652 0.0 95
0.7392502604830254 0.3947417643122816 40
0.3486190774971198 1.0 40
0.5207867148997679 0.2904062060457357 40
0.20982184049961478 0.8841104977981207 40
0.49284538004235745 0.8143127423635553 95
0.09554981625598032 0.6656423089090447 95
0.08681165285625625 0.4193873816726298 95
0.2022582219850106 0.2518489295688805 40
0.7462424373283506 0.6559356182160189 40
0.01877946824221719 0.160637785485586 40
0.9585322754264565 0.6092289222143914 40
0.021209058493868213 0.555133609379441 95
0.26397809190419746 0.2683417281758282 95
0.7462424373283506 0.6559356182160189 40
0.8375984156674129 0.041993843455447113 95
0.24941590824069065 0.8366616200902184 40
1.0 0.4502784891993673 40
0.05090301547445547 0.6350603698639186 95
0.49284538004235745 0.8143127423635553 95
0.006335603947319051 0.4990315118263077 95
0.8375984156674129 0.041993843455447113 95
0.09554981625598032 0.6656423089090447 95
0.9468430273648728 0.10583478799646279 95
0.09554981625598032 0.6656423089090447 95
0.37342849693885605 0.7945184670048426 40
0.5432595091281587 0.22562978289100147 95
0.4338433636960065 0.7811659263421717 95
0.03147431001510157 0.4707538206802496 95
0.5943844684933743 0.3380804098163687 40
0.41521179828158117 0.0 40
0.832466767625315 0.07807523552600999 95
0.6099878314573325 0.19223175492944888 95
0.7462424373283506 0.6559356182160189 40
0.832466767625315 0.07807523552600999 95
0.19831660648320099 0.33122897382029426 95
0.021209058493868213 0.555133609379441 95
0.6566468192517524 0.7024211051817401 40
0.0268063535951868 0.06943225098163953 40
0.41521179828158117 0.0 40
0.06590431075260961 0.2092681072439112 40
0.26397809190419746 0.2683417281758282 95
0.8236857220512961 0.14833315014374443 95
0.49284538004235745 0.8143127423635553 95
0.7227589769991826 0.9658217527844492 95
0.0268063535951868 0.06943225098163953 40
0.9585322754264565 0.6092289222143914 40
0.2058427214838197 0.9335553296192425 40
