0.11325498254977814 0.6625173419413335 95
0.06353109982616782 0.6308561515214198 95
0.03981862228092395 0.603630072461253 95
0.03100896622747588 0.5763014687423871 95
0.01988276180956477 0.5468957267456924 95
0.005836808788004615 0.5176655922789631 95
0.0 0.4913999197631413 95
0.02429726686291318 0.46543805046527714 95
0.02841792894610077 0.4372673378042188 95
0.05382422872888081 0.4152126231846008 95
0.1118666357806825 0.3821027222149425 95
0.16129130721646437 0.3550040204879536 95
0.1929111016699572 0.32726470315198164 95
0.19693304462477484 0.2978738366458316 95
0.21741972282805658 0.26765509424646583 95
0.4916848155451191 0.22453510124055728 95
0.5834931716159149 0.19047919505297223 95
0.6762766178990423 0.14916486828237646 95
1.0 0.09620701613842446 95
0.8490929373719635 0.07309025933817467 95
0.8181564536798154 0.038211416702276 95
0.8686358460726935 0.0 95
0.7606211075229391 1.0 95
0.7244652994098395 0.9607922013978835 95
0.7798828781741525 0.9307978691635697 95
0.9258851061772329 0.9114080562820962 95
0.549426913383384 0.8158068968195683 95
0.4571445449040439 0.7759696113512937 95
0.40940979517410697 0.7425280776816634 95
0.308142222156651 0.7096235218046327 95
0.4432563148788732 0.7629157543538407 40
0.5167491489262802 0.7200332129708413 40
0.5860605489329791 0.6650110430200749 40
0.7247644646012991 0.6199258681925925 40
1.0 0.573663421558368 40
0.6090133099598872 0.40268395105203053 40
0.5061401610917402 0.34561092345936745 40
0.42295286774868407 0.29920699536561696 40
0.19429904315816984 0.25467784999547577 40
0.06197064715563843 0.20281334928298558 40
0.019082547087355833 0.16182136513191328 40
0.0 0.11591967013426348 40
0.00474250598479303 0.06134612066998915 40
0.19496297873652096 0.0 40
0.1946952954133132 1.0 40
0.1610249100729207 0.9358540553192624 40
0.16482710237225662 0.8919756335590859 40
0.19253881941485615 0.8413393592660393 40
0.30186034604946144 0.8061195611751867 40
0.1610249100729207 0.9358540553192624 40
0.1118666357806825 0.3821027222149425 95
0.40940979517410697 0.7425280776816634 95
0.8686358460726935 0.0 95
0.00474250598479303 0.06134612066998915 40
0.4432563148788732 0.7629157543538407 40
0.7798828781741525 0.9307978691635697 95
0.549426913383384 0.8158068968195683 95
0.19496297873652096 0.0 40
0.7798828781741525 0.9307978691635697 95
0.21741972282805658 0.26765509424646583 95
0.19429904315816984 0.25467784999547577 40
0.005836808788004615 0.5176655922789631 95
0.00474250598479303 0.06134612066998915 40
0.6090133099598872 0.40268395105203053 40
0.5167491489262802 0.7200332129708413 40
0.01988276180956477 0.5468957267456924 95
0.02841792894610077 0.4372673378042188 95
0.19496297873652096 0.0 40
0.1946952954133132 1.0 40
0.7798828781741525 0.9307978691635697 95
0.19429904315816984 0.25467784999547577 40
0.6090133099598872 0.40268395105203053 40
0.02841792894610077 0.4372673378042188 95
0.6090133099598872 0.40268395105203053 40
0.7798828781741525 0.9307978691635697 95
0.16482710237225662 0.8919756335590859 40
0.11325498254977814 0.6625173419413335 95
0.06353109982616782 0.6308561515214198 95
0.308142222156651 0.7096235218046327 95
0.00474250598479303 0.06134612066998915 40
0.6090133099598872 0.40268395105203053 40
0.05382422872888081 0.4152126231846008 95
1.0 0.09620701613842446 95
0.06197064715563843 0.20281334928298558 40
0.5860605489329791 0.6650110430200749 40
1.0 0.573663421558368 40
0.02841792894610077 0.4372673378042188 95
0.4571445449040439 0.7759696113512937 95
0.03981862228092395 0.603630072461253 95
0.02429726686291318 0.46543805046527714 95
0.16482710237225662 0.8919756335590859 40
0.16482710237225662 0.8919756335590859 40
0.11325498254977814 0.6625173419413335 95
0.02429726686291318 0.46543805046527714 95
0.30186034604946144 0.8061195611751867 40
0.06353109982616782 0.6308561515214198 95
0.6762766178990423 0.14916486828237646 95
0.00474250598479303 0.06134612066998915 40
0.7247644646012991 0.6199258681925925 40
0.30186034604946144 0.8061195611751867 40
0.19693304462477484 0.2978738366458316 95
0.9258851061772329 0.9114080562820962 95
0.00474250598479303 0.06134612066998915 40
0.03100896622747588 0.5763014687423871 95
0.8181564536798154 0.038211416702276 95
0.21741972282805658 0.26765509424646583 95
0.5860605489329791 0.6650110430200749 40
0.5061401610917402 0.34561092345936745 40
0.6762766178990423 0.14916486828237646 95
1.0 0.09620701613842446 95
0.1118666357806825 0.3821027222149425 95
0.5167491489262802 0.7200332129708413 40
0.1946952954133132 1.0 40
0.549426913383384 0.8158068968195683 95
0.0 0.4913999197631413 95
0.1946952954133132 1.0 40
0.5860605489329791 0.6650110430200749 40
0.8686358460726935 0.0 95
0.4916848155451191 0.22453510124055728 95
0.8686358460726935 0.0 95
0.16129130721646437 0.3550040204879536 95
0.03981862228092395 0.603630072461253 95
0.9258851061772329 0.9114080562820962 95
0.1946952954133132 1.0 40
0.05382422872888081 0.4152126231846008 95
0.4916848155451191 0.22453510124055728 95
0.00474250598479303 0.06134612066998915 40
0.30186034604946144 0.8061195611751867 40
