0.11068501184264615 0.6507639987077358 95
0.06940389404306196 0.6220851053589317 95
0.04124656345153864 0.5919907555974787 95
0.03539182077590194 0.568223048112324 95
0.02993376484698859 0.5423554798688628 95
0.0 0.5115833592662361 95
0.006784652319513652 0.4843409918037158 95
0.024512956635268663 0.45872727770798427 95
0.03081473931900327 0.43212158144590235 95
0.07298314431538325 0.40737643286137604 95
0.11607233628226875 0.37494196421358195 95
0.16461648765518475 0.34979657655070767 95
0.19109685716504757 0.31790343506794677 95
0.18597007886672307 0.29263478987640346 95
0.23754396265689443 0.2625780856857992 95
0.5436027431353008 0.22216755886710254 95
0.6192861089855537 0.18678013449558556 95
0.7584723241430146 0.14540437122286382 95
1.0 0.09429862861858947 95
0.870667975264155 0.07296270533747977 95
0.8392854864506814 0.0405262431164475 95
0.8885327808043602 0.0 95
0.7834733077090713 1.0 95
0.7378935878936641 0.9615636848082688 95
0.7779484830496779 0.9274863207736849 95
0.9119626355664772 0.9038514727785638 95
0.6267965224402796 0.8182166181315895 95
0.5015561906557737 0.7792894562951052 95
0.4329960595404524 0.7439969440259202 95
0.34531974151590783 0.7125468624429687 95
0.18786062953996113 0.673987285342921 95
0.5965411624807682 0.7500176074448158 40
0.7112387316208808 0.7044432960012438 40
0.7985649227379079 0.6517422525380104 40
1.0 0.6103180617056018 40
0.8034067068054499 0.3946969485992772 40
0.6543802603930093 0.33915205909429136 40
0.5661981370170863 0.2930155560613458 40
0.2365371717322532 0.24590709373318043 40
0.08359343346765324 0.2070020265950832 40
0.027688705590667124 0.16642198808922637 40
0.0 0.11398575239991343 40
0.007142616599800992 0.06347199933060531 40
0.3204869800349786 0.0 40
0.44701181126933814 1.0 40
0.20995947703186085 0.9316467495122015 40
0.2047349754675011 0.882466494121383 40
0.2507610054448447 0.8337846931158944 40
0.370567653412262 0.79233214927186 40
0.7378935878936641 0.9615636848082688 95
0.7584723241430146 0.14540437122286382 95
0.23754396265689443 0.2625780856857992 95
0.06940389404306196 0.6220851053589317 95
0.8885327808043602 0.0 95
0.07298314431538325 0.40737643286137604 95
0.024512956635268663 0.45872727770798427 95
0.34531974151590783 0.7125468624429687 95
0.6267965224402796 0.8182166181315895 95
0.5965411624807682 0.7500176074448158 40
0.4329960595404524 0.7439969440259202 95
0.03539182077590194 0.568223048112324 95
0.7779484830496779 0.9274863207736849 95
0.20995947703186085 0.9316467495122015 40
0.16461648765518475 0.34979657655070767 95
0.23754396265689443 0.2625780856857992 95
0.5965411624807682 0.7500176074448158 40
0.370567653412262 0.79233214927186 40
0.8034067068054499 0.3946969485992772 40
0.16461648765518475 0.34979657655070767 95
0.7834733077090713 1.0 95
0.5965411624807682 0.7500176074448158 40
0.7779484830496779 0.9274863207736849 95
0.8392854864506814 0.0405262431164475 95
0.19109685716504757 0.31790343506794677 95
0.16461648765518475 0.34979657655070767 95
0.44701181126933814 1.0 40
0.8392854864506814 0.0405262431164475 95
0.5436027431353008 0.22216755886710254 95
0.9119626355664772 0.9038514727785638 95
0.007142616599800992 0.06347199933060531 40
0.5015561906557737 0.7792894562951052 95
0.7779484830496779 0.9274863207736849 95
0.23754396265689443 0.2625780856857992 95
0.19109685716504757 0.31790343506794677 95
0.027688705590667124 0.16642198808922637 40
0.7584723241430146 0.14540437122286382 95
0.44701181126933814 1.0 40
0.7834733077090713 1.0 95
0.03081473931900327 0.43212158144590235 95
0.18597007886672307 0.29263478987640346 95
0.370567653412262 0.79233214927186 40
0.20995947703186085 0.9316467495122015 40
0.2365371717322532 0.24590709373318043 40
0.6267965224402796 0.8182166181315895 95
0.02993376484698859 0.5423554798688628 95
0.006784652319513652 0.4843409918037158 95
0.870667975264155 0.07296270533747977 95
0.9119626355664772 0.9038514727785638 95
0.7112387316208808 0.7044432960012438 40
0.7985649227379079 0.6517422525380104 40
0.2507610054448447 0.8337846931158944 40
0.8885327808043602 0.0 95
0.34531974151590783 0.7125468624429687 95
0.2365371717322532 0.24590709373318043 40
0.2047349754675011 0.882466494121383 40
0.8392854864506814 0.0405262431164475 95
0.7779484830496779 0.9274863207736849 95
0.8392854864506814 0.0405262431164475 95
0.5965411624807682 0.7500176074448158 40
0.6543802603930093 0.33915205909429136 40
0.02993376484698859 0.5423554798688628 95
0.19109685716504757 0.31790343506794677 95
0.370567653412262 0.79233214927186 40
0.5436027431353008 0.22216755886710254 95
0.7584723241430146 0.14540437122286382 95
0.7584723241430146 0.14540437122286382 95
0.2507610054448447 0.8337846931158944 40
0.08359343346765324 0.2070020265950832 40
0.20995947703186085 0.9316467495122015 40
0.07298314431538325 0.40737643286137604 95
0.2507610054448447 0.8337846931158944 40
0.7779484830496779 0.9274863207736849 95
0.16461648765518475 0.34979657655070767 95
0.07298314431538325 0.40737643286137604 95
0.7779484830496779 0.9274863207736849 95
0.3204869800349786 0.0 40
0.7779484830496779 0.9274863207736849 95
0.7584723241430146 0.14540437122286382 95
