0.10035489365669716 0.6571350022237641 95
0.062475191754506436 0.6273884000096805 95
0.0399226679587373 0.5965228163524532 95
0.030998749165862597 0.5730620894611246 95
0.02270531869885096 0.5434403429679221 95
0.0 0.5146121928471625 95
0.011054271804651941 0.4904289531271353 95
0.02866981124093305 0.4647495705127227 95
0.03820193911677763 0.435482896464515 95
0.08802308325396285 0.41202799730483947 95
0.13801188835688935 0.37920291073546863 95
0.185616202071988 0.35159124410494585 95
0.20629917324560823 0.32475219298868163 95
0.2070803851367878 0.2960568487760684 95
0.29271924058298554 0.2622834000555954 95
0.5927782116924862 0.2231987455059952 95
0.666711001645978 0.1852941334325179 95
0.8765160337152782 0.14222436175276534 95
0.9877251927965596 0.10137061023784567 95
0.891055572805111 0.07373266007089276 95
0.8770601338758429 0.04126784076689147 95
0.9592645941697606 0.0 95
0.7894457206291058 1.0 95
0.7593449435694246 0.960763124003391 95
0.8275830393637955 0.9338607008197377 95
1.0 0.9134736726976531 95
0.5907043788046433 0.8185688125893072 95
0.49929476198398326 0.7812427713712129 95
0.42622918734718107 0.7485539874806468 95
0.29530195155777417 0.7090512903843078 95
0.4357574991424987 0.7517280407496124 40
0.5201269452624014 0.6978380498458902 40
0.5831066968344721 0.6496327090866959 40
0.7188539494573348 0.6013757545503416 40
1.0 0.557021202722281 40
0.6375031377538352 0.3867384816868906 40
0.5213640958773116 0.3327095623199982 40
0.4350195861493171 0.28230672027024806 40
0.277969693440579 0.23722821438221325 40
0.0771749729273044 0.20032056763670653 40
0.027363752716934423 0.15518913891922037 40
0.0070061915351340475 0.10829084250286282 40
0.0 0.05786376653452489 40
0.1362819844875771 0.0 40
0.3910938244983014 1.0 40
0.15668000661023365 0.9232556349897298 40
0.15822475347339912 0.8705507257910197 40
0.18455599242311818 0.8195247614346667 40
0.2681753989591022 0.7771496730760972 40
0.0 0.5146121928471625 95
0.5831066968344721 0.6496327090866959 40
0.10035489365669716 0.6571350022237641 95
0.8770601338758429 0.04126784076689147 95
1.0 0.9134736726976531 95
0.5831066968344721 0.6496327090866959 40
0.13801188835688935 0.37920291073546863 95
0.49929476198398326 0.7812427713712129 95
0.4357574991424987 0.7517280407496124 40
0.02866981124093305 0.4647495705127227 95
0.15822475347339912 0.8705507257910197 40
0.42622918734718107 0.7485539874806468 95
0.29271924058298554 0.2622834000555954 95
0.030998749165862597 0.5730620894611246 95
0.13801188835688935 0.37920291073546863 95
0.277969693440579 0.23722821438221325 40
0.8770601338758429 0.04126784076689147 95
0.030998749165862597 0.5730620894611246 95
0.02866981124093305 0.4647495705127227 95
0.5927782116924862 0.2231987455059952 95
0.20629917324560823 0.32475219298868163 95
0.5201269452624014 0.6978380498458902 40
0.027363752716934423 0.15518913891922037 40
0.15668000661023365 0.9232556349897298 40
0.4350195861493171 0.28230672027024806 40
0.02270531869885096 0.5434403429679221 95
0.3910938244983014 1.0 40
0.8770601338758429 0.04126784076689147 95
0.185616202071988 0.35159124410494585 95
0.15668000661023365 0.9232556349897298 40
0.29271924058298554 0.2622834000555954 95
0.02270531869885096 0.5434403429679221 95
1.0 0.9134736726976531 95
0.7894457206291058 1.0 95
0.7188539494573348 0.6013757545503416 40
0.4357574991424987 0.7517280407496124 40
0.7188539494573348 0.6013757545503416 40
0.7188539494573348 0.6013757545503416 40
0.0 0.5146121928471625 95
0.7593449435694246 0.960763124003391 95
0.29530195155777417 0.7090512903843078 95
0.03820193911677763 0.435482896464515 95
0.062475191754506436 0.6273884000096805 95
0.08802308325396285 0.41202799730483947 95
0.5927782116924862 0.2231987455059952 95
0.185616202071988 0.35159124410494585 95
1.0 0.9134736726976531 95
0.8770601338758429 0.04126784076689147 95
0.13801188835688935 0.37920291073546863 95
0.2070803851367878 0.2960568487760684 95
0.5927782116924862 0.2231987455059952 95
0.9877251927965596 0.10137061023784567 95
0.4357574991424987 0.7517280407496124 40
0.8770601338758429 0.04126784076689147 95
0.277969693440579 0.23722821438221325 40
0.5927782116924862 0.2231987455059952 95
0.4350195861493171 0.28230672027024806 40
0.030998749165862597 0.5730620894611246 95
0.0 0.5146121928471625 95
0.18455599242311818 0.8195247614346667 40
0.062475191754506436 0.6273884000096805 95
0.062475191754506436 0.6273884000096805 95
0.5907043788046433 0.8185688125893072 95
0.1362819844875771 0.0 40
0.5831066968344721 0.6496327090866959 40
0.8275830393637955 0.9338607008197377 95
0.49929476198398326 0.7812427713712129 95
0.29530195155777417 0.7090512903843078 95
0.7593449435694246 0.960763124003391 95
0.02866981124093305 0.4647495705127227 95
0.0 0.05786376653452489 40
0.15822475347339912 0.8705507257910197 40
0.5831066968344721 0.6496327090866959 40
0.8770601338758429 0.04126784076689147 95
0.8765160337152782 0.14222436175276534 95
0.8770601338758429 0.04126784076689147 95
0.20629917324560823 0.32475219298868163 95
0.4357574991424987 0.7517280407496124 40
0.02866981124093305 0.4647495705127227 95
