0.12300047120374573 0.6692137910137054 95
0.07270873301088712 0.637626343422956 95
0.03837553082237547 0.6135984544061137 95
0.033825810358571115 0.5841252809844001 95
0.024015400991477028 0.5595795971265841 95
0.014155911923364689 0.5312781316119577 95
0.0 0.5067351637328095 95
0.020496178445175536 0.48525592714199794 95
0.023188282126540432 0.4592828114720796 95
0.05018496342394221 0.43263018614971577 95
0.08210453574412983 0.40476202743911105 95
0.13892622494126608 0.3776263515974546 95
0.16360779110189935 0.34845169283686955 95
0.16988675821874 0.3244649311523114 95
0.18340599666992521 0.2969177173886764 95
0.42181238583926123 0.2583584612962969 95
0.5277603897290715 0.22272025843939297 95
0.5968773850047522 0.18809230204085217 95
0.9538855289222763 0.13008560193451732 95
0.7862239636940487 0.11058988431731051 95
0.718813484278563 0.08040952072853885 95
0.73255576690363 0.045209147719193876 95
0.8824447730735367 0.0 95
0.7233087758920466 1.0 95
0.6423637658852708 0.9566328429506286 95
0.6699636472156068 0.9287064403598461 95
0.7700907311193735 0.9030310616393469 95
1.0 0.8867520224274945 95
0.5883116304994647 0.8220440723755695 95
0.4497264432128678 0.7840337685952535 95
0.3906127579872012 0.7534298329355216 95
0.30999804619842536 0.7195093723096903 95
0.18080565512473906 0.6848146534794906 95
0.4269112770433223 0.7123057558270618 40
0.5278826495507305 0.6734339558987466 40
0.5996031627628762 0.6260575236245026 40
0.7223076719648076 0.5736903412699481 40
1.0 0.5332913806262286 40
0.664621958499495 0.3699569366230837 40
0.540370314300099 0.31553620002859845 40
0.45058311729837786 0.27336429571220633 40
0.33172694248885926 0.2225607585077969 40
0.08298076217400131 0.187410425659028 40
0.02999541670979362 0.14560328737290434 40
0.001531905262418793 0.09385253315652219 40
0.0 0.04853224585476413 40
0.11669356909328696 0.0 40
0.6395489083654287 1.0 40
0.15752126462599964 0.8912891089925342 40
0.15110768893401838 0.8437603352632745 40
0.18379525273432318 0.7927894757162984 40
0.25890517415304615 0.7519422244936982 40
0.16360779110189935 0.34845169283686955 95
0.020496178445175536 0.48525592714199794 95
0.13892622494126608 0.3776263515974546 95
0.4269112770433223 0.7123057558270618 40
0.024015400991477028 0.5595795971265841 95
0.664621958499495 0.3699569366230837 40
0.6423637658852708 0.9566328429506286 95
0.02999541670979362 0.14560328737290434 40
0.5883116304994647 0.8220440723755695 95
0.08210453574412983 0.40476202743911105 95
0.5996031627628762 0.6260575236245026 40
0.42181238583926123 0.2583584612962969 95
0.6423637658852708 0.9566328429506286 95
0.07270873301088712 0.637626343422956 95
0.9538855289222763 0.13008560193451732 95
0.12300047120374573 0.6692137910137054 95
0.7862239636940487 0.11058988431731051 95
0.020496178445175536 0.48525592714199794 95
0.014155911923364689 0.5312781316119577 95
0.15752126462599964 0.8912891089925342 40
0.15110768893401838 0.8437603352632745 40
0.15110768893401838 0.8437603352632745 40
0.02999541670979362 0.14560328737290434 40
0.13892622494126608 0.3776263515974546 95
0.001531905262418793 0.09385253315652219 40
0.18340599666992521 0.2969177173886764 95
0.07270873301088712 0.637626343422956 95
0.023188282126540432 0.4592828114720796 95
1.0 0.8867520224274945 95
0.5996031627628762 0.6260575236245026 40
0.020496178445175536 0.48525592714199794 95
0.11669356909328696 0.0 40
0.12300047120374573 0.6692137910137054 95
0.9538855289222763 0.13008560193451732 95
0.12300047120374573 0.6692137910137054 95
0.05018496342394221 0.43263018614971577 95
0.4269112770433223 0.7123057558270618 40
0.5278826495507305 0.6734339558987466 40
0.7862239636940487 0.11058988431731051 95
0.020496178445175536 0.48525592714199794 95
0.33172694248885926 0.2225607585077969 40
0.03837553082237547 0.6135984544061137 95
0.18340599666992521 0.2969177173886764 95
0.024015400991477028 0.5595795971265841 95
0.5278826495507305 0.6734339558987466 40
0.5277603897290715 0.22272025843939297 95
0.6699636472156068 0.9287064403598461 95
0.0 0.5067351637328095 95
0.024015400991477028 0.5595795971265841 95
0.16988675821874 0.3244649311523114 95
0.07270873301088712 0.637626343422956 95
0.18080565512473906 0.6848146534794906 95
0.42181238583926123 0.2583584612962969 95
0.5883116304994647 0.8220440723755695 95
0.11669356909328696 0.0 40
1.0 0.5332913806262286 40
0.02999541670979362 0.14560328737290434 40
0.664621958499495 0.3699569366230837 40
0.25890517415304615 0.7519422244936982 40
0.6423637658852708 0.9566328429506286 95
0.023188282126540432 0.4592828114720796 95
0.07270873301088712 0.637626343422956 95
0.664621958499495 0.3699569366230837 40
0.001531905262418793 0.09385253315652219 40
0.014155911923364689 0.5312781316119577 95
0.6395489083654287 1.0 40
0.6699636472156068 0.9287064403598461 95
0.7700907311193735 0.9030310616393469 95
0.001531905262418793 0.09385253315652219 40
0.15110768893401838 0.8437603352632745 40
0.001531905262418793 0.09385253315652219 40
0.13892622494126608 0.3776263515974546 95
0.73255576690363 0.045209147719193876 95
0.023188282126540432 0.4592828114720796 95
0.5996031627628762 0.6260575236245026 40
0.5883116304994647 0.8220440723755695 95
