0.10922733953847913 0.6629227977808493 95
0.07452454914992948 0.6347479225000598 95
0.03718640717541446 0.607034747432171 95
0.03466972977793846 0.5795810455777944 95
0.02306451120720911 0.5515224047375564 95
0.0 0.5229975916681038 95
0.004921546780601521 0.49487930014346015 95
0.021036469486920634 0.4703798089865241 95
0.03353551786486131 0.4402368710062795 95
0.06408530267285382 0.4132987882990996 95
0.12188603469327126 0.3834533246103194 95
0.16908544057547154 0.3551639387471877 95
0.19626446957621205 0.32699999465896074 95
0.19456780413497474 0.2962352750205621 95
0.24096013572233826 0.26754712615968207 95
0.5436840844413632 0.22369400872202377 95
0.6189315501912258 0.18529101838680145 95
0.736502949823772 0.14887411331886397 95
1.0 0.09658775357391101 95
0.854603063863224 0.07439068559382192 95
0.8233480293724514 0.0380070285154351 95
0.8560791116683302 0.0 95
0.7645398791568805 1.0 95
0.7650530164245029 0.9616848137739297 95
0.8193717138289939 0.9364529192468164 95
0.9936904844521878 0.9117903341497092 95
0.5563675035695109 0.8121671991692181 95
0.47870947505034367 0.776052920893057 95
0.3959596128657067 0.7395449178663759 95
0.2843111673441438 0.7050584673276147 95
0.4113119438646054 0.7909866978318266 40
0.5738164600998945 0.752286941190422 40
0.6490948807525808 0.6914589999529909 40
0.7386191494384773 0.6464313153673077 40
1.0 0.5973117717137683 40
0.9249193303057638 0.41880068000192006 40
0.6373899825195783 0.3589811510231216 40
0.538159741596037 0.3025884041050125 40
0.4623183824998121 0.25147221478724363 40
0.13714792025147693 0.20288781046632234 40
0.04573049894094744 0.1629606004188878 40
0.0 0.10826197973182049 40
0.0018183405459975249 0.062278086250943214 40
0.03416688088561359 0.0 40
0.18237542371594048 1.0 40
0.1542906494519638 0.9435484521705727 40
0.1740809218789604 0.9010030667127316 40
0.22343486188565062 0.8433818377884554 40
0.34325960296569263 0.802821152702939 40
0.8193717138289939 0.9364529192468164 95
0.24096013572233826 0.26754712615968207 95
0.4113119438646054 0.7909866978318266 40
0.07452454914992948 0.6347479225000598 95
0.7645398791568805 1.0 95
0.12188603469327126 0.3834533246103194 95
0.9249193303057638 0.41880068000192006 40
0.16908544057547154 0.3551639387471877 95
0.2843111673441438 0.7050584673276147 95
0.7386191494384773 0.6464313153673077 40
0.10922733953847913 0.6629227977808493 95
0.0018183405459975249 0.062278086250943214 40
0.8193717138289939 0.9364529192468164 95
0.0018183405459975249 0.062278086250943214 40
0.13714792025147693 0.20288781046632234 40
0.6189315501912258 0.18529101838680145 95
1.0 0.5973117717137683 40
0.22343486188565062 0.8433818377884554 40
0.7386191494384773 0.6464313153673077 40
0.1740809218789604 0.9010030667127316 40
0.8193717138289939 0.9364529192468164 95
0.2843111673441438 0.7050584673276147 95
0.538159741596037 0.3025884041050125 40
0.9936904844521878 0.9117903341497092 95
0.0 0.10826197973182049 40
0.06408530267285382 0.4132987882990996 95
0.4623183824998121 0.25147221478724363 40
0.9936904844521878 0.9117903341497092 95
0.004921546780601521 0.49487930014346015 95
0.7650530164245029 0.9616848137739297 95
0.5436840844413632 0.22369400872202377 95
0.06408530267285382 0.4132987882990996 95
0.0018183405459975249 0.062278086250943214 40
0.7386191494384773 0.6464313153673077 40
0.07452454914992948 0.6347479225000598 95
1.0 0.5973117717137683 40
0.9936904844521878 0.9117903341497092 95
0.854603063863224 0.07439068559382192 95
0.8233480293724514 0.0380070285154351 95
0.03353551786486131 0.4402368710062795 95
0.6189315501912258 0.18529101838680145 95
0.02306451120720911 0.5515224047375564 95
0.34325960296569263 0.802821152702939 40
0.5436840844413632 0.22369400872202377 95
0.03416688088561359 0.0 40
0.47870947505034367 0.776052920893057 95
0.13714792025147693 0.20288781046632234 40
0.03718640717541446 0.607034747432171 95
0.02306451120720911 0.5515224047375564 95
0.5738164600998945 0.752286941190422 40
0.1740809218789604 0.9010030667127316 40
0.19456780413497474 0.2962352750205621 95
0.736502949823772 0.14887411331886397 95
0.07452454914992948 0.6347479225000598 95
0.24096013572233826 0.26754712615968207 95
0.9249193303057638 0.41880068000192006 40
0.021036469486920634 0.4703798089865241 95
0.8233480293724514 0.0380070285154351 95
0.4623183824998121 0.25147221478724363 40
0.8233480293724514 0.0380070285154351 95
0.021036469486920634 0.4703798089865241 95
1.0 0.09658775357391101 95
0.18237542371594048 1.0 40
0.07452454914992948 0.6347479225000598 95
0.22343486188565062 0.8433818377884554 40
0.021036469486920634 0.4703798089865241 95
0.9249193303057638 0.41880068000192006 40
0.021036469486920634 0.4703798089865241 95
0.8193717138289939 0.9364529192468164 95
0.004921546780601521 0.49487930014346015 95
0.4623183824998121 0.25147221478724363 40
0.0018183405459975249 0.062278086250943214 40
0.19626446957621205 0.32699999465896074 95
0.9936904844521878 0.9117903341497092 95
0.13714792025147693 0.20288781046632234 40
0.10922733953847913 0.6629227977808493 95
0.8193717138289939 0.9364529192468164 95
0.06408530267285382 0.4132987882990996 95
0.5563675035695109 0.8121671991692181 95
