0.12092060231830057 0.662578012883999 95
0.07024185706094449 0.6299438387581378 95
0.044785642977828076 0.6027760308085555 95
0.03601961167306659 0.5765154758530401 95
0.027205138589879295 0.5494484054063364 95
0.00532133150019227 0.5170844360253807 95
0.0 0.4935100517187081 95
0.023663471885972346 0.4632442513181406 95
0.030514869408323785 0.4370978378877179 95
0.0658386510410413 0.41305901118911154 95
0.1142662818869414 0.3789571180459186 95
0.16247449507486258 0.35069794995762504 95
0.19184390948656593 0.32352519318619266 95
0.1840073907361843 0.2927864758967228 95
0.21295966705941005 0.2654404223934701 95
0.5087862862120561 0.2208507454903719 95
0.592139491021326 0.18818383850506668 95
0.6899761251733536 0.14623483331107504 95
1.0 0.0944414128928666 95
0.8298210894289139 0.07024016880088074 95
0.8109002170444678 0.038817430508938586 95
0.8307112148318335 0.0 95
0.7478667368395988 1.0 95
0.7182340373329716 0.9631558696776558 95
0.7717235435090134 0.9287773242152895 95
0.9106648579900003 0.907981858367711 95
0.5807111776377263 0.8143067512791489 95
0.47275882217036996 0.7790793187022735 95
0.4133887926893958 0.7450630159404465 95
0.31177099243857703 0.7082899373808957 95
0.5508091639546241 0.7804286227532118 40
0.6433831450120774 0.7245423979348927 40
0.7303278051203391 0.6790143618872226 40
0.9526087148536978 0.6318003331818399 40
1.0 0.4687914682721147 40
0.6844909886323456 0.40845434745496767 40
0.5585723051304955 0.3573403721636127 40
0.49332481679160545 0.3022886250749184 40
0.19779262585791121 0.25887579225621704 40
0.0752799889719098 0.2182596315159786 40
0.01779455746534348 0.17052528799902675 40
0.0 0.1290875116077468 40
0.015262547114609231 0.07079556311924055 40
0.3393612025256969 0.0 40
0.16840681549287828 1.0 40
0.14829504565402077 0.9552742343817501 40
0.1701118212437778 0.9063792569298097 40
0.21805972093475265 0.8501415249714935 40
0.4133887926893958 0.7450630159404465 95
0.0 0.1290875116077468 40
0.1142662818869414 0.3789571180459186 95
0.16840681549287828 1.0 40
0.023663471885972346 0.4632442513181406 95
0.19184390948656593 0.32352519318619266 95
0.1142662818869414 0.3789571180459186 95
0.01779455746534348 0.17052528799902675 40
0.07024185706094449 0.6299438387581378 95
0.6844909886323456 0.40845434745496767 40
0.592139491021326 0.18818383850506668 95
0.01779455746534348 0.17052528799902675 40
0.592139491021326 0.18818383850506668 95
0.015262547114609231 0.07079556311924055 40
0.1142662818869414 0.3789571180459186 95
0.49332481679160545 0.3022886250749184 40
0.3393612025256969 0.0 40
0.01779455746534348 0.17052528799902675 40
0.8109002170444678 0.038817430508938586 95
0.19779262585791121 0.25887579225621704 40
0.19779262585791121 0.25887579225621704 40
0.3393612025256969 0.0 40
0.0752799889719098 0.2182596315159786 40
0.1840073907361843 0.2927864758967228 95
0.8298210894289139 0.07024016880088074 95
0.592139491021326 0.18818383850506668 95
0.1701118212437778 0.9063792569298097 40
0.49332481679160545 0.3022886250749184 40
0.4133887926893958 0.7450630159404465 95
0.19779262585791121 0.25887579225621704 40
0.7717235435090134 0.9287773242152895 95
0.7303278051203391 0.6790143618872226 40
0.14829504565402077 0.9552742343817501 40
0.1701118212437778 0.9063792569298097 40
0.9526087148536978 0.6318003331818399 40
1.0 0.0944414128928666 95
0.01779455746534348 0.17052528799902675 40
0.023663471885972346 0.4632442513181406 95
0.027205138589879295 0.5494484054063364 95
0.5508091639546241 0.7804286227532118 40
0.19779262585791121 0.25887579225621704 40
0.015262547114609231 0.07079556311924055 40
0.0 0.4935100517187081 95
0.027205138589879295 0.5494484054063364 95
0.47275882217036996 0.7790793187022735 95
0.1701118212437778 0.9063792569298097 40
0.5087862862120561 0.2208507454903719 95
0.5807111776377263 0.8143067512791489 95
0.1142662818869414 0.3789571180459186 95
0.8109002170444678 0.038817430508938586 95
0.044785642977828076 0.6027760308085555 95
0.21805972093475265 0.8501415249714935 40
0.1840073907361843 0.2927864758967228 95
0.07024185706094449 0.6299438387581378 95
0.9526087148536978 0.6318003331818399 40
0.023663471885972346 0.4632442513181406 95
0.19779262585791121 0.25887579225621704 40
1.0 0.0944414128928666 95
0.3393612025256969 0.0 40
0.044785642977828076 0.6027760308085555 95
0.8109002170444678 0.038817430508938586 95
0.7717235435090134 0.9287773242152895 95
1.0 0.0944414128928666 95
0.044785642977828076 0.6027760308085555 95
0.030514869408323785 0.4370978378877179 95
0.5087862862120561 0.2208507454903719 95
0.7182340373329716 0.9631558696776558 95
0.00532133150019227 0.5170844360253807 95
0.592139491021326 0.18818383850506668 95
0.1142662818869414 0.3789571180459186 95
0.16247449507486258 0.35069794995762504 95
0.0752799889719098 0.2182596315159786 40
0.1840073907361843 0.2927864758967228 95
0.7717235435090134 0.9287773242152895 95
0.0 0.1290875116077468 40
0.01779455746534348 0.17052528799902675 40
0.0 0.4935100517187081 95
0.5087862862120561 0.2208507454903719 95
0.6433831450120774 0.7245423979348927 40
0.1142662818869414 0.3789571180459186 95
