0.13388935455086207 0.6720747915507944 95
0.07406305111949121 0.6420294196259577 95
0.05201535723114376 0.6167879170139298 95
0.03602155747626593 0.5892419819571096 95
0.030616709171753496 0.5635882813054516 95
0.017366983528464646 0.5383234158310608 95
0.0 0.5108342217010214 95
0.01850810953796541 0.48710562982962646 95
0.0241181514794858 0.4563258384801971 95
0.04970536903195856 0.4322338779407634 95
0.09057106130897144 0.40326066334015975 95
0.1323715659001773 0.3773512929852043 95
0.16520828984598576 0.3524707338028423 95
0.1729138764113362 0.3240484100500777 95
0.16944815216277745 0.2942646062581731 95
0.3453436528457844 0.26195747617033494 95
0.5063774792467428 0.22324606105036476 95
0.5725352324041298 0.18984851668463837 95
0.9339340400096603 0.1306371574594971 95
0.7768621724784627 0.11213359824024935 95
0.7146424737272304 0.08209948776310688 95
0.7376444982293334 0.047433456313322686 95
0.8798455392230273 0.0 95
0.7097428467419001 1.0 95
0.6269876818144808 0.9551108023150701 95
0.6704966309938802 0.9284259009688633 95
0.7619085251211729 0.9006852961302249 95
1.0 0.8859748662798148 95
0.5648776564803384 0.8198905091923638 95
0.42468889766315193 0.782417177754514 95
0.3852685431141333 0.7486487002096389 95
0.3127653374580466 0.7173125035783744 95
0.1830033633656 0.6811278400603935 95
0.36628801422138885 0.8114732275710244 40
0.5761569019868844 0.7791552220851841 40
0.6645445186182134 0.7244408381406541 40
0.7478962309825352 0.6770273925285966 40
1.0 0.633471093498315 40
0.9728951866723573 0.46155255078423996 40
0.6784896085939626 0.41077870734458377 40
0.5637583683925432 0.3622361887248331 40
0.4823086785947939 0.3111625420141261 40
0.1996542407970642 0.25907177088675115 40
0.0735871699151102 0.2228961514612278 40
0.02444658311430096 0.16738320825542558 40
0.0 0.125406334701674 40
0.01645590749704612 0.07012309627243717 40
0.37087547678204524 0.0 40
0.17081800942037761 1.0 40
0.14985348708294643 0.9460602308374877 40
0.17337530918477248 0.8987612204952687 40
0.23467294042884962 0.8564813764688948 40
0.3127653374580466 0.7173125035783744 95
0.16520828984598576 0.3524707338028423 95
0.5648776564803384 0.8198905091923638 95
0.9728951866723573 0.46155255078423996 40
0.4823086785947939 0.3111625420141261 40
0.1323715659001773 0.3773512929852043 95
0.09057106130897144 0.40326066334015975 95
0.1729138764113362 0.3240484100500777 95
0.37087547678204524 0.0 40
0.05201535723114376 0.6167879170139298 95
0.1323715659001773 0.3773512929852043 95
0.01645590749704612 0.07012309627243717 40
0.6269876818144808 0.9551108023150701 95
1.0 0.633471093498315 40
0.6704966309938802 0.9284259009688633 95
0.0735871699151102 0.2228961514612278 40
0.9339340400096603 0.1306371574594971 95
0.03602155747626593 0.5892419819571096 95
0.16944815216277745 0.2942646062581731 95
1.0 0.633471093498315 40
0.36628801422138885 0.8114732275710244 40
0.3127653374580466 0.7173125035783744 95
0.7478962309825352 0.6770273925285966 40
0.01645590749704612 0.07012309627243717 40
0.9339340400096603 0.1306371574594971 95
0.3453436528457844 0.26195747617033494 95
0.03602155747626593 0.5892419819571096 95
0.42468889766315193 0.782417177754514 95
0.1323715659001773 0.3773512929852043 95
0.8798455392230273 0.0 95
0.030616709171753496 0.5635882813054516 95
0.7478962309825352 0.6770273925285966 40
0.3852685431141333 0.7486487002096389 95
0.3127653374580466 0.7173125035783744 95
0.1996542407970642 0.25907177088675115 40
0.17337530918477248 0.8987612204952687 40
0.23467294042884962 0.8564813764688948 40
0.0735871699151102 0.2228961514612278 40
0.01850810953796541 0.48710562982962646 95
0.13388935455086207 0.6720747915507944 95
0.030616709171753496 0.5635882813054516 95
0.7478962309825352 0.6770273925285966 40
0.017366983528464646 0.5383234158310608 95
0.1830033633656 0.6811278400603935 95
0.05201535723114376 0.6167879170139298 95
0.3127653374580466 0.7173125035783744 95
0.7768621724784627 0.11213359824024935 95
0.7619085251211729 0.9006852961302249 95
0.42468889766315193 0.782417177754514 95
0.13388935455086207 0.6720747915507944 95
0.07406305111949121 0.6420294196259577 95
0.03602155747626593 0.5892419819571096 95
0.3453436528457844 0.26195747617033494 95
0.1323715659001773 0.3773512929852043 95
0.02444658311430096 0.16738320825542558 40
0.16944815216277745 0.2942646062581731 95
0.23467294042884962 0.8564813764688948 40
0.7376444982293334 0.047433456313322686 95
0.37087547678204524 0.0 40
0.07406305111949121 0.6420294196259577 95
0.14985348708294643 0.9460602308374877 40
0.6704966309938802 0.9284259009688633 95
0.7146424737272304 0.08209948776310688 95
0.7768621724784627 0.11213359824024935 95
0.5725352324041298 0.18984851668463837 95
0.13388935455086207 0.6720747915507944 95
1.0 0.8859748662798148 95
0.030616709171753496 0.5635882813054516 95
0.9728951866723573 0.46155255078423996 40
0.7768621724784627 0.11213359824024935 95
0.6645445186182134 0.7244408381406541 40
1.0 0.633471093498315 40
0.03602155747626593 0.5892419819571096 95
0.37087547678204524 0.0 40
0.3453436528457844 0.26195747617033494 95
0.9728951866723573 0.46155255078423996 40
