0.09787251491899694 0.6625223450173089 95
0.06130210892198739 0.6350696432157521 95
0.0370935500227107 0.6025382290244032 95
0.03300970516172261 0.5775854947211345 95
0.024669299879385573 0.5485637995541249 95
0.0 0.5260346016466841 95
0.009086080940421515 0.49843702974250514 95
0.028212671894651084 0.46737330920392955 95
0.04376346916171206 0.4424704351281914 95
0.08272246117456272 0.4135229446233473 95
0.1481464381255679 0.3881594849275531 95
0.18200705756829766 0.35542412502206683 95
0.20078290703457147 0.32875157201791444 95
0.19439392457859034 0.29943754420411817 95
0.27150756773456763 0.26590573795061273 95
0.5705766425124346 0.2268586476659919 95
0.6424251357976383 0.19084669105481764 95
0.8659814383829252 0.14648738496419647 95
0.9590134388620851 0.10559629115145198 95
0.8631853196919793 0.07523229446386363 95
0.8678094052296145 0.043950324558493424 95
0.9584653696482439 0.0 95
0.7755702387820331 1.0 95
0.7707856134697145 0.9641976197674198 95
0.8362217257978878 0.9355119809541086 95
1.0 0.9144789796769842 95
0.5465344004870785 0.8165058499683956 95
0.4750210715265793 0.7845404413005337 95
0.4171454092778753 0.7491782218447244 95
0.2923287185408425 0.7128416420665089 95
0.35822460165695225 0.8064073203536345 40
0.5670855323973313 0.7638236765533624 40
0.6598524466309259 0.7136886359684188 40
0.7466322981368414 0.6501718664940515 40
1.0 0.6022859603938715 40
0.9363536897859712 0.4206518237157322 40
0.6490187113479805 0.3658886245686939 40
0.5458239041511573 0.30925326846997564 40
0.4629525229188389 0.24360724627119995 40
0.17994153974720117 0.19959704640938122 40
0.0745641831173065 0.15392300879431856 40
0.018618449544532872 0.10688928764206068 40
0.0 0.05490783229675452 40
0.011470512213130543 0.0 40
0.16351278012239734 1.0 40
0.14557336097404527 0.9510319778491679 40
0.17220140691321828 0.8911616091414074 40
0.23347010216374292 0.8487764231295936 40
0.8659814383829252 0.14648738496419647 95
0.5705766425124346 0.2268586476659919 95
0.7755702387820331 1.0 95
0.018618449544532872 0.10688928764206068 40
0.6490187113479805 0.3658886245686939 40
0.7755702387820331 1.0 95
0.7755702387820331 1.0 95
0.8678094052296145 0.043950324558493424 95
0.6598524466309259 0.7136886359684188 40
0.4171454092778753 0.7491782218447244 95
0.4750210715265793 0.7845404413005337 95
0.9590134388620851 0.10559629115145198 95
0.17994153974720117 0.19959704640938122 40
0.0 0.5260346016466841 95
0.4629525229188389 0.24360724627119995 40
0.03300970516172261 0.5775854947211345 95
0.16351278012239734 1.0 40
0.23347010216374292 0.8487764231295936 40
0.0 0.5260346016466841 95
0.0 0.5260346016466841 95
0.0370935500227107 0.6025382290244032 95
0.8631853196919793 0.07523229446386363 95
0.0745641831173065 0.15392300879431856 40
1.0 0.6022859603938715 40
0.0 0.05490783229675452 40
0.7755702387820331 1.0 95
0.19439392457859034 0.29943754420411817 95
0.6598524466309259 0.7136886359684188 40
0.09787251491899694 0.6625223450173089 95
0.018618449544532872 0.10688928764206068 40
0.4750210715265793 0.7845404413005337 95
0.0 0.5260346016466841 95
0.19439392457859034 0.29943754420411817 95
0.06130210892198739 0.6350696432157521 95
0.8631853196919793 0.07523229446386363 95
0.20078290703457147 0.32875157201791444 95
0.8631853196919793 0.07523229446386363 95
0.5670855323973313 0.7638236765533624 40
0.011470512213130543 0.0 40
0.0745641831173065 0.15392300879431856 40
0.018618449544532872 0.10688928764206068 40
0.9363536897859712 0.4206518237157322 40
0.14557336097404527 0.9510319778491679 40
0.03300970516172261 0.5775854947211345 95
0.23347010216374292 0.8487764231295936 40
0.6598524466309259 0.7136886359684188 40
0.5670855323973313 0.7638236765533624 40
0.17220140691321828 0.8911616091414074 40
1.0 0.6022859603938715 40
0.5670855323973313 0.7638236765533624 40
0.08272246117456272 0.4135229446233473 95
0.5705766425124346 0.2268586476659919 95
0.9590134388620851 0.10559629115145198 95
0.7755702387820331 1.0 95
0.8659814383829252 0.14648738496419647 95
0.028212671894651084 0.46737330920392955 95
0.6424251357976383 0.19084669105481764 95
0.4171454092778753 0.7491782218447244 95
0.5465344004870785 0.8165058499683956 95
1.0 0.9144789796769842 95
0.8678094052296145 0.043950324558493424 95
0.7707856134697145 0.9641976197674198 95
0.9584653696482439 0.0 95
0.9363536897859712 0.4206518237157322 40
0.18200705756829766 0.35542412502206683 95
0.5670855323973313 0.7638236765533624 40
0.8362217257978878 0.9355119809541086 95
0.7755702387820331 1.0 95
0.09787251491899694 0.6625223450173089 95
0.5705766425124346 0.2268586476659919 95
0.20078290703457147 0.32875157201791444 95
0.8631853196919793 0.07523229446386363 95
0.18200705756829766 0.35542412502206683 95
0.0745641831173065 0.15392300879431856 40
0.20078290703457147 0.32875157201791444 95
0.23347010216374292 0.8487764231295936 40
0.16351278012239734 1.0 40
0.0 0.5260346016466841 95
0.024669299879385573 0.5485637995541249 95
0.024669299879385573 0.5485637995541249 95
