0.11511280754044743 0.66037824002952 95
0.0696882411345124 0.6304574799991295 95
0.05035751034519437 0.6037797080517958 95
0.04191683051558195 0.5793915738986387 95
0.024817140269043067 0.5496887109159073 95
0.0 0.5233870973818011 95
1.9048569726719677e-05 0.49527255305590406 95
0.03136608062355054 0.4657538986911359 95
0.042093820512145066 0.4390604737053567 95
0.09266865030959315 0.4141354396172328 95
0.14518424487505618 0.3879192736179728 95
0.18138095006819635 0.3575930337392567 95
0.19214623429245203 0.3252907636627641 95
0.19173479661042075 0.2978543902625319 95
0.27240315296606044 0.2692151034785881 95
0.5661734081013874 0.22640922574345157 95
0.6170728822180415 0.18966024604855106 95
0.8526406723881823 0.1482051722018879 95
0.9892834282647084 0.10255053557564622 95
0.8877464831858757 0.07619312439646611 95
0.8841823490141542 0.03937163351031234 95
0.9835775323861444 0.0 95
0.7948464636881998 1.0 95
0.7822153852081571 0.9631801291567658 95
0.8422927323428766 0.9304807728751863 95
1.0 0.9089522009800977 95
0.5514202438889644 0.8150351367888118 95
0.4770883988472307 0.7769159009973208 95
0.42156794907874956 0.7429171706214672 95
0.31188325905078873 0.7083492440470341 95
0.3778479355184235 0.7458993230156478 40
0.5613043341849757 0.7049951944429694 40
0.6360989553014312 0.6574309159976627 40
0.7464933471979913 0.6095127405267454 40
1.0 0.5564113778384625 40
0.777747256706542 0.38838990062438133 40
0.571489877834611 0.3374144054001987 40
0.4846558093594037 0.2793713852389523 40
0.40735690683258013 0.23595020516456303 40
0.14034490904704663 0.1852300143124401 40
0.054089603703021676 0.14012288729537023 40
0.01904390334606206 0.09701305554840971 40
0.0 0.04700000553552522 40
0.021186026105984315 0.0 40
0.4251646057497517 1.0 40
0.16797694993161208 0.9108690310250154 40
0.16833218258530017 0.8690646124664924 40
0.2065949842890036 0.811712964193628 40
0.2772747778477749 0.768286827042815 40
1.0 0.9089522009800977 95
0.4846558093594037 0.2793713852389523 40
0.2772747778477749 0.768286827042815 40
0.9892834282647084 0.10255053557564622 95
0.5613043341849757 0.7049951944429694 40
0.4846558093594037 0.2793713852389523 40
0.0 0.5233870973818011 95
0.2065949842890036 0.811712964193628 40
0.09266865030959315 0.4141354396172328 95
0.03136608062355054 0.4657538986911359 95
0.11511280754044743 0.66037824002952 95
0.7948464636881998 1.0 95
0.7948464636881998 1.0 95
0.6170728822180415 0.18966024604855106 95
0.4846558093594037 0.2793713852389523 40
0.11511280754044743 0.66037824002952 95
0.11511280754044743 0.66037824002952 95
0.8526406723881823 0.1482051722018879 95
0.8877464831858757 0.07619312439646611 95
0.8841823490141542 0.03937163351031234 95
0.0696882411345124 0.6304574799991295 95
0.8422927323428766 0.9304807728751863 95
0.9835775323861444 0.0 95
0.14034490904704663 0.1852300143124401 40
0.27240315296606044 0.2692151034785881 95
0.19173479661042075 0.2978543902625319 95
0.04191683051558195 0.5793915738986387 95
0.6360989553014312 0.6574309159976627 40
0.03136608062355054 0.4657538986911359 95
0.3778479355184235 0.7458993230156478 40
0.7948464636881998 1.0 95
0.42156794907874956 0.7429171706214672 95
0.11511280754044743 0.66037824002952 95
0.31188325905078873 0.7083492440470341 95
0.8526406723881823 0.1482051722018879 95
1.0 0.5564113778384625 40
1.9048569726719677e-05 0.49527255305590406 95
0.3778479355184235 0.7458993230156478 40
0.09266865030959315 0.4141354396172328 95
0.04191683051558195 0.5793915738986387 95
0.01904390334606206 0.09701305554840971 40
0.4251646057497517 1.0 40
0.7464933471979913 0.6095127405267454 40
0.7948464636881998 1.0 95
0.0696882411345124 0.6304574799991295 95
0.3778479355184235 0.7458993230156478 40
0.054089603703021676 0.14012288729537023 40
0.03136608062355054 0.4657538986911359 95
0.4846558093594037 0.2793713852389523 40
0.11511280754044743 0.66037824002952 95
0.5514202438889644 0.8150351367888118 95
0.40735690683258013 0.23595020516456303 40
0.7948464636881998 1.0 95
0.2772747778477749 0.768286827042815 40
0.0 0.04700000553552522 40
0.4846558093594037 0.2793713852389523 40
0.31188325905078873 0.7083492440470341 95
0.8422927323428766 0.9304807728751863 95
0.31188325905078873 0.7083492440470341 95
0.18138095006819635 0.3575930337392567 95
0.021186026105984315 0.0 40
0.19214623429245203 0.3252907636627641 95
0.16797694993161208 0.9108690310250154 40
0.5661734081013874 0.22640922574345157 95
0.09266865030959315 0.4141354396172328 95
0.7948464636881998 1.0 95
0.571489877834611 0.3374144054001987 40
0.04191683051558195 0.5793915738986387 95
0.8526406723881823 0.1482051722018879 95
0.5514202438889644 0.8150351367888118 95
0.7822153852081571 0.9631801291567658 95
1.9048569726719677e-05 0.49527255305590406 95
0.14034490904704663 0.1852300143124401 40
0.6360989553014312 0.6574309159976627 40
0.27240315296606044 0.2692151034785881 95
0.0 0.04700000553552522 40
0.024817140269043067 0.5496887109159073 95
0.16833218258530017 0.8690646124664924 40
0.19214623429245203 0.3252907636627641 95
