0.09174035201170211 0.6276769275583478 95
0.06228764114721529 0.6029008637451211 95
0.04190513633126842 0.5765544599953225 95
0.038750610319654245 0.5482701584887872 95
0.021636066435361055 0.5242253310006256 95
0.0 0.49563169488577746 95
0.006403066745416068 0.4726852212764156 95
0.029330165520879626 0.445515296583207 95
0.041869829236556126 0.4212229139143527 95
0.08013915023197524 0.3960637575644322 95
0.12024764676053935 0.3659854013990321 95
0.16358268959919908 0.3388644174117984 95
0.19290673117747636 0.3107229694753178 95
0.19755621511511426 0.28515588198106717 95
0.24373422913455162 0.25905643486018126 95
0.5333169421176708 0.21803338342705061 95
0.6195197963259848 0.182760702185146 95
0.71871903795941 0.14367627211330858 95
1.0 0.0936140864995681 95
0.8586296404559661 0.07267687630554426 95
0.8175240157169543 0.03773623430465751 95
0.8629204038014139 0.0 95
0.8625889035309143 1.0 95
0.7224301453586771 0.9503861130231556 95
0.7166349937303609 0.9214830131595726 95
0.8082126893443067 0.892190240945366 95
0.9936172679550044 0.873816834955249 95
0.5118031421968252 0.7756423513700167 95
0.4531929675333765 0.7431629953958403 95
0.39090309100517034 0.7118266555017145 95
0.2751718998617958 0.6775951497935129 95
0.34050190373271916 0.7796488767412436 40
0.5313318656250607 0.7371572634588218 40
0.60272083310531 0.6905125450388927 40
0.7046538931225155 0.6339228895771412 40
1.0 0.5819283265777075 40
0.6671145490193311 0.40201136320012365 40
0.514551448217208 0.34523856866953284 40
0.43998554497395925 0.2978266156632533 40
0.3532567483081822 0.23903554932465548 40
0.13022105680842186 0.20145262509782447 40
0.05968227744826337 0.14955005048398376 40
0.018085995317570363 0.10829378271397612 40
0.0 0.05235379373987145 40
0.013175753588815498 0.0 40
0.14653972124469167 1.0 40
0.12061311427238257 0.9433608849454679 40
0.13487923228526558 0.8946199897756782 40
0.18016192639734785 0.848675273058611 40
0.514551448217208 0.34523856866953284 40
0.18016192639734785 0.848675273058611 40
0.7166349937303609 0.9214830131595726 95
0.8586296404559661 0.07267687630554426 95
0.018085995317570363 0.10829378271397612 40
0.0 0.05235379373987145 40
0.018085995317570363 0.10829378271397612 40
0.7224301453586771 0.9503861130231556 95
0.038750610319654245 0.5482701584887872 95
0.7046538931225155 0.6339228895771412 40
0.029330165520879626 0.445515296583207 95
0.5333169421176708 0.21803338342705061 95
0.6671145490193311 0.40201136320012365 40
0.8082126893443067 0.892190240945366 95
0.6195197963259848 0.182760702185146 95
0.0 0.49563169488577746 95
0.12024764676053935 0.3659854013990321 95
0.04190513633126842 0.5765544599953225 95
0.05968227744826337 0.14955005048398376 40
0.60272083310531 0.6905125450388927 40
0.8175240157169543 0.03773623430465751 95
0.08013915023197524 0.3960637575644322 95
0.5118031421968252 0.7756423513700167 95
0.8175240157169543 0.03773623430465751 95
0.021636066435361055 0.5242253310006256 95
0.6671145490193311 0.40201136320012365 40
0.08013915023197524 0.3960637575644322 95
0.8175240157169543 0.03773623430465751 95
0.13022105680842186 0.20145262509782447 40
0.43998554497395925 0.2978266156632533 40
0.8586296404559661 0.07267687630554426 95
0.038750610319654245 0.5482701584887872 95
0.60272083310531 0.6905125450388927 40
0.021636066435361055 0.5242253310006256 95
0.9936172679550044 0.873816834955249 95
0.2751718998617958 0.6775951497935129 95
0.19755621511511426 0.28515588198106717 95
0.06228764114721529 0.6029008637451211 95
0.0 0.49563169488577746 95
0.06228764114721529 0.6029008637451211 95
0.5118031421968252 0.7756423513700167 95
0.12024764676053935 0.3659854013990321 95
0.5313318656250607 0.7371572634588218 40
0.19755621511511426 0.28515588198106717 95
0.0 0.49563169488577746 95
0.9936172679550044 0.873816834955249 95
0.19290673117747636 0.3107229694753178 95
0.6671145490193311 0.40201136320012365 40
0.18016192639734785 0.848675273058611 40
0.8175240157169543 0.03773623430465751 95
0.71871903795941 0.14367627211330858 95
0.4531929675333765 0.7431629953958403 95
0.13487923228526558 0.8946199897756782 40
0.8082126893443067 0.892190240945366 95
0.71871903795941 0.14367627211330858 95
0.041869829236556126 0.4212229139143527 95
0.60272083310531 0.6905125450388927 40
0.013175753588815498 0.0 40
1.0 0.5819283265777075 40
0.4531929675333765 0.7431629953958403 95
0.18016192639734785 0.848675273058611 40
0.0 0.49563169488577746 95
0.60272083310531 0.6905125450388927 40
0.041869829236556126 0.4212229139143527 95
0.7224301453586771 0.9503861130231556 95
0.5333169421176708 0.21803338342705061 95
0.5333169421176708 0.21803338342705061 95
0.71871903795941 0.14367627211330858 95
0.05968227744826337 0.14955005048398376 40
0.14653972124469167 1.0 40
0.514551448217208 0.34523856866953284 40
0.19290673117747636 0.3107229694753178 95
0.06228764114721529 0.6029008637451211 95
0.39090309100517034 0.7118266555017145 95
0.013175753588815498 0.0 40
0.013175753588815498 0.0 40
0.013175753588815498 0.0 40
0.09174035201170211 0.6276769275583478 95
0.05968227744826337 0.14955005048398376 40
