0.009879299062201165 0.5303677238049728 95
0.0319110705865937 0.5017330038299982 95
0.05767110035021062 0.4719720807055597 95
0.07115498828510265 0.44486564194151385 95
0.09434469668746884 0.4146182020993097 95
0.12829044296505024 0.3851553343786775 95
0.165776493427395 0.35874474947250706 95
0.19919159360272104 0.3283279383561439 95
0.2524987694954163 0.29558976148024463 95
0.32300803272214396 0.26595758078270637 95
0.3875427871588076 0.22986857514584313 95
0.41191809569071763 0.19952388165550056 95
0.8773096117485325 0.07860556484476754 95
0.8804031531998496 0.04355416492590789 95
1.0 0.0 95
0.7419192015390835 1.0 95
0.7585681287095524 0.9574603956882441 95
0.3154326315566338 0.8610303432912791 95
0.207737742652368 0.814271059393757 95
0.14705017252017016 0.7726945983237874 95
0.14731082840049067 0.7401765408846603 95
0.1464049684185961 0.7061114666087986 95
0.12755148100286687 0.6767637564830763 95
0.07805458388906539 0.6361715506462015 95
0.04714045534317786 0.6035587972326161 95
0.011133792156503248 0.5724657877500813 95
0.0 0.5445031538420742 95
0.029681645030804202 0.7864990098956677 40
0.10448814434576803 0.7430560345864796 40
0.1958752364490782 0.7106363106385767 40
0.34030546389193794 0.6681430322313611 40
0.5625570646337854 0.6346013105649229 40
0.8883352530283427 0.5978898303769515 40
0.7289831075975841 0.46392312218813037 40
0.5328468228934501 0.4201782129209609 40
0.4048724600975692 0.3769900895934484 40
0.31029055510935294 0.3370481865976076 40
0.2528016246412448 0.30000653265476834 40
0.24209366378951536 0.25795119540241673 40
0.2714487380267246 0.21423059251298204 40
0.3215863917121238 0.1726696568207727 40
0.39465595046087637 0.12574898130639967 40
0.5160617832315896 0.07642083214347321 40
1.0 0.0 40
0.30262190745476936 1.0 40
0.09103806665821652 0.9398638261241731 40
0.008994077233437064 0.8959995720645297 40
0.0 0.8518319587656208 40
0.023869325235915614 0.811227194200715 40
0.19919159360272104 0.3283279383561439 95
0.34030546389193794 0.6681430322313611 40
0.207737742652368 0.814271059393757 95
0.7585681287095524 0.9574603956882441 95
0.10448814434576803 0.7430560345864796 40
0.5160617832315896 0.07642083214347321 40
0.2528016246412448 0.30000653265476834 40
0.7289831075975841 0.46392312218813037 40
0.029681645030804202 0.7864990098956677 40
0.05767110035021062 0.4719720807055597 95
0.1958752364490782 0.7106363106385767 40
0.05767110035021062 0.4719720807055597 95
0.39465595046087637 0.12574898130639967 40
0.1958752364490782 0.7106363106385767 40
0.8773096117485325 0.07860556484476754 95
0.14731082840049067 0.7401765408846603 95
0.7585681287095524 0.9574603956882441 95
0.7419192015390835 1.0 95
0.8883352530283427 0.5978898303769515 40
0.12829044296505024 0.3851553343786775 95
0.31029055510935294 0.3370481865976076 40
0.31029055510935294 0.3370481865976076 40
0.04714045534317786 0.6035587972326161 95
0.0319110705865937 0.5017330038299982 95
0.3215863917121238 0.1726696568207727 40
0.2714487380267246 0.21423059251298204 40
0.05767110035021062 0.4719720807055597 95
0.008994077233437064 0.8959995720645297 40
0.41191809569071763 0.19952388165550056 95
0.07805458388906539 0.6361715506462015 95
0.09434469668746884 0.4146182020993097 95
0.0319110705865937 0.5017330038299982 95
1.0 0.0 95
0.1958752364490782 0.7106363106385767 40
0.09434469668746884 0.4146182020993097 95
0.41191809569071763 0.19952388165550056 95
0.07805458388906539 0.6361715506462015 95
0.029681645030804202 0.7864990098956677 40
0.029681645030804202 0.7864990098956677 40
0.19919159360272104 0.3283279383561439 95
0.8773096117485325 0.07860556484476754 95
0.4048724600975692 0.3769900895934484 40
0.14731082840049067 0.7401765408846603 95
0.7585681287095524 0.9574603956882441 95
0.4048724600975692 0.3769900895934484 40
0.5160617832315896 0.07642083214347321 40
0.3215863917121238 0.1726696568207727 40
1.0 0.0 40
0.0319110705865937 0.5017330038299982 95
0.34030546389193794 0.6681430322313611 40
0.12755148100286687 0.6767637564830763 95
0.7289831075975841 0.46392312218813037 40
0.2714487380267246 0.21423059251298204 40
0.008994077233437064 0.8959995720645297 40
0.2528016246412448 0.30000653265476834 40
0.09434469668746884 0.4146182020993097 95
0.30262190745476936 1.0 40
0.029681645030804202 0.7864990098956677 40
0.10448814434576803 0.7430560345864796 40
1.0 0.0 40
0.029681645030804202 0.7864990098956677 40
0.0319110705865937 0.5017330038299982 95
0.24209366378951536 0.25795119540241673 40
0.5328468228934501 0.4201782129209609 40
0.8804031531998496 0.04355416492590789 95
0.008994077233437064 0.8959995720645297 40
0.39465595046087637 0.12574898130639967 40
0.1464049684185961 0.7061114666087986 95
0.19919159360272104 0.3283279383561439 95
0.34030546389193794 0.6681430322313611 40
0.30262190745476936 1.0 40
0.09103806665821652 0.9398638261241731 40
0.24209366378951536 0.25795119540241673 40
0.07115498828510265 0.44486564194151385 95
0.12755148100286687 0.6767637564830763 95
0.04714045534317786 0.6035587972326161 95
0.3154326315566338 0.8610303432912791 95
0.32300803272214396 0.26595758078270637 95
0.14731082840049067 0.7401765408846603 95
0.4048724600975692 0.3769900895934484 40
0.32300803272214396 0.26595758078270637 95
0.1958752364490782 0.7106363106385767 40
0.0 0.5445031538420742 95
0.32300803272214396 0.26595758078270637 95
0.31029055510935294 0.3370481865976076 40
0.2714487380267246 0.21423059251298204 40
0.165776493427395 0.35874474947250706 95
0.8804031531998496 0.04355416492590789 95
0.12829044296505024 0.3851553343786775 95
0.34030546389193794 0.6681430322313611 40
0.3215863917121238 0.1726696568207727 40
0.12829044296505024 0.3851553343786775 95
1.0 0.0 40
0.023869325235915614 0.811227194200715 40
0.10448814434576803 0.7430560345864796 40
0.3875427871588076 0.22986857514584313 95
0.029681645030804202 0.7864990098956677 40
0.165776493427395 0.35874474947250706 95
0.09434469668746884 0.4146182020993097 95
0.07115498828510265 0.44486564194151385 95
0.31029055510935294 0.3370481865976076 40
0.0 0.5445031538420742 95
0.04714045534317786 0.6035587972326161 95
0.3215863917121238 0.1726696568207727 40
0.04714045534317786 0.6035587972326161 95
0.2528016246412448 0.30000653265476834 40
0.07805458388906539 0.6361715506462015 95
0.2524987694954163 0.29558976148024463 95
0.07805458388906539 0.6361715506462015 95
0.008994077233437064 0.8959995720645297 40
0.10448814434576803 0.7430560345864796 40
0.0 0.5445031538420742 95
0.8804031531998496 0.04355416492590789 95
0.0 0.8518319587656208 40
0.14705017252017016 0.7726945983237874 95
0.41191809569071763 0.19952388165550056 95
0.8804031531998496 0.04355416492590789 95
0.008994077233437064 0.8959995720645297 40
0.39465595046087637 0.12574898130639967 40
0.32300803272214396 0.26595758078270637 95
0.8883352530283427 0.5978898303769515 40
0.07115498828510265 0.44486564194151385 95
0.4048724600975692 0.3769900895934484 40
0.19919159360272104 0.3283279383561439 95
0.8773096117485325 0.07860556484476754 95
0.7289831075975841 0.46392312218813037 40
0.04714045534317786 0.6035587972326161 95
0.24209366378951536 0.25795119540241673 40
0.8773096117485325 0.07860556484476754 95
0.009879299062201165 0.5303677238049728 95
0.12829044296505024 0.3851553343786775 95
0.09434469668746884 0.4146182020993097 95
0.04714045534317786 0.6035587972326161 95
0.5328468228934501 0.4201782129209609 40
0.41191809569071763 0.19952388165550056 95
0.008994077233437064 0.8959995720645297 40
0.09434469668746884 0.4146182020993097 95
0.24209366378951536 0.25795119540241673 40
0.07115498828510265 0.44486564194151385 95
0.1958752364490782 0.7106363106385767 40
0.011133792156503248 0.5724657877500813 95
0.008994077233437064 0.8959995720645297 40
0.207737742652368 0.814271059393757 95
1.0 0.0 40
0.30262190745476936 1.0 40
0.12829044296505024 0.3851553343786775 95
0.0 0.5445031538420742 95
0.31029055510935294 0.3370481865976076 40
0.029681645030804202 0.7864990098956677 40
0.7289831075975841 0.46392312218813037 40
0.14731082840049067 0.7401765408846603 95
0.09103806665821652 0.9398638261241731 40
0.14731082840049067 0.7401765408846603 95
0.12829044296505024 0.3851553343786775 95
0.5160617832315896 0.07642083214347321 40
0.09103806665821652 0.9398638261241731 40
0.31029055510935294 0.3370481865976076 40
0.07115498828510265 0.44486564194151385 95
0.05767110035021062 0.4719720807055597 95
0.3875427871588076 0.22986857514584313 95
0.09434469668746884 0.4146182020993097 95
0.14731082840049067 0.7401765408846603 95
0.04714045534317786 0.6035587972326161 95
0.12829044296505024 0.3851553343786775 95
0.30262190745476936 1.0 40
0.14705017252017016 0.7726945983237874 95
0.029681645030804202 0.7864990098956677 40
0.0 0.5445031538420742 95
0.207737742652368 0.814271059393757 95
0.0 0.8518319587656208 40
0.24209366378951536 0.25795119540241673 40
0.3154326315566338 0.8610303432912791 95
0.165776493427395 0.35874474947250706 95
0.008994077233437064 0.8959995720645297 40
0.011133792156503248 0.5724657877500813 95
0.12755148100286687 0.6767637564830763 95
0.5328468228934501 0.4201782129209609 40
0.39465595046087637 0.12574898130639967 40
0.1464049684185961 0.7061114666087986 95
0.8804031531998496 0.04355416492590789 95
0.0 0.8518319587656208 40
0.14731082840049067 0.7401765408846603 95
0.30262190745476936 1.0 40
0.19919159360272104 0.3283279383561439 95
0.32300803272214396 0.26595758078270637 95
0.0319110705865937 0.5017330038299982 95
0.12755148100286687 0.6767637564830763 95
0.207737742652368 0.814271059393757 95
0.2528016246412448 0.30000653265476834 40
0.029681645030804202 0.7864990098956677 40
0.8883352530283427 0.5978898303769515 40
0.0 0.8518319587656208 40
0.3154326315566338 0.8610303432912791 95
0.12829044296505024 0.3851553343786775 95
0.31029055510935294 0.3370481865976076 40
0.24209366378951536 0.25795119540241673 40
0.207737742652368 0.814271059393757 95
0.39465595046087637 0.12574898130639967 40
0.39465595046087637 0.12574898130639967 40
0.7585681287095524 0.9574603956882441 95
0.7419192015390835 1.0 95
0.7585681287095524 0.9574603956882441 95
0.207737742652368 0.814271059393757 95
0.8883352530283427 0.5978898303769515 40
0.39465595046087637 0.12574898130639967 40
0.3215863917121238 0.1726696568207727 40
0.0319110705865937 0.5017330038299982 95
