0.0902231011514064 0.6268060776153447 95
0.055168103097628415 0.5987614829274911 95
0.03665165254203124 0.5720769991109561 95
0.03889205000879668 0.5494705024499777 95
0.028682674371355625 0.521415334686196 95
0.0005968843052587739 0.49953440285562095 95
0.0 0.46876673018644 95
0.026627985748352324 0.4480678991862988 95
0.03675065967929243 0.42132580904114525 95
0.06518844908620068 0.39237379623368607 95
0.11693736615508295 0.36746967877962844 95
0.15525107671471283 0.3417599261748161 95
0.19325347755836514 0.3122989492161077 95
0.18868256687641202 0.28289263252333785 95
0.22870753241732805 0.2544399445688969 95
0.5212195861147968 0.21450406250067222 95
0.6002514432125083 0.18035364081081176 95
0.6996781242500237 0.14461889620675006 95
1.0 0.09337110612370096 95
0.8381294896901563 0.06958670850366924 95
0.8159482887830419 0.038135888318405135 95
0.8569437526861209 0.0 95
0.8385142342963937 1.0 95
0.7083272975515797 0.9508039662073324 95
0.7094791131729468 0.920101530622706 95
0.7942198199063795 0.8967169653089768 95
0.9642604268792566 0.8734719840962566 95
0.5117650388985467 0.7789073204564106 95
0.4508190858974757 0.7437243852597251 95
0.3876756913476441 0.7162266607261002 95
0.2677032374689259 0.6776859244667514 95
0.3093584331247128 0.7405801106716808 40
0.580377189241437 0.7027825167404326 40
0.684076805750865 0.6592890862990375 40
0.7774576669947529 0.6112425964802509 40
1.0 0.5644221207733323 40
0.958353562308439 0.41215389437805483 40
0.6724656810858226 0.3638484222170121 40
0.556359050742479 0.31577258857699464 40
0.4878676266856544 0.26650138602626144 40
0.2163515865543906 0.22434943768340063 40
0.1097253053439117 0.18663521589995205 40
0.03932026481062878 0.14478916713110448 40
0.004140753616806059 0.0979850833071793 40
0.0 0.0531015458092615 40
0.09003335125013855 0.0 40
0.716135599271228 1.0 40
0.15497009104514878 0.895466249217195 40
0.148970300678243 0.8480234392715484 40
0.17992030712766507 0.8025626801086644 40
0.23639244772585474 0.7603018472428152 40
0.6996781242500237 0.14461889620675006 95
0.6002514432125083 0.18035364081081176 95
0.580377189241437 0.7027825167404326 40
0.0 0.0531015458092615 40
1.0 0.5644221207733323 40
0.028682674371355625 0.521415334686196 95
0.03932026481062878 0.14478916713110448 40
0.7083272975515797 0.9508039662073324 95
0.004140753616806059 0.0979850833071793 40
0.1097253053439117 0.18663521589995205 40
0.028682674371355625 0.521415334686196 95
0.055168103097628415 0.5987614829274911 95
0.15497009104514878 0.895466249217195 40
0.026627985748352324 0.4480678991862988 95
0.580377189241437 0.7027825167404326 40
0.148970300678243 0.8480234392715484 40
0.3093584331247128 0.7405801106716808 40
0.4508190858974757 0.7437243852597251 95
0.684076805750865 0.6592890862990375 40
0.15497009104514878 0.895466249217195 40
0.11693736615508295 0.36746967877962844 95
0.7094791131729468 0.920101530622706 95
1.0 0.5644221207733323 40
0.5117650388985467 0.7789073204564106 95
0.5117650388985467 0.7789073204564106 95
0.580377189241437 0.7027825167404326 40
0.556359050742479 0.31577258857699464 40
0.7094791131729468 0.920101530622706 95
0.19325347755836514 0.3122989492161077 95
0.19325347755836514 0.3122989492161077 95
0.6724656810858226 0.3638484222170121 40
0.15525107671471283 0.3417599261748161 95
0.18868256687641202 0.28289263252333785 95
0.7094791131729468 0.920101530622706 95
1.0 0.09337110612370096 95
0.03665165254203124 0.5720769991109561 95
0.03889205000879668 0.5494705024499777 95
0.4508190858974757 0.7437243852597251 95
0.06518844908620068 0.39237379623368607 95
0.09003335125013855 0.0 40
0.18868256687641202 0.28289263252333785 95
0.15497009104514878 0.895466249217195 40
0.055168103097628415 0.5987614829274911 95
0.7942198199063795 0.8967169653089768 95
0.15497009104514878 0.895466249217195 40
0.0005968843052587739 0.49953440285562095 95
0.7083272975515797 0.9508039662073324 95
0.716135599271228 1.0 40
0.5212195861147968 0.21450406250067222 95
0.6996781242500237 0.14461889620675006 95
0.18868256687641202 0.28289263252333785 95
0.15497009104514878 0.895466249217195 40
0.11693736615508295 0.36746967877962844 95
0.15525107671471283 0.3417599261748161 95
0.958353562308439 0.41215389437805483 40
0.6996781242500237 0.14461889620675006 95
0.958353562308439 0.41215389437805483 40
0.684076805750865 0.6592890862990375 40
0.1097253053439117 0.18663521589995205 40
0.18868256687641202 0.28289263252333785 95
0.0 0.0531015458092615 40
0.0 0.46876673018644 95
0.6724656810858226 0.3638484222170121 40
0.0005968843052587739 0.49953440285562095 95
0.06518844908620068 0.39237379623368607 95
0.8569437526861209 0.0 95
0.5212195861147968 0.21450406250067222 95
0.556359050742479 0.31577258857699464 40
0.19325347755836514 0.3122989492161077 95
0.03889205000879668 0.5494705024499777 95
0.22870753241732805 0.2544399445688969 95
0.03665165254203124 0.5720769991109561 95
0.9642604268792566 0.8734719840962566 95
0.7942198199063795 0.8967169653089768 95
0.0005968843052587739 0.49953440285562095 95
0.18868256687641202 0.28289263252333785 95
0.580377189241437 0.7027825167404326 40
