0.055500232001903474 0.6299466730126324 95
0.03326769023455577 0.5996290305837207 95
0.02586773723594182 0.5736065674408882 95
0.022472682068261928 0.5471766118521278 95
0.018719081116430742 0.5208324462840906 95
0.0 0.4963971296206153 95
0.014617024283309134 0.4700825576302461 95
0.03142387361982173 0.4456457523033931 95
0.043926691785048946 0.42074138284703433 95
0.07121441849914895 0.3906002229355792 95
0.13091927201756465 0.3635785661730017 95
0.17027832414903005 0.3380993991913163 95
0.18317249731364907 0.3109253045320919 95
0.1838637386456899 0.2820414476709093 95
0.2446821977557713 0.253815710874302 95
0.5327325617315156 0.21225742731147745 95
0.5981261408582089 0.1773500205423564 95
0.711013367193072 0.13661356190240997 95
0.936270397025942 0.09132237076570804 95
0.8016657431954873 0.06849012547665966 95
0.7619998768962187 0.03614995964769388 95
0.8008783558698793 0.0 95
0.7780435990705206 1.0 95
0.6644263544486612 0.9528063331749707 95
0.6951219219339303 0.9228631246115538 95
0.7885780455033353 0.8985899470103432 95
1.0 0.8795131977814463 95
0.6210411202362794 0.8216720798428433 95
0.48066071584208636 0.7774238713193905 95
0.4166395377801209 0.7428293942032307 95
0.32975491189812944 0.7123728394445634 95
0.1844527235377029 0.6763301102681496 95
0.26311709241852627 0.8003126970924435 40
0.4899785060634032 0.7639316489058838 40
0.6220924793100016 0.7090229126090931 40
0.7083050174323845 0.6584355922483313 40
0.8919554103038463 0.6161503074226101 40
1.0 0.4436494965591884 40
0.6770642273400708 0.3923859296286781 40
0.5513753089192792 0.34484076531227875 40
0.48996782534975813 0.2860753385576824 40
0.2496351107210294 0.24386675043262623 40
0.11737408867842004 0.19859213157967956 40
0.04691407161156594 0.14633489686847154 40
0.007439539939020408 0.10477421010892597 40
0.0 0.06298049370760343 40
0.04620247760539845 0.0 40
0.23982916331716736 1.0 40
0.1417928615580161 0.9394229848938559 40
0.1480007184101858 0.8915692030415305 40
0.18458165238589544 0.8391637698040674 40
0.5981261408582089 0.1773500205423564 95
0.7780435990705206 1.0 95
0.936270397025942 0.09132237076570804 95
0.6951219219339303 0.9228631246115538 95
0.022472682068261928 0.5471766118521278 95
0.07121441849914895 0.3906002229355792 95
1.0 0.4436494965591884 40
0.936270397025942 0.09132237076570804 95
0.1844527235377029 0.6763301102681496 95
0.1417928615580161 0.9394229848938559 40
0.936270397025942 0.09132237076570804 95
0.8016657431954873 0.06849012547665966 95
0.48066071584208636 0.7774238713193905 95
0.6770642273400708 0.3923859296286781 40
0.6770642273400708 0.3923859296286781 40
0.6210411202362794 0.8216720798428433 95
0.11737408867842004 0.19859213157967956 40
0.11737408867842004 0.19859213157967956 40
0.1480007184101858 0.8915692030415305 40
0.1480007184101858 0.8915692030415305 40
0.5327325617315156 0.21225742731147745 95
0.7619998768962187 0.03614995964769388 95
0.5981261408582089 0.1773500205423564 95
0.48996782534975813 0.2860753385576824 40
0.043926691785048946 0.42074138284703433 95
0.6770642273400708 0.3923859296286781 40
0.04691407161156594 0.14633489686847154 40
0.4899785060634032 0.7639316489058838 40
0.13091927201756465 0.3635785661730017 95
0.17027832414903005 0.3380993991913163 95
0.1417928615580161 0.9394229848938559 40
0.055500232001903474 0.6299466730126324 95
0.6644263544486612 0.9528063331749707 95
0.07121441849914895 0.3906002229355792 95
0.03326769023455577 0.5996290305837207 95
0.6210411202362794 0.8216720798428433 95
0.7885780455033353 0.8985899470103432 95
0.23982916331716736 1.0 40
0.5981261408582089 0.1773500205423564 95
0.03142387361982173 0.4456457523033931 95
0.1480007184101858 0.8915692030415305 40
0.13091927201756465 0.3635785661730017 95
0.6220924793100016 0.7090229126090931 40
0.1844527235377029 0.6763301102681496 95
0.07121441849914895 0.3906002229355792 95
0.014617024283309134 0.4700825576302461 95
0.03326769023455577 0.5996290305837207 95
0.6220924793100016 0.7090229126090931 40
1.0 0.4436494965591884 40
0.043926691785048946 0.42074138284703433 95
0.17027832414903005 0.3380993991913163 95
0.7619998768962187 0.03614995964769388 95
0.6951219219339303 0.9228631246115538 95
0.018719081116430742 0.5208324462840906 95
0.6210411202362794 0.8216720798428433 95
0.8008783558698793 0.0 95
0.23982916331716736 1.0 40
0.32975491189812944 0.7123728394445634 95
0.23982916331716736 1.0 40
0.6951219219339303 0.9228631246115538 95
0.014617024283309134 0.4700825576302461 95
0.4166395377801209 0.7428293942032307 95
0.1417928615580161 0.9394229848938559 40
0.5981261408582089 0.1773500205423564 95
0.32975491189812944 0.7123728394445634 95
0.7083050174323845 0.6584355922483313 40
0.04620247760539845 0.0 40
0.014617024283309134 0.4700825576302461 95
0.5981261408582089 0.1773500205423564 95
0.7083050174323845 0.6584355922483313 40
0.1844527235377029 0.6763301102681496 95
0.8016657431954873 0.06849012547665966 95
0.1838637386456899 0.2820414476709093 95
0.8919554103038463 0.6161503074226101 40
0.1480007184101858 0.8915692030415305 40
0.26311709241852627 0.8003126970924435 40
0.04620247760539845 0.0 40
