0.08482922564876602 0.6655044564351574 95
0.04837921987770533 0.6329865610228933 95
0.0450504087691238 0.6089159926808813 95
0.04942453943944881 0.5844207832116535 95
0.04169746015641626 0.557418316996812 95
0.003640565988746245 0.5271823480544179 95
0.0 0.5047599502322391 95
0.015788880863499742 0.4779124801732866 95
0.03106114482324125 0.45084949884934805 95
0.06205491022403539 0.42661886598926113 95
0.10942321167306947 0.39973487199922175 95
0.1599082138129706 0.37406211746071266 95
0.17924671765483552 0.3433733225940722 95
0.17950345662919887 0.31817996457992437 95
0.17632459602683642 0.2919605469802456 95
0.32036334623911755 0.2555007225614444 95
0.6197160343413867 0.2163878913306659 95
0.6999622187254843 0.18071920611169648 95
0.9732740035828864 0.1311797884387444 95
0.9845151649129833 0.09912086382085339 95
0.8960318291094579 0.07084883951391129 95
0.8837020750751424 0.0412401505504035 95
0.9729136013655344 0.0 95
0.7803046694879532 1.0 95
0.7590045639407293 0.9645990358067196 95
0.8378539892531207 0.9349119317599514 95
1.0 0.9135721754246661 95
0.6452823071000149 0.8244442895168892 95
0.5254921403297227 0.7874084331478926 95
0.4511209150109508 0.7551945054978678 95
0.3314536769141 0.7187375139556577 95
0.14809794303742105 0.6855575966026646 95
0.2878249531782127 0.7990433232212608 40
0.5431861139061894 0.749104831602399 40
0.628250081359961 0.6996315893792416 40
0.718928767459702 0.6441232782581691 40
1.0 0.600721769750927 40
0.8109923862680495 0.4140903740053459 40
0.5958355465639746 0.35815484510574164 40
0.4999238152488421 0.29763121696665984 40
0.4228040993371322 0.24579557887623846 40
0.16090674716937226 0.2063481288403732 40
0.06287376787804666 0.15014338401348726 40
0.019255641482594812 0.10918384354946155 40
0.0 0.05454393855745541 40
0.021586313422182316 0.0 40
0.14461926116350407 1.0 40
0.11663022349295538 0.9442312102882294 40
0.14068070558280862 0.8847136265857578 40
0.19706651636782774 0.8395203893005068 40
0.4511209150109508 0.7551945054978678 95
1.0 0.600721769750927 40
1.0 0.600721769750927 40
0.19706651636782774 0.8395203893005068 40
0.17632459602683642 0.2919605469802456 95
0.04169746015641626 0.557418316996812 95
0.021586313422182316 0.0 40
0.6452823071000149 0.8244442895168892 95
0.4999238152488421 0.29763121696665984 40
0.0 0.5047599502322391 95
0.19706651636782774 0.8395203893005068 40
0.9732740035828864 0.1311797884387444 95
0.6197160343413867 0.2163878913306659 95
1.0 0.9135721754246661 95
0.03106114482324125 0.45084949884934805 95
0.9729136013655344 0.0 95
0.4511209150109508 0.7551945054978678 95
0.628250081359961 0.6996315893792416 40
0.10942321167306947 0.39973487199922175 95
0.8960318291094579 0.07084883951391129 95
0.4228040993371322 0.24579557887623846 40
0.19706651636782774 0.8395203893005068 40
0.6452823071000149 0.8244442895168892 95
0.0 0.5047599502322391 95
0.06205491022403539 0.42661886598926113 95
0.7590045639407293 0.9645990358067196 95
0.16090674716937226 0.2063481288403732 40
0.17632459602683642 0.2919605469802456 95
0.0 0.05454393855745541 40
1.0 0.600721769750927 40
0.0 0.5047599502322391 95
0.17632459602683642 0.2919605469802456 95
0.6452823071000149 0.8244442895168892 95
0.003640565988746245 0.5271823480544179 95
1.0 0.600721769750927 40
0.4228040993371322 0.24579557887623846 40
0.4999238152488421 0.29763121696665984 40
0.3314536769141 0.7187375139556577 95
0.11663022349295538 0.9442312102882294 40
0.19706651636782774 0.8395203893005068 40
0.5431861139061894 0.749104831602399 40
0.04837921987770533 0.6329865610228933 95
0.14461926116350407 1.0 40
0.8109923862680495 0.4140903740053459 40
0.0450504087691238 0.6089159926808813 95
0.8109923862680495 0.4140903740053459 40
0.17950345662919887 0.31817996457992437 95
0.4511209150109508 0.7551945054978678 95
0.06287376787804666 0.15014338401348726 40
0.03106114482324125 0.45084949884934805 95
0.718928767459702 0.6441232782581691 40
0.6999622187254843 0.18071920611169648 95
0.5254921403297227 0.7874084331478926 95
1.0 0.600721769750927 40
0.17632459602683642 0.2919605469802456 95
0.06287376787804666 0.15014338401348726 40
0.17950345662919887 0.31817996457992437 95
0.6197160343413867 0.2163878913306659 95
0.5431861139061894 0.749104831602399 40
0.6999622187254843 0.18071920611169648 95
0.6999622187254843 0.18071920611169648 95
0.628250081359961 0.6996315893792416 40
0.4228040993371322 0.24579557887623846 40
0.1599082138129706 0.37406211746071266 95
1.0 0.600721769750927 40
0.019255641482594812 0.10918384354946155 40
0.2878249531782127 0.7990433232212608 40
0.10942321167306947 0.39973487199922175 95
1.0 0.600721769750927 40
0.0450504087691238 0.6089159926808813 95
0.14809794303742105 0.6855575966026646 95
0.11663022349295538 0.9442312102882294 40
0.8837020750751424 0.0412401505504035 95
0.14809794303742105 0.6855575966026646 95
0.32036334623911755 0.2555007225614444 95
0.003640565988746245 0.5271823480544179 95
0.1599082138129706 0.37406211746071266 95
0.4999238152488421 0.29763121696665984 40
