0.08880257987106448 0.6510102486763151 95
0.05784474423591099 0.6224993957699789 95
0.04619973794220732 0.5958049702854983 95
0.03623664238038618 0.5690705489842748 95
0.035669057823139304 0.5458971925675463 95
0.012999376442554772 0.5191258716358172 95
0.0 0.4917069769386551 95
0.016954440370586975 0.4643750009994749 95
0.026442371642672217 0.4417150605692282 95
0.047423999525572434 0.4159006511936426 95
0.08212407135053418 0.3890181964460169 95
0.12502241343249595 0.3625297157320982 95
0.1499570720811818 0.3335946071592134 95
0.1616822925872983 0.3101884430771717 95
0.13967011686197592 0.2802517408260328 95
0.20503124477397677 0.25116649936748486 95
0.48485917516017507 0.20724198729512022 95
0.551369762814046 0.17291078640638752 95
0.6914782736187891 0.13457960111787406 95
0.847323312917123 0.09333635027870733 95
0.744226568851069 0.06294221668635372 95
0.705614064423587 0.0349622770686392 95
0.7566483649231788 0.0 95
0.7166259905096483 1.0 95
0.6502488304147291 0.9574598765025394 95
0.6885296892786096 0.9242699452544818 95
0.7768445326118649 0.8999761773950318 95
1.0 0.88943949380816 95
0.6136125849000156 0.8214969179766026 95
0.46270797162930044 0.7796717417588116 95
0.40439280391951843 0.7510813241783257 95
0.33701426234290477 0.7176037338838176 95
0.20617024683939783 0.6821766858294384 95
0.2101046057821201 0.7572249690125524 40
0.4235681763659182 0.7255765835825112 40
0.6088056002855838 0.6797046938388439 40
0.702517843228167 0.6347938510992889 40
0.8900071537443949 0.5821789656372297 40
1.0 0.4301569147718488 40
0.699394046501 0.3789068187117374 40
0.5649455938381244 0.32528825548606227 40
0.48923171568929535 0.27625390815409145 40
0.35577117389606333 0.22626753796716817 40
0.14200082468872172 0.19253102476879913 40
0.055615591189678674 0.14414799889617658 40
0.013210992404332874 0.10317558854721802 40
0.0 0.05275355566731092 40
0.08588874784481244 0.0 40
0.6121097573875904 1.0 40
0.11059468278911744 0.9066186931428687 40
0.09423342586540176 0.8552316231797435 40
0.13312337262475474 0.8112320565950218 40
1.0 0.4301569147718488 40
0.03623664238038618 0.5690705489842748 95
0.04619973794220732 0.5958049702854983 95
0.20617024683939783 0.6821766858294384 95
0.7566483649231788 0.0 95
0.551369762814046 0.17291078640638752 95
0.012999376442554772 0.5191258716358172 95
0.055615591189678674 0.14414799889617658 40
0.7166259905096483 1.0 95
0.047423999525572434 0.4159006511936426 95
1.0 0.88943949380816 95
0.33701426234290477 0.7176037338838176 95
0.744226568851069 0.06294221668635372 95
0.699394046501 0.3789068187117374 40
0.40439280391951843 0.7510813241783257 95
0.5649455938381244 0.32528825548606227 40
0.7566483649231788 0.0 95
0.48485917516017507 0.20724198729512022 95
0.047423999525572434 0.4159006511936426 95
0.0 0.05275355566731092 40
0.05784474423591099 0.6224993957699789 95
0.847323312917123 0.09333635027870733 95
0.33701426234290477 0.7176037338838176 95
0.705614064423587 0.0349622770686392 95
0.40439280391951843 0.7510813241783257 95
0.699394046501 0.3789068187117374 40
1.0 0.88943949380816 95
0.6885296892786096 0.9242699452544818 95
0.6136125849000156 0.8214969179766026 95
0.04619973794220732 0.5958049702854983 95
0.05784474423591099 0.6224993957699789 95
0.7566483649231788 0.0 95
0.055615591189678674 0.14414799889617658 40
0.13967011686197592 0.2802517408260328 95
0.05784474423591099 0.6224993957699789 95
0.08212407135053418 0.3890181964460169 95
0.48923171568929535 0.27625390815409145 40
0.551369762814046 0.17291078640638752 95
1.0 0.4301569147718488 40
0.016954440370586975 0.4643750009994749 95
0.705614064423587 0.0349622770686392 95
0.08212407135053418 0.3890181964460169 95
0.7768445326118649 0.8999761773950318 95
0.016954440370586975 0.4643750009994749 95
0.055615591189678674 0.14414799889617658 40
0.48485917516017507 0.20724198729512022 95
0.4235681763659182 0.7255765835825112 40
0.055615591189678674 0.14414799889617658 40
0.46270797162930044 0.7796717417588116 95
0.1616822925872983 0.3101884430771717 95
1.0 0.4301569147718488 40
0.702517843228167 0.6347938510992889 40
0.013210992404332874 0.10317558854721802 40
0.6502488304147291 0.9574598765025394 95
1.0 0.4301569147718488 40
0.20617024683939783 0.6821766858294384 95
0.1499570720811818 0.3335946071592134 95
0.744226568851069 0.06294221668635372 95
0.14200082468872172 0.19253102476879913 40
0.0 0.4917069769386551 95
0.026442371642672217 0.4417150605692282 95
0.699394046501 0.3789068187117374 40
0.4235681763659182 0.7255765835825112 40
0.7566483649231788 0.0 95
0.012999376442554772 0.5191258716358172 95
0.1499570720811818 0.3335946071592134 95
0.1499570720811818 0.3335946071592134 95
0.20503124477397677 0.25116649936748486 95
0.6136125849000156 0.8214969179766026 95
0.6885296892786096 0.9242699452544818 95
0.35577117389606333 0.22626753796716817 40
0.026442371642672217 0.4417150605692282 95
0.46270797162930044 0.7796717417588116 95
0.03623664238038618 0.5690705489842748 95
1.0 0.88943949380816 95
0.11059468278911744 0.9066186931428687 40
