0.08215860623624048 0.659250647539872 95
0.04680237532972293 0.6314109351154898 95
0.036948556268836696 0.6004523440882807 95
0.03681767655552937 0.5738119847938512 95
0.02642847017218783 0.5501782514012331 95
0.010399123664743055 0.5254877514216726 95
0.0 0.49977451150566465 95
0.010596768591801408 0.4745181484970979 95
0.018141034846615292 0.44521190628193297 95
0.04310071711161077 0.4243603558857651 95
0.0792916329506275 0.3960675647125177 95
0.11055281424421418 0.3704468281507893 95
0.14089232450853018 0.34307295983737895 95
0.140096155366766 0.3131680771914938 95
0.12844267043414206 0.2855599162500012 95
0.20600799001848913 0.2589796316833513 95
0.4599568714659266 0.21180729414626706 95
0.5233970059146322 0.18017169129722507 95
0.676549709410608 0.1404132956125262 95
0.7853087985933591 0.09882925651964766 95
0.698401766851225 0.07216897445035005 95
0.6640457879200843 0.039541592664118816 95
0.726337760133284 0.0 95
0.6615510453741108 1.0 95
0.6147622491521963 0.9619576238421739 95
0.6530262003453695 0.9300393360764181 95
0.761045246513452 0.9088005781677078 95
1.0 0.8960693082097341 95
0.5638513612426922 0.8266043337467783 95
0.4250778981923619 0.7868773752215148 95
0.3775535563244818 0.7556522719992629 95
0.3092469127666792 0.7226487187334022 95
0.18658029801054002 0.6844726034160877 95
0.19241599303123977 0.7762696637354314 40
0.39181803289246414 0.7344586691609875 40
0.5944457994911603 0.7007766040893648 40
0.6882100826639728 0.6466756227306697 40
0.869068158710589 0.5971130810732598 40
1.0 0.4384600282770386 40
0.7174921840499826 0.3788142113179056 40
0.5738714893861572 0.3354006858815078 40
0.491694684013361 0.28133388549118127 40
0.3765930662625461 0.23722396419627456 40
0.1390997114950515 0.18792889651580677 40
0.06158550918271082 0.14616822539134597 40
0.0018237636897595196 0.10225017691831723 40
0.0 0.05475756282970821 40
0.06753237264697816 0.0 40
0.4553356464372496 1.0 40
0.08005358007748174 0.9090663926003513 40
0.0789992496236428 0.8620517576501979 40
0.11418757371947262 0.8120286674335853 40
0.5738714893861572 0.3354006858815078 40
0.869068158710589 0.5971130810732598 40
0.5638513612426922 0.8266043337467783 95
1.0 0.8960693082097341 95
0.4553356464372496 1.0 40
0.010596768591801408 0.4745181484970979 95
0.0 0.05475756282970821 40
0.08005358007748174 0.9090663926003513 40
0.698401766851225 0.07216897445035005 95
0.0792916329506275 0.3960675647125177 95
0.08005358007748174 0.9090663926003513 40
0.7174921840499826 0.3788142113179056 40
0.0792916329506275 0.3960675647125177 95
0.0018237636897595196 0.10225017691831723 40
0.6640457879200843 0.039541592664118816 95
0.036948556268836696 0.6004523440882807 95
0.11055281424421418 0.3704468281507893 95
0.02642847017218783 0.5501782514012331 95
0.19241599303123977 0.7762696637354314 40
0.698401766851225 0.07216897445035005 95
0.5638513612426922 0.8266043337467783 95
0.4553356464372496 1.0 40
0.010399123664743055 0.5254877514216726 95
0.3765930662625461 0.23722396419627456 40
0.08005358007748174 0.9090663926003513 40
0.036948556268836696 0.6004523440882807 95
0.12844267043414206 0.2855599162500012 95
0.04680237532972293 0.6314109351154898 95
0.04310071711161077 0.4243603558857651 95
0.6530262003453695 0.9300393360764181 95
0.11418757371947262 0.8120286674335853 40
0.018141034846615292 0.44521190628193297 95
0.04680237532972293 0.6314109351154898 95
0.5738714893861572 0.3354006858815078 40
0.20600799001848913 0.2589796316833513 95
0.08005358007748174 0.9090663926003513 40
0.140096155366766 0.3131680771914938 95
0.761045246513452 0.9088005781677078 95
0.0789992496236428 0.8620517576501979 40
0.3092469127666792 0.7226487187334022 95
0.04680237532972293 0.6314109351154898 95
0.010596768591801408 0.4745181484970979 95
0.6882100826639728 0.6466756227306697 40
0.3765930662625461 0.23722396419627456 40
0.0 0.49977451150566465 95
0.761045246513452 0.9088005781677078 95
0.3092469127666792 0.7226487187334022 95
0.6530262003453695 0.9300393360764181 95
0.698401766851225 0.07216897445035005 95
0.140096155366766 0.3131680771914938 95
0.14089232450853018 0.34307295983737895 95
0.869068158710589 0.5971130810732598 40
0.3775535563244818 0.7556522719992629 95
0.12844267043414206 0.2855599162500012 95
0.6882100826639728 0.6466756227306697 40
0.4599568714659266 0.21180729414626706 95
0.04310071711161077 0.4243603558857651 95
0.4250778981923619 0.7868773752215148 95
0.5944457994911603 0.7007766040893648 40
0.726337760133284 0.0 95
0.18658029801054002 0.6844726034160877 95
1.0 0.8960693082097341 95
0.6530262003453695 0.9300393360764181 95
0.7174921840499826 0.3788142113179056 40
0.0789992496236428 0.8620517576501979 40
1.0 0.4384600282770386 40
0.11055281424421418 0.3704468281507893 95
0.06158550918271082 0.14616822539134597 40
0.036948556268836696 0.6004523440882807 95
0.0789992496236428 0.8620517576501979 40
0.010596768591801408 0.4745181484970979 95
0.6530262003453695 0.9300393360764181 95
0.3092469127666792 0.7226487187334022 95
1.0 0.4384600282770386 40
0.0 0.49977451150566465 95
0.39181803289246414 0.7344586691609875 40
