0.07893519770264987 0.6438575562643623 95
0.05820442402481327 0.619344128719011 95
0.048092870436765196 0.5902566323497859 95
0.04416306046475367 0.5614196785403108 95
0.03018891021575486 0.5348392819043454 95
0.0 0.5131222646223441 95
0.010832563750280366 0.4826887536542827 95
0.03323394065670687 0.45625686283688394 95
0.04568998477220704 0.42844615216560733 95
0.08326831751567913 0.40577538670798013 95
0.12940662295079955 0.37597162650417904 95
0.17722456513593762 0.3496508789795658 95
0.18962880797446274 0.31949559364113006 95
0.17595026502703598 0.292847303866951 95
0.21927385555275855 0.26140502136981136 95
0.5532092808898015 0.21636453947735548 95
0.6225304353939413 0.18288162095442256 95
0.7482511296530945 0.14438737264509058 95
1.0 0.09302415821889258 95
0.8768935639804549 0.0706446014587792 95
0.8317285650441798 0.03669460693399903 95
0.8775149582017667 0.0 95
0.7589649023166329 1.0 95
0.7595047832575645 0.9694479088483199 95
0.8339675169220833 0.9396812861506928 95
0.9879809837660503 0.9169274287137444 95
0.5947297628355642 0.8209822842071944 95
0.5030613463770585 0.7839971310617583 95
0.44446164850456416 0.7547639440224947 95
0.341119520487438 0.7153867884363253 95
0.17094066148533898 0.6795850380842581 95
0.26045208785261614 0.768894515789818 40
0.5303931761924102 0.7363096105989066 40
0.6531080209668623 0.6844626017582215 40
0.7619762043809704 0.6421875998669745 40
0.9957337182451014 0.5865153956397385 40
1.0 0.42995426412194976 40
0.6875863245085585 0.3767255126770273 40
0.5613126152459786 0.3312237259034567 40
0.4926045713462421 0.2739205378632026 40
0.24422062090194566 0.23896200785926533 40
0.11253861399912903 0.1873990573040025 40
0.03888375154587708 0.14588540655559107 40
0.005941118313168457 0.10105912781185603 40
0.0 0.05815312519221935 40
0.1390220244273446 0.0 40
0.4890658073486254 1.0 40
0.09496288920822843 0.9137315026420018 40
0.10200145980988835 0.8629451029640041 40
0.13361401146113366 0.8254904687599932 40
0.0 0.05815312519221935 40
0.04416306046475367 0.5614196785403108 95
0.17094066148533898 0.6795850380842581 95
0.6225304353939413 0.18288162095442256 95
0.048092870436765196 0.5902566323497859 95
0.6531080209668623 0.6844626017582215 40
0.9879809837660503 0.9169274287137444 95
0.03888375154587708 0.14588540655559107 40
0.5030613463770585 0.7839971310617583 95
0.7595047832575645 0.9694479088483199 95
0.11253861399912903 0.1873990573040025 40
0.5532092808898015 0.21636453947735548 95
0.8339675169220833 0.9396812861506928 95
0.17595026502703598 0.292847303866951 95
0.18962880797446274 0.31949559364113006 95
0.09496288920822843 0.9137315026420018 40
0.7619762043809704 0.6421875998669745 40
0.8768935639804549 0.0706446014587792 95
0.24422062090194566 0.23896200785926533 40
0.6531080209668623 0.6844626017582215 40
0.6531080209668623 0.6844626017582215 40
0.24422062090194566 0.23896200785926533 40
0.03018891021575486 0.5348392819043454 95
0.18962880797446274 0.31949559364113006 95
0.7619762043809704 0.6421875998669745 40
0.5947297628355642 0.8209822842071944 95
0.07893519770264987 0.6438575562643623 95
0.7595047832575645 0.9694479088483199 95
0.7595047832575645 0.9694479088483199 95
0.07893519770264987 0.6438575562643623 95
1.0 0.09302415821889258 95
0.17722456513593762 0.3496508789795658 95
0.17094066148533898 0.6795850380842581 95
0.7595047832575645 0.9694479088483199 95
0.341119520487438 0.7153867884363253 95
0.26045208785261614 0.768894515789818 40
0.7619762043809704 0.6421875998669745 40
0.04568998477220704 0.42844615216560733 95
0.6225304353939413 0.18288162095442256 95
0.5303931761924102 0.7363096105989066 40
1.0 0.09302415821889258 95
0.341119520487438 0.7153867884363253 95
0.7619762043809704 0.6421875998669745 40
0.17722456513593762 0.3496508789795658 95
0.08326831751567913 0.40577538670798013 95
0.17094066148533898 0.6795850380842581 95
0.10200145980988835 0.8629451029640041 40
0.9879809837660503 0.9169274287137444 95
0.010832563750280366 0.4826887536542827 95
0.8768935639804549 0.0706446014587792 95
0.6875863245085585 0.3767255126770273 40
0.03888375154587708 0.14588540655559107 40
0.5532092808898015 0.21636453947735548 95
0.5030613463770585 0.7839971310617583 95
0.7589649023166329 1.0 95
0.1390220244273446 0.0 40
0.1390220244273446 0.0 40
0.7619762043809704 0.6421875998669745 40
0.9879809837660503 0.9169274287137444 95
0.6531080209668623 0.6844626017582215 40
0.6531080209668623 0.6844626017582215 40
0.21927385555275855 0.26140502136981136 95
0.0 0.05815312519221935 40
0.07893519770264987 0.6438575562643623 95
0.7595047832575645 0.9694479088483199 95
0.03323394065670687 0.45625686283688394 95
0.7589649023166329 1.0 95
0.9957337182451014 0.5865153956397385 40
1.0 0.09302415821889258 95
0.04416306046475367 0.5614196785403108 95
0.6875863245085585 0.3767255126770273 40
0.24422062090194566 0.23896200785926533 40
0.08326831751567913 0.40577538670798013 95
0.07893519770264987 0.6438575562643623 95
0.4926045713462421 0.2739205378632026 40
0.08326831751567913 0.40577538670798013 95
0.12940662295079955 0.37597162650417904 95
0.6875863245085585 0.3767255126770273 40
