0.023071322651561487 0.5176705230936859 95
0.04076626372692226 0.48419024425622786 95
0.0647500959004823 0.45077567210316155 95
0.08121948804835054 0.4252135103182927 95
0.1236332489534681 0.39050576626930356 95
0.15267426509405604 0.3579028489225175 95
0.1716173432691659 0.3302470276738222 95
0.21226810516158476 0.30031373491441615 95
0.2909781674401962 0.2674401513630186 95
0.336205766754391 0.2303818045088151 95
0.3877239167807312 0.19949165602585425 95
0.4198508959465741 0.16417308895478355 95
0.9792873881849739 0.040078467307249795 95
1.0 0.0 95
0.7201925221368254 1.0 95
0.7826517862189329 0.9627974555829477 95
0.2935598540632533 0.8695456156395274 95
0.174470876838678 0.8235362115495284 95
0.15032154943210055 0.7842386652162998 95
0.14971350298954475 0.7475435842021272 95
0.12828512506419754 0.7151765155488344 95
0.11055580351637986 0.6789160074841514 95
0.063570305002518 0.6409477564191508 95
0.04869934841109469 0.6047236743546687 95
0.02677581577495578 0.573612543074613 95
0.0 0.5420496330755384 95
0.14623123730219997 0.7928080250859854 40
0.2613307623461296 0.7506373669134324 40
0.43389376551677816 0.709997651431019 40
0.671364685581597 0.6684538159216032 40
1.0 0.6239705646496634 40
0.8209766961392098 0.428926983022131 40
0.635340261181086 0.3840043918627894 40
0.5009136857380119 0.3395927537506149 40
0.40390364922506417 0.2941467462906749 40
0.34990347345909073 0.25110390420934875 40
0.3502192026941453 0.20650656670229087 40
0.3823352054040296 0.1610881322615811 40
0.42747104191239155 0.11253850931097135 40
0.5022063345575306 0.054919178188710505 40
0.6526950624357494 0.0 40
0.2581881275349919 1.0 40
0.056244421283648385 0.946572875504408 40
0.0 0.8972184594927155 40
0.0020677134711559082 0.8474275608862648 40
0.40390364922506417 0.2941467462906749 40
0.04076626372692226 0.48419024425622786 95
0.14623123730219997 0.7928080250859854 40
0.14971350298954475 0.7475435842021272 95
0.9792873881849739 0.040078467307249795 95
0.34990347345909073 0.25110390420934875 40
0.3823352054040296 0.1610881322615811 40
0.5009136857380119 0.3395927537506149 40
0.11055580351637986 0.6789160074841514 95
0.15032154943210055 0.7842386652162998 95
0.023071322651561487 0.5176705230936859 95
0.2613307623461296 0.7506373669134324 40
0.0 0.5420496330755384 95
0.42747104191239155 0.11253850931097135 40
0.1236332489534681 0.39050576626930356 95
0.3823352054040296 0.1610881322615811 40
0.11055580351637986 0.6789160074841514 95
0.336205766754391 0.2303818045088151 95
0.04869934841109469 0.6047236743546687 95
0.11055580351637986 0.6789160074841514 95
0.0020677134711559082 0.8474275608862648 40
0.7826517862189329 0.9627974555829477 95
0.21226810516158476 0.30031373491441615 95
0.0020677134711559082 0.8474275608862648 40
0.174470876838678 0.8235362115495284 95
0.02677581577495578 0.573612543074613 95
0.8209766961392098 0.428926983022131 40
0.3502192026941453 0.20650656670229087 40
0.8209766961392098 0.428926983022131 40
0.0 0.5420496330755384 95
0.2935598540632533 0.8695456156395274 95
0.9792873881849739 0.040078467307249795 95
0.11055580351637986 0.6789160074841514 95
0.14971350298954475 0.7475435842021272 95
0.174470876838678 0.8235362115495284 95
0.12828512506419754 0.7151765155488344 95
0.9792873881849739 0.040078467307249795 95
1.0 0.6239705646496634 40
0.1716173432691659 0.3302470276738222 95
0.174470876838678 0.8235362115495284 95
0.8209766961392098 0.428926983022131 40
0.2909781674401962 0.2674401513630186 95
0.3502192026941453 0.20650656670229087 40
0.0020677134711559082 0.8474275608862648 40
0.34990347345909073 0.25110390420934875 40
0.023071322651561487 0.5176705230936859 95
0.023071322651561487 0.5176705230936859 95
1.0 0.0 95
0.0647500959004823 0.45077567210316155 95
0.2909781674401962 0.2674401513630186 95
0.3823352054040296 0.1610881322615811 40
0.1716173432691659 0.3302470276738222 95
0.8209766961392098 0.428926983022131 40
0.04076626372692226 0.48419024425622786 95
0.34990347345909073 0.25110390420934875 40
0.3877239167807312 0.19949165602585425 95
0.671364685581597 0.6684538159216032 40
0.7826517862189329 0.9627974555829477 95
1.0 0.6239705646496634 40
0.34990347345909073 0.25110390420934875 40
0.9792873881849739 0.040078467307249795 95
0.14971350298954475 0.7475435842021272 95
0.1236332489534681 0.39050576626930356 95
0.3823352054040296 0.1610881322615811 40
0.04869934841109469 0.6047236743546687 95
0.063570305002518 0.6409477564191508 95
0.3877239167807312 0.19949165602585425 95
0.3502192026941453 0.20650656670229087 40
0.1716173432691659 0.3302470276738222 95
0.3877239167807312 0.19949165602585425 95
0.3877239167807312 0.19949165602585425 95
0.7826517862189329 0.9627974555829477 95
0.336205766754391 0.2303818045088151 95
0.0 0.5420496330755384 95
0.056244421283648385 0.946572875504408 40
0.023071322651561487 0.5176705230936859 95
0.3877239167807312 0.19949165602585425 95
0.174470876838678 0.8235362115495284 95
0.336205766754391 0.2303818045088151 95
0.5009136857380119 0.3395927537506149 40
0.8209766961392098 0.428926983022131 40
0.15032154943210055 0.7842386652162998 95
0.023071322651561487 0.5176705230936859 95
0.40390364922506417 0.2941467462906749 40
1.0 0.0 95
0.2613307623461296 0.7506373669134324 40
0.11055580351637986 0.6789160074841514 95
0.11055580351637986 0.6789160074841514 95
0.174470876838678 0.8235362115495284 95
0.5022063345575306 0.054919178188710505 40
0.9792873881849739 0.040078467307249795 95
0.15032154943210055 0.7842386652162998 95
0.04076626372692226 0.48419024425622786 95
1.0 0.6239705646496634 40
0.4198508959465741 0.16417308895478355 95
0.2909781674401962 0.2674401513630186 95
0.9792873881849739 0.040078467307249795 95
0.2613307623461296 0.7506373669134324 40
0.635340261181086 0.3840043918627894 40
0.0020677134711559082 0.8474275608862648 40
0.34990347345909073 0.25110390420934875 40
0.2935598540632533 0.8695456156395274 95
0.336205766754391 0.2303818045088151 95
0.8209766961392098 0.428926983022131 40
0.14971350298954475 0.7475435842021272 95
0.6526950624357494 0.0 40
1.0 0.0 95
0.4198508959465741 0.16417308895478355 95
0.14971350298954475 0.7475435842021272 95
0.0020677134711559082 0.8474275608862648 40
0.43389376551677816 0.709997651431019 40
0.43389376551677816 0.709997651431019 40
0.15267426509405604 0.3579028489225175 95
0.34990347345909073 0.25110390420934875 40
0.04869934841109469 0.6047236743546687 95
0.056244421283648385 0.946572875504408 40
0.04869934841109469 0.6047236743546687 95
0.0 0.8972184594927155 40
1.0 0.6239705646496634 40
0.3502192026941453 0.20650656670229087 40
0.3502192026941453 0.20650656670229087 40
0.11055580351637986 0.6789160074841514 95
0.671364685581597 0.6684538159216032 40
0.02677581577495578 0.573612543074613 95
0.14971350298954475 0.7475435842021272 95
0.3502192026941453 0.20650656670229087 40
0.0647500959004823 0.45077567210316155 95
0.4198508959465741 0.16417308895478355 95
0.42747104191239155 0.11253850931097135 40
0.635340261181086 0.3840043918627894 40
0.0 0.8972184594927155 40
0.21226810516158476 0.30031373491441615 95
0.1236332489534681 0.39050576626930356 95
0.7201925221368254 1.0 95
0.0 0.5420496330755384 95
0.1716173432691659 0.3302470276738222 95
0.9792873881849739 0.040078467307249795 95
0.0647500959004823 0.45077567210316155 95
0.3823352054040296 0.1610881322615811 40
0.14623123730219997 0.7928080250859854 40
0.7201925221368254 1.0 95
0.5009136857380119 0.3395927537506149 40
0.15267426509405604 0.3579028489225175 95
0.15267426509405604 0.3579028489225175 95
0.3823352054040296 0.1610881322615811 40
0.43389376551677816 0.709997651431019 40
0.0 0.8972184594927155 40
0.0 0.8972184594927155 40
0.3823352054040296 0.1610881322615811 40
0.11055580351637986 0.6789160074841514 95
0.11055580351637986 0.6789160074841514 95
0.5009136857380119 0.3395927537506149 40
0.023071322651561487 0.5176705230936859 95
0.34990347345909073 0.25110390420934875 40
0.0 0.8972184594927155 40
0.40390364922506417 0.2941467462906749 40
0.12828512506419754 0.7151765155488344 95
0.1236332489534681 0.39050576626930356 95
0.3823352054040296 0.1610881322615811 40
0.2613307623461296 0.7506373669134324 40
0.43389376551677816 0.709997651431019 40
1.0 0.6239705646496634 40
0.4198508959465741 0.16417308895478355 95
1.0 0.6239705646496634 40
0.02677581577495578 0.573612543074613 95
0.6526950624357494 0.0 40
0.2581881275349919 1.0 40
0.0647500959004823 0.45077567210316155 95
0.635340261181086 0.3840043918627894 40
0.174470876838678 0.8235362115495284 95
0.7201925221368254 1.0 95
0.2581881275349919 1.0 40
0.023071322651561487 0.5176705230936859 95
0.056244421283648385 0.946572875504408 40
0.9792873881849739 0.040078467307249795 95
0.9792873881849739 0.040078467307249795 95
0.21226810516158476 0.30031373491441615 95
0.023071322651561487 0.5176705230936859 95
0.43389376551677816 0.709997651431019 40
1.0 0.0 95
0.9792873881849739 0.040078467307249795 95
0.063570305002518 0.6409477564191508 95
0.15267426509405604 0.3579028489225175 95
1.0 0.6239705646496634 40
0.174470876838678 0.8235362115495284 95
1.0 0.6239705646496634 40
0.42747104191239155 0.11253850931097135 40
0.15267426509405604 0.3579028489225175 95
0.14623123730219997 0.7928080250859854 40
0.174470876838678 0.8235362115495284 95
0.2581881275349919 1.0 40
0.42747104191239155 0.11253850931097135 40
0.7826517862189329 0.9627974555829477 95
0.14971350298954475 0.7475435842021272 95
0.2613307623461296 0.7506373669134324 40
0.2613307623461296 0.7506373669134324 40
0.2935598540632533 0.8695456156395274 95
0.9792873881849739 0.040078467307249795 95
0.0020677134711559082 0.8474275608862648 40
0.02677581577495578 0.573612543074613 95
0.2581881275349919 1.0 40
0.7201925221368254 1.0 95
0.3502192026941453 0.20650656670229087 40
0.2935598540632533 0.8695456156395274 95
0.3502192026941453 0.20650656670229087 40
0.3877239167807312 0.19949165602585425 95
0.15032154943210055 0.7842386652162998 95
0.0 0.5420496330755384 95
0.08121948804835054 0.4252135103182927 95
0.5022063345575306 0.054919178188710505 40
0.15032154943210055 0.7842386652162998 95
