0.10645670391299107 0.645380978369375 95
0.0744338373299239 0.6134570103143859 95
0.047048840285697245 0.5907347985804973 95
0.04509674187267327 0.5618765441748791 95
0.02647593867204071 0.5374283753010582 95
0.005502883895716067 0.5120406066733051 95
0.0 0.4920106446966144 95
0.01499951022452478 0.4621770218888506 95
0.02668906026267226 0.4397583492839178 95
0.05405019032264542 0.4120719947988362 95
0.09030452081039299 0.3902747207532647 95
0.1397422955177492 0.360000529244362 95
0.17608820804499967 0.33437812778116527 95
0.1784586893312841 0.3106411637347528 95
0.16987883230511275 0.2844056800204651 95
0.344027422637574 0.25082965500774107 95
0.5758741406932301 0.2099994749511101 95
0.6315582132162428 0.17540214861432463 95
1.0 0.1258699507519497 95
0.8807247228187408 0.09964304158271527 95
0.8050827544691072 0.07419677530648744 95
0.7973514153943407 0.039169010118334804 95
0.9058418031503379 0.0 95
0.8547841914476945 1.0 95
0.717275737353739 0.9554428883924162 95
0.7204658227237991 0.9196111351917713 95
0.8052325125452968 0.8953244776370024 95
0.9783740944087134 0.8781884865907038 95
0.5305577706725095 0.7857216796570023 95
0.46930207316674627 0.7495983375946772 95
0.393645249169029 0.7189229251544308 95
0.27511921714041165 0.6890181914840906 95
0.16176066021938437 0.7493236528922018 40
0.29467555757823066 0.7101180689723787 40
0.5029372049546172 0.6748394694679388 40
0.5901887155813267 0.6254677570605116 40
0.7117546274412936 0.5831348754539945 40
1.0 0.53049016227606 40
0.7047948103347511 0.3669290227380046 40
0.5268168454587729 0.313867910516166 40
0.44425415308728955 0.2666906563244626 40
0.36030393787659354 0.224399717439595 40
0.14894374720267034 0.1754680274982614 40
0.06698880438267711 0.1349560419987109 40
0.01943514831777256 0.09111289253422673 40
0.0 0.05030640534775905 40
0.006666479872763704 0.0 40
0.5676872127015875 1.0 40
0.07770968832166912 0.8967393078723471 40
0.06870189552052292 0.8495011134333444 40
0.09185023849959545 0.7991338020233231 40
0.10645670391299107 0.645380978369375 95
0.1784586893312841 0.3106411637347528 95
0.05405019032264542 0.4120719947988362 95
0.29467555757823066 0.7101180689723787 40
0.344027422637574 0.25082965500774107 95
0.16176066021938437 0.7493236528922018 40
0.27511921714041165 0.6890181914840906 95
0.5676872127015875 1.0 40
0.1397422955177492 0.360000529244362 95
0.06870189552052292 0.8495011134333444 40
0.717275737353739 0.9554428883924162 95
0.047048840285697245 0.5907347985804973 95
0.5305577706725095 0.7857216796570023 95
0.14894374720267034 0.1754680274982614 40
0.7117546274412936 0.5831348754539945 40
0.344027422637574 0.25082965500774107 95
0.8807247228187408 0.09964304158271527 95
0.7973514153943407 0.039169010118334804 95
0.344027422637574 0.25082965500774107 95
0.17608820804499967 0.33437812778116527 95
0.7973514153943407 0.039169010118334804 95
0.27511921714041165 0.6890181914840906 95
0.6315582132162428 0.17540214861432463 95
0.7204658227237991 0.9196111351917713 95
0.5676872127015875 1.0 40
0.344027422637574 0.25082965500774107 95
0.8052325125452968 0.8953244776370024 95
0.09030452081039299 0.3902747207532647 95
0.5268168454587729 0.313867910516166 40
1.0 0.1258699507519497 95
0.14894374720267034 0.1754680274982614 40
0.5758741406932301 0.2099994749511101 95
0.14894374720267034 0.1754680274982614 40
0.9783740944087134 0.8781884865907038 95
0.5305577706725095 0.7857216796570023 95
0.5029372049546172 0.6748394694679388 40
0.0 0.05030640534775905 40
0.393645249169029 0.7189229251544308 95
0.7117546274412936 0.5831348754539945 40
0.5758741406932301 0.2099994749511101 95
0.9783740944087134 0.8781884865907038 95
0.09185023849959545 0.7991338020233231 40
0.0 0.05030640534775905 40
0.006666479872763704 0.0 40
0.06698880438267711 0.1349560419987109 40
0.06870189552052292 0.8495011134333444 40
0.7973514153943407 0.039169010118334804 95
0.09030452081039299 0.3902747207532647 95
0.9058418031503379 0.0 95
0.393645249169029 0.7189229251544308 95
0.7973514153943407 0.039169010118334804 95
0.02668906026267226 0.4397583492839178 95
0.06698880438267711 0.1349560419987109 40
0.005502883895716067 0.5120406066733051 95
0.7047948103347511 0.3669290227380046 40
1.0 0.53049016227606 40
0.8807247228187408 0.09964304158271527 95
0.1397422955177492 0.360000529244362 95
0.05405019032264542 0.4120719947988362 95
1.0 0.53049016227606 40
0.5268168454587729 0.313867910516166 40
0.16987883230511275 0.2844056800204651 95
0.8807247228187408 0.09964304158271527 95
0.16176066021938437 0.7493236528922018 40
0.5676872127015875 1.0 40
0.344027422637574 0.25082965500774107 95
0.07770968832166912 0.8967393078723471 40
0.02668906026267226 0.4397583492839178 95
0.7973514153943407 0.039169010118334804 95
0.5305577706725095 0.7857216796570023 95
0.04509674187267327 0.5618765441748791 95
0.16987883230511275 0.2844056800204651 95
0.8052325125452968 0.8953244776370024 95
0.16987883230511275 0.2844056800204651 95
0.5758741406932301 0.2099994749511101 95
0.5676872127015875 1.0 40
0.5268168454587729 0.313867910516166 40
