0.026807441387728104 0.5060593871445044 95
0.0456859074010887 0.47601758345152617 95
0.07650285877079564 0.44641490100794834 95
0.09397427641903781 0.41992105669393537 95
0.12873449864041211 0.38583712196654535 95
0.16044285062370273 0.3563417904365716 95
0.1960086263163404 0.3264105802527251 95
0.2578727309850094 0.29377127364238714 95
0.320020660900893 0.2643549177437711 95
0.3675592514912806 0.22880143463040234 95
0.40517130051022404 0.19661230590568426 95
0.9452297517164722 0.07704402264737602 95
0.9209950170973425 0.039938857399596 95
1.0 0.0 95
0.6738337844668498 1.0 95
0.6905691774412552 0.9632764110273759 95
0.33309961543938194 0.8820569347046661 95
0.25691540341923197 0.8385417801294209 95
0.19612923441471591 0.79609413518347 95
0.18661980382841062 0.7574145225964365 95
0.17372198029009886 0.7230903018135236 95
0.14401750699870217 0.6901169619473584 95
0.09545839946921782 0.6536863579093062 95
0.062023859009395554 0.6187507336686379 95
0.03308192452897569 0.585535898160197 95
0.0 0.5510191643841669 95
0.07893028628561856 0.7956721256974519 40
0.21288322781090754 0.7578759061390928 40
0.37791987076965405 0.716899708682605 40
0.6214243821078833 0.6753946205580917 40
1.0 0.632017474127262 40
0.9993959691268065 0.43693306536795773 40
0.7463952060652238 0.395937274417586 40
0.5976903162979621 0.34652199574911885 40
0.48678180589588216 0.3011594452729704 40
0.43169345153198185 0.2563951788256262 40
0.4053882462744975 0.20689071240030993 40
0.44805604391240655 0.16311389153239741 40
0.505630500103874 0.11223651216319291 40
0.5877190854665499 0.06356997055331452 40
0.7428404975890575 0.0 40
0.3132145809542591 1.0 40
0.071986765155979 0.9423143893173677 40
0.0 0.8904194153802987 40
0.011847768778915 0.8458891958507241 40
0.09545839946921782 0.6536863579093062 95
0.5877190854665499 0.06356997055331452 40
0.6214243821078833 0.6753946205580917 40
0.9993959691268065 0.43693306536795773 40
0.4053882462744975 0.20689071240030993 40
0.18661980382841062 0.7574145225964365 95
0.40517130051022404 0.19661230590568426 95
0.5976903162979621 0.34652199574911885 40
0.43169345153198185 0.2563951788256262 40
0.3675592514912806 0.22880143463040234 95
0.14401750699870217 0.6901169619473584 95
0.16044285062370273 0.3563417904365716 95
0.7428404975890575 0.0 40
0.4053882462744975 0.20689071240030993 40
0.09545839946921782 0.6536863579093062 95
0.07893028628561856 0.7956721256974519 40
0.3132145809542591 1.0 40
0.4053882462744975 0.20689071240030993 40
0.07650285877079564 0.44641490100794834 95
0.062023859009395554 0.6187507336686379 95
0.37791987076965405 0.716899708682605 40
0.03308192452897569 0.585535898160197 95
0.071986765155979 0.9423143893173677 40
0.6905691774412552 0.9632764110273759 95
0.4053882462744975 0.20689071240030993 40
0.07893028628561856 0.7956721256974519 40
0.18661980382841062 0.7574145225964365 95
0.071986765155979 0.9423143893173677 40
0.9452297517164722 0.07704402264737602 95
0.6214243821078833 0.6753946205580917 40
0.9209950170973425 0.039938857399596 95
0.3675592514912806 0.22880143463040234 95
0.5976903162979621 0.34652199574911885 40
0.25691540341923197 0.8385417801294209 95
0.16044285062370273 0.3563417904365716 95
0.21288322781090754 0.7578759061390928 40
0.2578727309850094 0.29377127364238714 95
0.3132145809542591 1.0 40
0.1960086263163404 0.3264105802527251 95
0.6738337844668498 1.0 95
1.0 0.632017474127262 40
0.062023859009395554 0.6187507336686379 95
0.07650285877079564 0.44641490100794834 95
1.0 0.632017474127262 40
0.03308192452897569 0.585535898160197 95
0.48678180589588216 0.3011594452729704 40
0.026807441387728104 0.5060593871445044 95
0.7428404975890575 0.0 40
0.9209950170973425 0.039938857399596 95
0.40517130051022404 0.19661230590568426 95
0.14401750699870217 0.6901169619473584 95
0.07893028628561856 0.7956721256974519 40
0.07650285877079564 0.44641490100794834 95
0.7428404975890575 0.0 40
0.07650285877079564 0.44641490100794834 95
0.2578727309850094 0.29377127364238714 95
1.0 0.632017474127262 40
0.0 0.5510191643841669 95
0.3132145809542591 1.0 40
0.6738337844668498 1.0 95
0.16044285062370273 0.3563417904365716 95
0.37791987076965405 0.716899708682605 40
0.5976903162979621 0.34652199574911885 40
0.7463952060652238 0.395937274417586 40
0.7428404975890575 0.0 40
0.026807441387728104 0.5060593871445044 95
0.09545839946921782 0.6536863579093062 95
0.062023859009395554 0.6187507336686379 95
0.0456859074010887 0.47601758345152617 95
0.43169345153198185 0.2563951788256262 40
0.09545839946921782 0.6536863579093062 95
1.0 0.0 95
0.12873449864041211 0.38583712196654535 95
1.0 0.632017474127262 40
0.43169345153198185 0.2563951788256262 40
0.33309961543938194 0.8820569347046661 95
0.44805604391240655 0.16311389153239741 40
0.9993959691268065 0.43693306536795773 40
0.9209950170973425 0.039938857399596 95
0.19612923441471591 0.79609413518347 95
0.4053882462744975 0.20689071240030993 40
0.9209950170973425 0.039938857399596 95
0.40517130051022404 0.19661230590568426 95
1.0 0.632017474127262 40
0.026807441387728104 0.5060593871445044 95
0.505630500103874 0.11223651216319291 40
0.19612923441471591 0.79609413518347 95
0.21288322781090754 0.7578759061390928 40
0.7463952060652238 0.395937274417586 40
0.14401750699870217 0.6901169619473584 95
0.18661980382841062 0.7574145225964365 95
0.17372198029009886 0.7230903018135236 95
0.7428404975890575 0.0 40
0.062023859009395554 0.6187507336686379 95
0.3132145809542591 1.0 40
0.17372198029009886 0.7230903018135236 95
0.40517130051022404 0.19661230590568426 95
0.03308192452897569 0.585535898160197 95
0.9452297517164722 0.07704402264737602 95
0.6214243821078833 0.6753946205580917 40
0.0456859074010887 0.47601758345152617 95
0.09545839946921782 0.6536863579093062 95
0.33309961543938194 0.8820569347046661 95
0.0 0.5510191643841669 95
1.0 0.632017474127262 40
0.3675592514912806 0.22880143463040234 95
0.3132145809542591 1.0 40
0.505630500103874 0.11223651216319291 40
0.9209950170973425 0.039938857399596 95
0.43169345153198185 0.2563951788256262 40
0.37791987076965405 0.716899708682605 40
0.44805604391240655 0.16311389153239741 40
0.07650285877079564 0.44641490100794834 95
0.505630500103874 0.11223651216319291 40
0.5877190854665499 0.06356997055331452 40
0.33309961543938194 0.8820569347046661 95
0.505630500103874 0.11223651216319291 40
0.071986765155979 0.9423143893173677 40
0.09545839946921782 0.6536863579093062 95
0.2578727309850094 0.29377127364238714 95
1.0 0.0 95
0.6905691774412552 0.9632764110273759 95
0.07650285877079564 0.44641490100794834 95
0.9452297517164722 0.07704402264737602 95
0.6214243821078833 0.6753946205580917 40
0.026807441387728104 0.5060593871445044 95
0.6905691774412552 0.9632764110273759 95
0.19612923441471591 0.79609413518347 95
0.21288322781090754 0.7578759061390928 40
0.320020660900893 0.2643549177437711 95
0.25691540341923197 0.8385417801294209 95
0.17372198029009886 0.7230903018135236 95
0.33309961543938194 0.8820569347046661 95
0.0456859074010887 0.47601758345152617 95
1.0 0.632017474127262 40
0.44805604391240655 0.16311389153239741 40
0.09397427641903781 0.41992105669393537 95
0.0 0.5510191643841669 95
0.09397427641903781 0.41992105669393537 95
0.40517130051022404 0.19661230590568426 95
0.320020660900893 0.2643549177437711 95
0.43169345153198185 0.2563951788256262 40
0.33309961543938194 0.8820569347046661 95
0.07893028628561856 0.7956721256974519 40
0.07893028628561856 0.7956721256974519 40
0.071986765155979 0.9423143893173677 40
0.40517130051022404 0.19661230590568426 95
0.7463952060652238 0.395937274417586 40
0.0 0.5510191643841669 95
0.48678180589588216 0.3011594452729704 40
0.1960086263163404 0.3264105802527251 95
0.7428404975890575 0.0 40
0.48678180589588216 0.3011594452729704 40
0.5877190854665499 0.06356997055331452 40
0.40517130051022404 0.19661230590568426 95
0.6738337844668498 1.0 95
0.03308192452897569 0.585535898160197 95
0.09397427641903781 0.41992105669393537 95
0.37791987076965405 0.716899708682605 40
0.17372198029009886 0.7230903018135236 95
0.21288322781090754 0.7578759061390928 40
0.0456859074010887 0.47601758345152617 95
0.16044285062370273 0.3563417904365716 95
0.5877190854665499 0.06356997055331452 40
0.37791987076965405 0.716899708682605 40
0.011847768778915 0.8458891958507241 40
0.320020660900893 0.2643549177437711 95
0.16044285062370273 0.3563417904365716 95
0.6214243821078833 0.6753946205580917 40
0.43169345153198185 0.2563951788256262 40
0.12873449864041211 0.38583712196654535 95
0.6738337844668498 1.0 95
0.3675592514912806 0.22880143463040234 95
0.7428404975890575 0.0 40
0.43169345153198185 0.2563951788256262 40
0.40517130051022404 0.19661230590568426 95
0.3132145809542591 1.0 40
0.9993959691268065 0.43693306536795773 40
0.48678180589588216 0.3011594452729704 40
0.505630500103874 0.11223651216319291 40
0.9209950170973425 0.039938857399596 95
0.07650285877079564 0.44641490100794834 95
0.062023859009395554 0.6187507336686379 95
0.48678180589588216 0.3011594452729704 40
0.2578727309850094 0.29377127364238714 95
0.48678180589588216 0.3011594452729704 40
0.37791987076965405 0.716899708682605 40
0.14401750699870217 0.6901169619473584 95
0.19612923441471591 0.79609413518347 95
0.9993959691268065 0.43693306536795773 40
0.48678180589588216 0.3011594452729704 40
0.320020660900893 0.2643549177437711 95
0.1960086263163404 0.3264105802527251 95
0.062023859009395554 0.6187507336686379 95
1.0 0.632017474127262 40
0.48678180589588216 0.3011594452729704 40
0.19612923441471591 0.79609413518347 95
0.0456859074010887 0.47601758345152617 95
0.5976903162979621 0.34652199574911885 40
0.5877190854665499 0.06356997055331452 40
1.0 0.0 95
0.17372198029009886 0.7230903018135236 95
1.0 0.0 95
0.44805604391240655 0.16311389153239741 40
0.026807441387728104 0.5060593871445044 95
0.505630500103874 0.11223651216319291 40
0.03308192452897569 0.585535898160197 95
0.19612923441471591 0.79609413518347 95
0.9452297517164722 0.07704402264737602 95
0.320020660900893 0.2643549177437711 95
0.33309961543938194 0.8820569347046661 95
