0.11487857062178068 0.669808628732928 95
0.06614948475105674 0.640813337959421 95
0.04322398533409654 0.6151854798855343 95
0.03712519992964274 0.5888935905727897 95
0.030914425835269946 0.5608961422344667 95
0.00932955773408085 0.5375794701004974 95
0.0 0.5071472524575763 95
0.01343996212067586 0.4814176778340848 95
0.025718530390019843 0.46010728010264446 95
0.04216707028265738 0.4308076328684896 95
0.08599510003870281 0.4031841022178662 95
0.14000299816465597 0.37933735894434356 95
0.17240458240258943 0.35049935123962683 95
0.18751222270822268 0.3218536049895721 95
0.19904582862990744 0.29462536006183215 95
0.3400893201292964 0.2585387114929028 95
0.5714489314850437 0.2201267868987052 95
0.6296846935605934 0.18379556318306706 95
1.0 0.12704745669732523 95
0.8680896304382396 0.1014366669530869 95
0.7903873295332297 0.07587667249682772 95
0.7886534541007961 0.039957759212993625 95
0.903495032987185 0.0 95
0.7004224377520877 1.0 95
0.7015501958676322 0.9668424505237898 95
0.7481914939277634 0.9334941615783207 95
0.8947676850072056 0.9127203374342135 95
0.5840304761326244 0.8218926460859514 95
0.47325064387998733 0.7885649403316973 95
0.41048142849609354 0.7534662850707196 95
0.3120359683150084 0.71940028633354 95
0.16893257094512454 0.6843128147131836 95
0.31426903429306247 0.7048761798789488 40
0.5380919209432776 0.6713777048073365 40
0.6247602927682674 0.6273851190293738 40
0.7319095874478142 0.5782308089227364 40
1.0 0.5306289964756005 40
0.7757514001022773 0.3633630262629786 40
0.5722412901979191 0.3207428234046936 40
0.47695747505714226 0.2727969742146014 40
0.39933062788851675 0.21970957917076656 40
0.15808094489101593 0.18255850190399595 40
0.06813869303917851 0.13590539942357066 40
0.016959173516087007 0.09770232338574239 40
0.0 0.04773835089182913 40
0.011748857132744903 0.0 40
0.6313323245740861 1.0 40
0.11003887605676585 0.891065453401137 40
0.10206664114350895 0.837869169197425 40
0.12881277378916578 0.8013861112884508 40
0.19156129148545237 0.7576679765540333 40
0.5380919209432776 0.6713777048073365 40
0.7903873295332297 0.07587667249682772 95
0.18751222270822268 0.3218536049895721 95
0.47325064387998733 0.7885649403316973 95
0.10206664114350895 0.837869169197425 40
0.016959173516087007 0.09770232338574239 40
0.41048142849609354 0.7534662850707196 95
0.3400893201292964 0.2585387114929028 95
0.08599510003870281 0.4031841022178662 95
0.6313323245740861 1.0 40
0.8947676850072056 0.9127203374342135 95
1.0 0.5306289964756005 40
0.7004224377520877 1.0 95
0.6296846935605934 0.18379556318306706 95
0.7319095874478142 0.5782308089227364 40
0.11487857062178068 0.669808628732928 95
0.025718530390019843 0.46010728010264446 95
0.06614948475105674 0.640813337959421 95
0.17240458240258943 0.35049935123962683 95
0.39933062788851675 0.21970957917076656 40
0.0 0.04773835089182913 40
0.6313323245740861 1.0 40
0.8947676850072056 0.9127203374342135 95
0.04216707028265738 0.4308076328684896 95
1.0 0.5306289964756005 40
1.0 0.5306289964756005 40
0.016959173516087007 0.09770232338574239 40
0.5840304761326244 0.8218926460859514 95
0.06614948475105674 0.640813337959421 95
0.11487857062178068 0.669808628732928 95
0.12881277378916578 0.8013861112884508 40
0.06813869303917851 0.13590539942357066 40
0.7481914939277634 0.9334941615783207 95
0.7015501958676322 0.9668424505237898 95
0.0 0.04773835089182913 40
0.18751222270822268 0.3218536049895721 95
0.5714489314850437 0.2201267868987052 95
1.0 0.5306289964756005 40
0.04322398533409654 0.6151854798855343 95
0.03712519992964274 0.5888935905727897 95
0.10206664114350895 0.837869169197425 40
0.6296846935605934 0.18379556318306706 95
0.016959173516087007 0.09770232338574239 40
0.7903873295332297 0.07587667249682772 95
0.030914425835269946 0.5608961422344667 95
0.06614948475105674 0.640813337959421 95
0.31426903429306247 0.7048761798789488 40
0.8947676850072056 0.9127203374342135 95
0.31426903429306247 0.7048761798789488 40
0.01343996212067586 0.4814176778340848 95
0.15808094489101593 0.18255850190399595 40
0.7004224377520877 1.0 95
0.14000299816465597 0.37933735894434356 95
1.0 0.5306289964756005 40
0.47695747505714226 0.2727969742146014 40
1.0 0.5306289964756005 40
0.030914425835269946 0.5608961422344667 95
0.16893257094512454 0.6843128147131836 95
0.5722412901979191 0.3207428234046936 40
0.7319095874478142 0.5782308089227364 40
0.16893257094512454 0.6843128147131836 95
0.7481914939277634 0.9334941615783207 95
0.030914425835269946 0.5608961422344667 95
0.00932955773408085 0.5375794701004974 95
0.47325064387998733 0.7885649403316973 95
0.18751222270822268 0.3218536049895721 95
0.47325064387998733 0.7885649403316973 95
0.6247602927682674 0.6273851190293738 40
0.18751222270822268 0.3218536049895721 95
0.08599510003870281 0.4031841022178662 95
0.6313323245740861 1.0 40
1.0 0.12704745669732523 95
0.19904582862990744 0.29462536006183215 95
0.47695747505714226 0.2727969742146014 40
0.025718530390019843 0.46010728010264446 95
0.8680896304382396 0.1014366669530869 95
0.8947676850072056 0.9127203374342135 95
