0.10284790392731066 0.6586221897316439 95
0.05995138914575698 0.6287813340227021 95
0.04039137329549431 0.6025494027105286 95
0.03337236799886241 0.5745463809481934 95
0.017713348370157034 0.5460213334813374 95
0.007827938016736863 0.522734887817161 95
0.0 0.4963985987576423 95
0.021939978030327822 0.4652887541979227 95
0.03338486060793925 0.4368651739615608 95
0.06197156848846337 0.41123813123915604 95
0.10214600834805303 0.3834871889506183 95
0.1456038557938285 0.3543057807649338 95
0.19470682258573785 0.3278399629408237 95
0.20757004883042446 0.29705038973638287 95
0.22955375756814672 0.2652688488105057 95
0.4834709079762756 0.2261714957080355 95
0.5880855822118798 0.18578652694447212 95
0.6823950179379633 0.1525666943171531 95
1.0 0.09396093336649014 95
0.8420956119911037 0.07015966262900014 95
0.8180527447333953 0.03464101475789176 95
0.8403298983666224 0.0 95
0.6612423163247565 1.0 95
0.6566680513288653 0.9624181902155956 95
0.7181066609727477 0.9376156090463749 95
0.8573853031249853 0.9138874438400343 95
0.5194900347263142 0.8219274834716056 95
0.42378629107661747 0.7807661884154038 95
0.36744409043241766 0.7505957190985598 95
0.27699889379421194 0.7106300031803345 95
0.313360802138876 0.8133894372725505 40
0.5519220097368233 0.7711137504133183 40
0.6464479181520302 0.7170011252473161 40
0.7235227958372422 0.6743195848034215 40
1.0 0.6226179050523398 40
0.8352649461650974 0.4535897995302721 40
0.5919252127601882 0.3972667279453632 40
0.5035306115997686 0.343258021092239 40
0.4285390064883613 0.2956940644432178 40
0.17290603743871744 0.2538585855597994 40
0.08579958426474128 0.21040517364099443 40
0.0280975547818675 0.1648720172943028 40
0.0 0.11284747119570811 40
7.70773088998647e-05 0.06640280205831472 40
0.14033625721929746 0.0 40
0.14447583634434855 1.0 40
0.1279659450739581 0.9513479459690897 40
0.1546640110281284 0.9027848209616711 40
0.21168553409464874 0.8534858314288013 40
0.6823950179379633 0.1525666943171531 95
0.8352649461650974 0.4535897995302721 40
0.36744409043241766 0.7505957190985598 95
7.70773088998647e-05 0.06640280205831472 40
0.21168553409464874 0.8534858314288013 40
0.021939978030327822 0.4652887541979227 95
7.70773088998647e-05 0.06640280205831472 40
7.70773088998647e-05 0.06640280205831472 40
0.04039137329549431 0.6025494027105286 95
0.27699889379421194 0.7106300031803345 95
0.14033625721929746 0.0 40
0.7181066609727477 0.9376156090463749 95
0.5519220097368233 0.7711137504133183 40
0.14033625721929746 0.0 40
0.8180527447333953 0.03464101475789176 95
7.70773088998647e-05 0.06640280205831472 40
0.8352649461650974 0.4535897995302721 40
0.5194900347263142 0.8219274834716056 95
0.03338486060793925 0.4368651739615608 95
0.6612423163247565 1.0 95
0.03338486060793925 0.4368651739615608 95
0.5919252127601882 0.3972667279453632 40
0.6464479181520302 0.7170011252473161 40
0.10284790392731066 0.6586221897316439 95
0.1279659450739581 0.9513479459690897 40
0.03338486060793925 0.4368651739615608 95
0.03337236799886241 0.5745463809481934 95
0.7235227958372422 0.6743195848034215 40
0.4285390064883613 0.2956940644432178 40
0.0280975547818675 0.1648720172943028 40
0.06197156848846337 0.41123813123915604 95
0.10284790392731066 0.6586221897316439 95
0.20757004883042446 0.29705038973638287 95
0.21168553409464874 0.8534858314288013 40
0.36744409043241766 0.7505957190985598 95
0.03338486060793925 0.4368651739615608 95
0.6566680513288653 0.9624181902155956 95
0.14033625721929746 0.0 40
0.7181066609727477 0.9376156090463749 95
0.5519220097368233 0.7711137504133183 40
0.8352649461650974 0.4535897995302721 40
0.6612423163247565 1.0 95
0.27699889379421194 0.7106300031803345 95
0.6464479181520302 0.7170011252473161 40
0.8420956119911037 0.07015966262900014 95
0.03338486060793925 0.4368651739615608 95
0.10284790392731066 0.6586221897316439 95
1.0 0.6226179050523398 40
0.8420956119911037 0.07015966262900014 95
0.4834709079762756 0.2261714957080355 95
0.08579958426474128 0.21040517364099443 40
0.5035306115997686 0.343258021092239 40
0.20757004883042446 0.29705038973638287 95
0.21168553409464874 0.8534858314288013 40
0.19470682258573785 0.3278399629408237 95
0.03337236799886241 0.5745463809481934 95
0.0280975547818675 0.1648720172943028 40
0.06197156848846337 0.41123813123915604 95
0.10214600834805303 0.3834871889506183 95
0.021939978030327822 0.4652887541979227 95
0.03337236799886241 0.5745463809481934 95
0.1456038557938285 0.3543057807649338 95
0.5880855822118798 0.18578652694447212 95
0.5194900347263142 0.8219274834716056 95
0.313360802138876 0.8133894372725505 40
0.04039137329549431 0.6025494027105286 95
0.10284790392731066 0.6586221897316439 95
0.0280975547818675 0.1648720172943028 40
0.19470682258573785 0.3278399629408237 95
0.05995138914575698 0.6287813340227021 95
0.10214600834805303 0.3834871889506183 95
0.6464479181520302 0.7170011252473161 40
0.22955375756814672 0.2652688488105057 95
0.1279659450739581 0.9513479459690897 40
0.6612423163247565 1.0 95
0.20757004883042446 0.29705038973638287 95
0.8573853031249853 0.9138874438400343 95
0.03338486060793925 0.4368651739615608 95
0.8573853031249853 0.9138874438400343 95
