0.1038400375835452 0.6775349875432496 95
0.06877512768498202 0.6459169322538673 95
0.041829173672899934 0.6184163038405004 95
0.041050876068781154 0.5922119965837799 95
0.02714193474690013 0.5711563076296363 95
0.0075166164467774365 0.540302535752845 95
0.0 0.5183471091869479 95
0.021110036210528257 0.4927818068635975 95
0.023668159267811812 0.4681624762651774 95
0.05253401158548135 0.4418920008880208 95
0.09655979704801812 0.41284608189243455 95
0.14580566150494384 0.38669166571271996 95
0.16908120739078672 0.3557815774936136 95
0.17269315492188386 0.32786436497565064 95
0.19090851936007946 0.3027913440909878 95
0.4490919658527085 0.26163381426280474 95
0.5657050541811676 0.22797332299295567 95
0.6405476839833886 0.19124349857625372 95
1.0 0.13491028229860197 95
0.8216825884120506 0.113263558388435 95
0.7874591851409097 0.08756183592603871 95
0.8091347100239402 0.0503841994515124 95
0.9737253476278486 0.0 95
0.6872053522072255 1.0 95
0.6961939660587395 0.9688086813643273 95
0.7445546121971557 0.9402745009195992 95
0.8850464055608558 0.9150394484317983 95
0.5382237956916839 0.8285153939341472 95
0.4502342628523128 0.7924621671904228 95
0.38971867357438966 0.7607836457843885 95
0.2909317649811375 0.7223117548856537 95
0.5514778330346101 0.7499366198075512 40
0.6553997618175514 0.7006499780912528 40
0.7473208541002647 0.6550853979464143 40
0.9685053802968371 0.6129111859620118 40
1.0 0.4487052136439304 40
0.7063415769536233 0.3971342873120888 40
0.5742243780754442 0.3372940426788101 40
0.5026509455969935 0.2932034792230872 40
0.23236204613642686 0.2528319169102939 40
0.09118911270418081 0.2033051563878404 40
0.03137274880851655 0.15883772211571923 40
0.0 0.1079079083666634 40
0.011398925248457918 0.062117697651476414 40
0.28153735717775524 0.0 40
0.2713424234936759 1.0 40
0.1744792269768251 0.9462451191617708 40
0.18696767684496646 0.8945307804044174 40
0.22958802714424828 0.8454482315857406 40
0.34192979289535824 0.8007123078971448 40
0.6553997618175514 0.7006499780912528 40
0.041829173672899934 0.6184163038405004 95
0.7874591851409097 0.08756183592603871 95
1.0 0.13491028229860197 95
0.19090851936007946 0.3027913440909878 95
0.14580566150494384 0.38669166571271996 95
0.06877512768498202 0.6459169322538673 95
1.0 0.13491028229860197 95
0.34192979289535824 0.8007123078971448 40
0.2713424234936759 1.0 40
1.0 0.13491028229860197 95
0.28153735717775524 0.0 40
0.1038400375835452 0.6775349875432496 95
0.5382237956916839 0.8285153939341472 95
0.03137274880851655 0.15883772211571923 40
0.6872053522072255 1.0 95
0.6961939660587395 0.9688086813643273 95
0.02714193474690013 0.5711563076296363 95
0.0 0.1079079083666634 40
0.09118911270418081 0.2033051563878404 40
0.5382237956916839 0.8285153939341472 95
0.021110036210528257 0.4927818068635975 95
0.14580566150494384 0.38669166571271996 95
0.0075166164467774365 0.540302535752845 95
0.021110036210528257 0.4927818068635975 95
0.5514778330346101 0.7499366198075512 40
0.09655979704801812 0.41284608189243455 95
0.5382237956916839 0.8285153939341472 95
0.0075166164467774365 0.540302535752845 95
0.1744792269768251 0.9462451191617708 40
0.021110036210528257 0.4927818068635975 95
0.6872053522072255 1.0 95
0.8850464055608558 0.9150394484317983 95
0.5657050541811676 0.22797332299295567 95
0.09118911270418081 0.2033051563878404 40
0.5382237956916839 0.8285153939341472 95
0.0 0.1079079083666634 40
0.23236204613642686 0.2528319169102939 40
0.03137274880851655 0.15883772211571923 40
0.5514778330346101 0.7499366198075512 40
0.023668159267811812 0.4681624762651774 95
0.023668159267811812 0.4681624762651774 95
0.8850464055608558 0.9150394484317983 95
0.7445546121971557 0.9402745009195992 95
0.021110036210528257 0.4927818068635975 95
0.34192979289535824 0.8007123078971448 40
0.1038400375835452 0.6775349875432496 95
0.041829173672899934 0.6184163038405004 95
0.09655979704801812 0.41284608189243455 95
0.19090851936007946 0.3027913440909878 95
0.5657050541811676 0.22797332299295567 95
0.22958802714424828 0.8454482315857406 40
0.7473208541002647 0.6550853979464143 40
0.9685053802968371 0.6129111859620118 40
0.02714193474690013 0.5711563076296363 95
0.041829173672899934 0.6184163038405004 95
0.0 0.1079079083666634 40
0.09655979704801812 0.41284608189243455 95
0.2713424234936759 1.0 40
0.2909317649811375 0.7223117548856537 95
1.0 0.13491028229860197 95
0.19090851936007946 0.3027913440909878 95
0.34192979289535824 0.8007123078971448 40
0.6405476839833886 0.19124349857625372 95
0.7445546121971557 0.9402745009195992 95
0.0 0.1079079083666634 40
0.6553997618175514 0.7006499780912528 40
0.05253401158548135 0.4418920008880208 95
0.041829173672899934 0.6184163038405004 95
1.0 0.13491028229860197 95
0.19090851936007946 0.3027913440909878 95
0.8850464055608558 0.9150394484317983 95
0.7445546121971557 0.9402745009195992 95
0.16908120739078672 0.3557815774936136 95
0.18696767684496646 0.8945307804044174 40
0.14580566150494384 0.38669166571271996 95
0.09118911270418081 0.2033051563878404 40
0.021110036210528257 0.4927818068635975 95
