0.1375952655839854 0.6724892065568011 95
0.09204800541276541 0.6394512162243564 95
0.06262456071238846 0.6148021222099171 95
0.04474320197955454 0.5885270902644628 95
0.0400568663993812 0.5607613914080718 95
0.02132632075750678 0.5358132833172414 95
0.0 0.5083634523465037 95
0.014135562623946397 0.4831513586569452 95
0.024394406372654595 0.4605381828739167 95
0.04325093756483922 0.4302263597029317 95
0.08803944601743378 0.4047008242317819 95
0.13971473909291068 0.37931450117086873 95
0.17912297460429558 0.3521279035559564 95
0.1836537751156327 0.32097734905124864 95
0.18988745195584383 0.2982228236652526 95
0.30789931302913 0.26521635552906314 95
0.5873266890310992 0.22207480192004675 95
0.6551610994904824 0.18566860821340164 95
1.0 0.1372924102086713 95
0.9187386316734046 0.10540733731934213 95
0.8495898666756346 0.07818099661797123 95
0.8581180021044149 0.04640256822032582 95
0.9664458153300356 0.0 95
0.7880001811961006 1.0 95
0.7437780854982634 0.9625245462512036 95
0.7990519464985358 0.9337822383573747 95
0.9034728924562386 0.905815169481044 95
0.6355277996327414 0.8261819906505962 95
0.48580438299178036 0.7858230083892819 95
0.435902287671266 0.755322702570986 95
0.3557227035992045 0.7187963922191062 95
0.20540101746934478 0.6843560874448518 95
0.4476025390362398 0.7094572086457583 40
0.5492527826838713 0.6681354742862506 40
0.6169422288653661 0.6174242951461113 40
0.7514754148103702 0.5769181328217761 40
1.0 0.5356550723881213 40
0.6591679613732676 0.3667289117006972 40
0.5376503605523519 0.3151994483500508 40
0.4514949922856293 0.26713711598506396 40
0.35599003422437714 0.22042432935377623 40
0.07982158731523945 0.18774567518415186 40
0.030813234990348062 0.14265153585773563 40
0.004341585062338301 0.09871020831479844 40
0.0 0.05416787470481924 40
0.12046482711447874 0.0 40
0.686471026044156 1.0 40
0.17174087086864748 0.8880380697170468 40
0.16532220352263682 0.8342794980230276 40
0.19390446668716443 0.7915816223627681 40
0.2709162500938775 0.7518210810680693 40
0.4361922954928467 0.7100046914274987 40
0.7514754148103702 0.5769181328217761 40
0.9664458153300356 0.0 95
0.12046482711447874 0.0 40
0.04474320197955454 0.5885270902644628 95
1.0 0.1372924102086713 95
0.4514949922856293 0.26713711598506396 40
0.08803944601743378 0.4047008242317819 95
0.9187386316734046 0.10540733731934213 95
0.7437780854982634 0.9625245462512036 95
0.04325093756483922 0.4302263597029317 95
0.5492527826838713 0.6681354742862506 40
0.04325093756483922 0.4302263597029317 95
0.7514754148103702 0.5769181328217761 40
0.6551610994904824 0.18566860821340164 95
0.6169422288653661 0.6174242951461113 40
0.8495898666756346 0.07818099661797123 95
0.5376503605523519 0.3151994483500508 40
0.2709162500938775 0.7518210810680693 40
0.08803944601743378 0.4047008242317819 95
0.024394406372654595 0.4605381828739167 95
0.6591679613732676 0.3667289117006972 40
0.0400568663993812 0.5607613914080718 95
0.0 0.05416787470481924 40
0.0400568663993812 0.5607613914080718 95
0.4476025390362398 0.7094572086457583 40
0.030813234990348062 0.14265153585773563 40
0.7880001811961006 1.0 95
0.7990519464985358 0.9337822383573747 95
0.024394406372654595 0.4605381828739167 95
0.9664458153300356 0.0 95
0.02132632075750678 0.5358132833172414 95
0.08803944601743378 0.4047008242317819 95
0.13971473909291068 0.37931450117086873 95
0.17174087086864748 0.8880380697170468 40
0.7880001811961006 1.0 95
0.7437780854982634 0.9625245462512036 95
0.014135562623946397 0.4831513586569452 95
0.0 0.05416787470481924 40
0.7990519464985358 0.9337822383573747 95
0.17174087086864748 0.8880380697170468 40
0.07982158731523945 0.18774567518415186 40
0.16532220352263682 0.8342794980230276 40
0.17912297460429558 0.3521279035559564 95
0.0 0.5083634523465037 95
1.0 0.5356550723881213 40
0.7514754148103702 0.5769181328217761 40
0.17174087086864748 0.8880380697170468 40
0.4514949922856293 0.26713711598506396 40
0.4476025390362398 0.7094572086457583 40
0.1836537751156327 0.32097734905124864 95
1.0 0.1372924102086713 95
0.0 0.05416787470481924 40
0.07982158731523945 0.18774567518415186 40
0.35599003422437714 0.22042432935377623 40
0.024394406372654595 0.4605381828739167 95
0.014135562623946397 0.4831513586569452 95
0.0 0.5083634523465037 95
0.8581180021044149 0.04640256822032582 95
0.06262456071238846 0.6148021222099171 95
0.0400568663993812 0.5607613914080718 95
0.30789931302913 0.26521635552906314 95
0.35599003422437714 0.22042432935377623 40
0.08803944601743378 0.4047008242317819 95
0.024394406372654595 0.4605381828739167 95
0.030813234990348062 0.14265153585773563 40
1.0 0.5356550723881213 40
0.04474320197955454 0.5885270902644628 95
0.9664458153300356 0.0 95
0.13971473909291068 0.37931450117086873 95
0.5492527826838713 0.6681354742862506 40
0.004341585062338301 0.09871020831479844 40
0.4476025390362398 0.7094572086457583 40
0.8495898666756346 0.07818099661797123 95
0.5376503605523519 0.3151994483500508 40
0.3557227035992045 0.7187963922191062 95
0.17912297460429558 0.3521279035559564 95
