0.22562495801237958 0.6974667198458623 95
0.1036215052862264 0.6659963504755306 95
0.06804047562496664 0.6320769808783835 95
0.04481296185201584 0.6043944245989247 95
0.03795710389099228 0.5806837154018751 95
0.029360095435213292 0.5538888348034102 95
0.005324719474757418 0.5244134675712221 95
0.0 0.49597557453516966 95
0.0223485483441462 0.4686768221021091 95
0.041106336149384 0.4443230794890075 95
0.06520714014498456 0.4166259734071257 95
0.1181620341775972 0.38654864068680883 95
0.17509841463588732 0.36018062087845937 95
0.19411588365777113 0.3320320089857796 95
0.18426699474944155 0.3035452463453411 95
0.21109138361362162 0.2696881699595707 95
0.5338579335915046 0.22265954229790744 95
0.6151804212877208 0.1868505088174591 95
0.7142254431668353 0.15114439548314115 95
1.0 0.09514903689218632 95
0.8392170638897769 0.07038996881123748 95
0.8081652096569021 0.038274940237932986 95
0.8360592444516503 0.0 95
0.7136303348696292 1.0 95
0.724631410348354 0.9684695600670213 95
0.7947051930815987 0.9356346855057509 95
0.958542352196919 0.9180327745801692 95
0.569656150934779 0.8192089060819276 95
0.46930936041631116 0.7851128948484141 95
0.409201709150713 0.7488094966049291 95
0.299525989401561 0.7176988799122805 95
0.5831039639183627 0.7433195512419531 40
0.6609542292686558 0.6942565881558385 40
0.7460134462673634 0.633390578019129 40
0.961228745047561 0.5773469869788582 40
1.0 0.38910029651560096 40
0.6988844499020017 0.321091240536329 40
0.574900203717069 0.26479945917862996 40
0.4984357643346051 0.20818037329080555 40
0.16603107015918345 0.158237984338595 40
0.0673727224090178 0.10965483336293916 40
0.019953545977769566 0.055062157063990105 40
0.0 0.0 40
0.23442099571160943 1.0 40
0.2118142836417554 0.9298426999622739 40
0.23328599199914188 0.8738554931231531 40
0.3076296524692428 0.8262616876783423 40
0.471677610279963 0.7773188768980437 40
0.46930936041631116 0.7851128948484141 95
0.569656150934779 0.8192089060819276 95
0.8081652096569021 0.038274940237932986 95
0.471677610279963 0.7773188768980437 40
1.0 0.38910029651560096 40
1.0 0.09514903689218632 95
0.958542352196919 0.9180327745801692 95
0.18426699474944155 0.3035452463453411 95
0.0 0.49597557453516966 95
0.409201709150713 0.7488094966049291 95
0.7460134462673634 0.633390578019129 40
0.2118142836417554 0.9298426999622739 40
0.005324719474757418 0.5244134675712221 95
0.0 0.0 40
0.029360095435213292 0.5538888348034102 95
1.0 0.09514903689218632 95
0.4984357643346051 0.20818037329080555 40
0.569656150934779 0.8192089060819276 95
0.0223485483441462 0.4686768221021091 95
0.21109138361362162 0.2696881699595707 95
0.03795710389099228 0.5806837154018751 95
0.06520714014498456 0.4166259734071257 95
0.409201709150713 0.7488094966049291 95
0.6609542292686558 0.6942565881558385 40
0.2118142836417554 0.9298426999622739 40
0.06804047562496664 0.6320769808783835 95
0.6609542292686558 0.6942565881558385 40
0.961228745047561 0.5773469869788582 40
0.0 0.0 40
0.5831039639183627 0.7433195512419531 40
0.961228745047561 0.5773469869788582 40
0.3076296524692428 0.8262616876783423 40
0.06520714014498456 0.4166259734071257 95
0.18426699474944155 0.3035452463453411 95
0.019953545977769566 0.055062157063990105 40
0.8081652096569021 0.038274940237932986 95
0.574900203717069 0.26479945917862996 40
0.6609542292686558 0.6942565881558385 40
0.041106336149384 0.4443230794890075 95
0.8081652096569021 0.038274940237932986 95
0.4984357643346051 0.20818037329080555 40
0.5831039639183627 0.7433195512419531 40
0.0 0.0 40
0.574900203717069 0.26479945917862996 40
0.471677610279963 0.7773188768980437 40
0.724631410348354 0.9684695600670213 95
0.7142254431668353 0.15114439548314115 95
0.4984357643346051 0.20818037329080555 40
0.3076296524692428 0.8262616876783423 40
1.0 0.38910029651560096 40
0.19411588365777113 0.3320320089857796 95
0.21109138361362162 0.2696881699595707 95
0.6151804212877208 0.1868505088174591 95
0.23328599199914188 0.8738554931231531 40
0.6609542292686558 0.6942565881558385 40
0.569656150934779 0.8192089060819276 95
0.409201709150713 0.7488094966049291 95
0.03795710389099228 0.5806837154018751 95
0.46930936041631116 0.7851128948484141 95
0.019953545977769566 0.055062157063990105 40
0.8081652096569021 0.038274940237932986 95
0.1181620341775972 0.38654864068680883 95
0.7460134462673634 0.633390578019129 40
1.0 0.09514903689218632 95
0.299525989401561 0.7176988799122805 95
0.299525989401561 0.7176988799122805 95
0.5338579335915046 0.22265954229790744 95
0.029360095435213292 0.5538888348034102 95
1.0 0.38910029651560096 40
0.4984357643346051 0.20818037329080555 40
0.2118142836417554 0.9298426999622739 40
0.16603107015918345 0.158237984338595 40
0.7460134462673634 0.633390578019129 40
0.7142254431668353 0.15114439548314115 95
0.029360095435213292 0.5538888348034102 95
0.3076296524692428 0.8262616876783423 40
1.0 0.38910029651560096 40
1.0 0.38910029651560096 40
0.5338579335915046 0.22265954229790744 95
0.029360095435213292 0.5538888348034102 95
