0.14181087460895403 0.6610481793626007 95
0.07762483043295945 0.6360208782828591 95
0.04857217087124433 0.610552207052141 95
0.03437026032335305 0.5814107080391216 95
0.02738044494889626 0.5534598293237342 95
0.019798247869092393 0.5298546678809464 95
0.0 0.5061063364708205 95
0.011920522261061953 0.47672419358178414 95
0.02425927544446298 0.45195891291653756 95
0.050141826807448824 0.4251016870189896 95
0.07753104580412477 0.39776226685220195 95
0.13290251575909368 0.3730080391524882 95
0.17644576258302913 0.34224971345880334 95
0.1882304451537189 0.31452653902951827 95
0.17346989604043261 0.290498372301816 95
0.2586024072420636 0.2584037286792614 95
0.5474664752196522 0.21686180048082748 95
0.6050420849572925 0.17888432439293842 95
0.8281395100540976 0.13352571374956151 95
0.8786739969227132 0.09970716533349414 95
0.7857432715641874 0.07056048699502943 95
0.7867585994544288 0.03937593372327487 95
0.8539636385113418 0.0 95
0.7615204465822504 1.0 95
0.6672900931461982 0.9575163107920965 95
0.7035386345769106 0.9320357581671032 95
0.7818916096083197 0.9030695665362986 95
1.0 0.8894103984579821 95
0.4979335480018587 0.7854286714722739 95
0.426628131994376 0.75564091842976 95
0.36392438967244944 0.7218354650831167 95
0.25655407918740325 0.6885709211058179 95
0.5894762287764969 0.7575098349843589 40
0.6679058740200827 0.7077858752695722 40
0.7443279430418497 0.654033804800405 40
1.0 0.6050316112726801 40
0.9070942265959181 0.4192426468409654 40
0.6355069360007585 0.36590062350886315 40
0.5337394125655932 0.3130230802892979 40
0.46464660941406294 0.2540705782255244 40
0.1240537426187509 0.20603154067334653 40
0.039427956386832365 0.16081930859414834 40
0.008085098326390715 0.11173429342547579 40
0.0 0.06458762418845689 40
0.08148097013410735 0.0 40
0.22010265434924953 1.0 40
0.20394355588857108 0.9412412919883829 40
0.22362034065134956 0.8847576713919388 40
0.31048328661701513 0.8473346235976281 40
0.4979335480018587 0.7854286714722739 95
0.7035386345769106 0.9320357581671032 95
0.8539636385113418 0.0 95
0.04857217087124433 0.610552207052141 95
0.7615204465822504 1.0 95
0.22362034065134956 0.8847576713919388 40
0.039427956386832365 0.16081930859414834 40
0.17644576258302913 0.34224971345880334 95
0.20394355588857108 0.9412412919883829 40
0.6672900931461982 0.9575163107920965 95
0.31048328661701513 0.8473346235976281 40
0.46464660941406294 0.2540705782255244 40
0.0 0.06458762418845689 40
0.17346989604043261 0.290498372301816 95
0.6355069360007585 0.36590062350886315 40
0.5894762287764969 0.7575098349843589 40
0.0 0.5061063364708205 95
0.6050420849572925 0.17888432439293842 95
0.03437026032335305 0.5814107080391216 95
0.22362034065134956 0.8847576713919388 40
0.039427956386832365 0.16081930859414834 40
0.5474664752196522 0.21686180048082748 95
0.1882304451537189 0.31452653902951827 95
0.5474664752196522 0.21686180048082748 95
0.0 0.5061063364708205 95
1.0 0.6050316112726801 40
0.14181087460895403 0.6610481793626007 95
0.5894762287764969 0.7575098349843589 40
0.011920522261061953 0.47672419358178414 95
0.8786739969227132 0.09970716533349414 95
0.2586024072420636 0.2584037286792614 95
0.1882304451537189 0.31452653902951827 95
0.8786739969227132 0.09970716533349414 95
0.36392438967244944 0.7218354650831167 95
0.02738044494889626 0.5534598293237342 95
0.36392438967244944 0.7218354650831167 95
0.02738044494889626 0.5534598293237342 95
0.22010265434924953 1.0 40
0.050141826807448824 0.4251016870189896 95
0.7818916096083197 0.9030695665362986 95
0.8281395100540976 0.13352571374956151 95
0.2586024072420636 0.2584037286792614 95
1.0 0.8894103984579821 95
0.7035386345769106 0.9320357581671032 95
0.6050420849572925 0.17888432439293842 95
0.050141826807448824 0.4251016870189896 95
0.426628131994376 0.75564091842976 95
0.9070942265959181 0.4192426468409654 40
0.2586024072420636 0.2584037286792614 95
0.02738044494889626 0.5534598293237342 95
0.22362034065134956 0.8847576713919388 40
0.7818916096083197 0.9030695665362986 95
0.6672900931461982 0.9575163107920965 95
0.46464660941406294 0.2540705782255244 40
0.7857432715641874 0.07056048699502943 95
0.1240537426187509 0.20603154067334653 40
0.7818916096083197 0.9030695665362986 95
0.07753104580412477 0.39776226685220195 95
0.7818916096083197 0.9030695665362986 95
0.7857432715641874 0.07056048699502943 95
0.08148097013410735 0.0 40
0.019798247869092393 0.5298546678809464 95
0.011920522261061953 0.47672419358178414 95
0.039427956386832365 0.16081930859414834 40
0.02738044494889626 0.5534598293237342 95
0.17346989604043261 0.290498372301816 95
0.31048328661701513 0.8473346235976281 40
0.011920522261061953 0.47672419358178414 95
0.0 0.06458762418845689 40
0.008085098326390715 0.11173429342547579 40
0.6672900931461982 0.9575163107920965 95
0.9070942265959181 0.4192426468409654 40
0.46464660941406294 0.2540705782255244 40
0.1240537426187509 0.20603154067334653 40
0.1882304451537189 0.31452653902951827 95
0.2586024072420636 0.2584037286792614 95
0.6050420849572925 0.17888432439293842 95
0.07753104580412477 0.39776226685220195 95
0.7035386345769106 0.9320357581671032 95
