204.78892471765857 24.29499820920283 95
209.41744159466026 20.049333678380922 95
202.48993494468252 14.381454936766241 95
199.54754284704413 9.530412829835097 95
197.8377178696258 4.964613594061273 95
196.22473732331113 0.3210722621836297 95
196.42824427052514 -4.286079537165297 95
203.04922989671513 -9.031762748817522 95
206.49800426752194 -14.043676816649182 95
206.30154423276136 -18.729531419072135 95
199.38163191901498 14.672039483527282 40
199.71052196954548 9.97705182601409 40
204.8065407604691 5.398317753042331 40
201.33236774385668 -4.22497807695469 40
199.632110066906 -8.95195476777221 40
