206.7878774897702 23.33203212915223 95
205.9483514191367 18.470981910547327 95
201.681352095855 13.384612126907601 95
198.9198560229621 8.46763720314152 95
197.48797543272053 3.824288755464462 95
197.42394286842995 -0.6460706485456311 95
197.35734738329938 -5.167984019682309 95
204.55056136867637 -10.104842589539297 95
209.5973285764603 -15.230966929625216 95
207.07272379682308 -19.881843082687702 95
200.0323496335252 13.578185849174819 40
200.4886051343514 8.818001708579422 40
207.80604932542786 4.355637100469706 40
205.724038376292 -0.6411280131699317 40
200.60497419127324 -5.405586708048572 40
199.43311372913612 -10.020426819016917 40
