205.1218234700231 26.09479184306116 95
209.72479884425874 21.75387895836525 95
203.2787932898039 16.2215234685642 95
199.90297223734518 11.351313389877246 95
198.43831259886423 6.658723069436549 95
196.56499325485152 1.983444408139206 95
197.45736958189315 -2.638716127146683 95
202.72056962626692 -7.245215690499522 95
206.28826300700626 -12.221908425128069 95
204.38907320133015 -16.758949277962195 95
200.58248855143597 11.958306514305317 40
202.9484198460838 7.308884281500275 40
203.2617938541026 -2.362219834532513 40
200.20781401238168 -6.986544867491602 40
207.68420828687422 -12.129423756479948 40
