206.2049066660199 27.83418926173392 95
208.32877585856826 23.27577655569031 95
205.62964733142616 18.103280458339675 95
200.98303620042427 12.952959494221659 95
199.1310475030544 8.204627982809034 95
197.39204627893173 3.607033520231375 95
197.34762236020816 -0.9687356567570762 95
196.87230972270225 -5.531379976859387 95
204.67783004807782 -10.558806126176156 95
206.38510058237375 -15.280469809644933 95
206.05852444777685 -20.238255913120483 95
200.27727885833195 11.59892716455382 40
202.9120145722001 6.904544452464592 40
203.007666411955 -2.7046885922626425 40
200.1980940387531 -7.270437650548878 40
206.91532592100202 -12.438983450003981 40
