204.88435048246674 24.759716322642447 95
209.2432009907997 20.551042288015523 95
202.6412376122155 15.058845207704994 95
199.3405137082388 10.174457947991879 95
197.9528346332729 5.345641743712108 95
196.39835680847045 0.8033946307561102 95
196.53918409186699 -3.7522981628888608 95
203.4477787710943 -8.493641039499796 95
207.78657116195103 -13.505238604314135 95
206.17752818903682 -18.15151494666304 95
199.65900499556628 11.905361995814328 40
202.7294574479052 7.128692987604357 40
203.08548607216494 -2.4753928330383608 40
200.07904509427217 -7.095843336478564 40
207.0319278684568 -12.151568712507686 40
