206.32073242923602 23.678281079157625 95
206.40623712556103 18.682285076153732 95
200.97558375371187 13.447875663268906 95
199.03061264129863 8.798628110639749 95
197.3064921708405 4.143747969900026 95
196.87453147241615 -0.4295142798826392 95
197.0824416189311 -5.160785358897093 95
204.23142942037344 -9.977417597305765 95
209.59703241503158 -14.886222751665608 95
207.09428831984323 -19.655949997332677 95
201.74879544892937 16.219846877303784 40
200.5018024790536 11.155194439619553 40
202.9730056034325 6.5609855703268805 40
202.47883509608928 -2.9849583905401422 40
199.85696044172317 -7.712586850592099 40
208.687979705541 -12.956661457761706 40
