205.84322399859653 26.757200131247195 95
208.35378026949948 22.358549760866232 95
205.11809455160173 17.043999311199535 95
200.5168624823243 11.989724152149552 95
198.59820162178897 7.097882613234037 95
196.33455081174574 2.46305857624775 95
197.9143725577949 -2.0510387744655327 95
200.78699068804744 -6.737534447997203 95
205.71860371834174 -11.681548877433745 95
204.9075314105226 -16.239029258108324 95
209.4192330442232 -21.549024483009237 95
201.6989442794822 16.215991892900476 40
199.24444661977356 11.257968078824828 40
202.9212331136182 6.6169514756215735 40
202.67962194741008 -2.930340610981175 40
199.88194324946858 -7.713513844203776 40
208.17093324058652 -12.80742448323987 40
