206.25811641424684 23.785080160617426 95
208.6158968749609 19.226480984716996 95
202.37874974922326 13.818977890613397 95
199.4704353948718 9.036095859400392 95
197.70294085505202 4.313893515584383 95
197.54952986603584 -0.43098690027561953 95
196.41450317465643 -4.875301801210253 95
204.09236236877638 -9.74747391543459 95
208.5327801195855 -14.696330004344873 95
205.59200552600606 -19.343662109194828 95
200.77790611086394 15.801156443858437 40
200.23324044976735 11.026930524374412 40
203.93133596110266 6.301544472765179 40
202.5495602659117 -3.273117295669823 40
199.59643560308206 -7.9863899789209825 40
