205.99478591013673 26.948296380976252 95
208.42224484956415 22.42339128830287 95
205.38281103554087 17.17879306410431 95
201.83620139375208 12.123852809266284 95
198.8941034816188 7.2170787194759765 95
196.733838960086 2.521727191222256 95
197.28995634837696 -1.990759667943 95
198.76312978141084 -6.669622515407549 95
204.82636421734634 -11.51881163588451 95
205.1772298058961 -16.316709048656172 95
208.54296900199378 -21.516332862117917 95
200.07017118242888 12.156664390972585 40
201.98680313566211 7.619588825172359 40
203.08925385272363 -2.1300018545519794 40
199.98671609647687 -6.865560967869412 40
205.75026907059697 -11.786776372163745 40
