205.2020379454484 25.25244786223207 95
209.98616918744696 20.913138812261028 95
203.34763774616493 15.334400805198863 95
199.84787194373885 10.52823368656681 95
198.36552024713535 5.789894393107437 95
196.67235990119423 1.0190563748528405 95
197.5180023582 -3.555452773713109 95
203.03451715830113 -8.199075697633582 95
206.48246681405493 -13.137766110823444 95
205.45002418533863 -17.861640105090316 95
199.953799602925 13.630012131561472 40
200.2388284419657 8.807437431942358 40
207.5049162320608 4.408353412835641 40
205.77420508363576 -0.582980153731229 40
200.20657199798825 -5.338445639559983 40
199.12797494094602 -10.11892394787274 40
