205.2109651734957 24.34506669866275 95
209.69118988432646 20.07554195769912 95
203.05559389134663 14.532942387297453 95
199.68950232652247 9.700942510177672 95
198.45838026271724 5.142657727160314 95
196.6244077728298 0.4825898713631406 95
197.63254506529327 -4.0966762155221454 95
203.50369208764124 -8.940766561011433 95
207.01960928181825 -13.738886337811735 95
206.72991397509446 -18.711581783752305 95
199.92243505382453 12.94475284770311 40
201.71319398102173 8.239653832434204 40
203.39508698477852 -1.4412490062180836 40
200.58281585512606 -6.201979921491274 40
202.8606262634283 -11.050737160697627 40
