205.2764764114504 25.261608363270266 95
209.9115383963603 20.90570611276619 95
203.4722838401616 15.343800339834877 95
199.7009412125459 10.465882849682874 95
198.44048831979111 5.792082561811872 95
196.8970713368521 1.073917580903046 95
197.66894104765032 -3.504246723697648 95
202.88463931591065 -8.193023230336957 95
206.2115921160646 -13.06406911945164 95
205.25563441862096 -17.78834349818497 95
201.06499617477212 15.650874558391866 40
200.3141209498041 10.917280472278183 40
204.05799234870378 6.2474299545565115 40
202.59955422537172 -3.2738944813045 40
199.8462508083806 -7.996000556512787 40
