206.7997484968878 25.16286244893363 95
210.98482097526534 20.722097336785964 95
205.18005975618584 15.303776607360968 95
201.8206557646059 10.13550846008442 95
199.10241554390672 5.376685743234044 95
197.1233507427176 0.8063603186719046 95
197.98682879646088 -3.88796194951602 95
202.89125947696147 -8.636692240220688 95
206.45701121806707 -13.531907437716725 95
206.43151925318233 -18.400824949523514 95
200.045942218829 14.490977409397468 40
200.1681141990121 9.828338151847328 40
204.68592367761744 5.2211463682497 40
206.84960853215267 0.41013848972469563 40
201.52636581403235 -4.514715247309705 40
199.6746685945922 -9.124014967452888 40
