205.26469983910297 23.67052227904909 95
209.60640078144402 19.37541616194762 95
203.07712354673106 13.866664775126399 95
200.02721798804322 8.897341679616277 95
198.5050833339629 4.223078329424387 95
196.72464155684304 -0.37553872186976484 95
197.41012029913685 -5.061623107297101 95
203.81501326225418 -9.789937124780405 95
208.34613002464275 -14.854485139332587 95
206.96095955795892 -19.472463733408237 95
200.17851747423455 14.386121340716363 40
200.37587043303907 9.667296482125616 40
206.06334381223215 5.138137885080425 40
207.72471121962695 0.3529790483313195 40
201.27393324403116 -4.623471593164071 40
199.79453785248091 -9.242837155001077 40
