206.38676241234552 25.855450120816677 95
209.6167150452703 21.338293596957293 95
205.63172977692525 15.957888611893182 95
202.0180926764383 11.139831972430523 95
199.57509936570267 6.315484001238525 95
197.91881044854898 1.565278132264415 95
198.15105831982456 -3.080375258550074 95
200.97633266267093 -7.731709672733142 95
205.9900690243128 -12.598892346506073 95
205.51815568552712 -17.359440763441597 95
208.94423258263996 -22.47955005002667 95
200.54228175751092 11.7848353561232 40
203.15225865654347 7.200645057226924 40
203.761109006282 -2.425559199349231 40
200.67869652105682 -7.116292452721583 40
207.5094843593186 -12.119597814309579 40
