206.18481682984748 26.0586249415092 95
209.09006479474883 21.572779239767364 95
205.32675772753282 16.32860024922666 95
202.00271529186546 11.415280973920195 95
199.29501052758576 6.469836072844605 95
196.74154265094631 1.8242519907837937 95
198.2073026224624 -2.6487378367080434 95
200.81783743063085 -7.286883399967704 95
205.86067315290694 -12.252912879475739 95
204.57461152772504 -16.942666356875083 95
209.16079560219652 -22.0990318352678 95
200.7907635301355 15.63034514983693 40
200.0703799351176 10.790713306163925 40
204.5810488174862 6.3208629677882415 40
202.7986285606988 -3.334489755350641 40
199.8646202639764 -8.167023173279933 40
