206.99827352525304 26.792543413504518 95
207.80626151121896 22.07053016424556 95
205.92464851694996 16.997933938294373 95
201.2036620398514 11.81054112872347 95
199.24972145252497 7.066762065557912 95
197.51078041229724 2.3700729788988233 95
197.5132482501546 -2.154620772388183 95
198.41150362743835 -6.711993243367746 95
205.64053220754653 -11.733377109639568 95
205.9861618530693 -16.550638206460317 95
208.96572484184995 -21.559950517574467 95
200.06937451379002 14.15054378602394 40
200.38370973497044 9.496816155511656 40
207.16986909130173 4.871145679619419 40
207.32496797278114 0.11744156325643966 40
202.07246459012762 -4.698430166509948 40
199.35458742237705 -9.563247350967556 40
