207.1368304425222 26.695617135136665 95
207.41347843372722 21.742848571927386 95
205.8184804089048 16.7631477404831 95
200.98545323969333 11.687737635446988 95
199.40345476098508 6.963322079566531 95
196.4621125817932 2.2503210657173276 95
197.11206994623228 -2.2577658230273774 95
197.25476448289402 -6.888288161656024 95
204.60757657651547 -11.842386055409433 95
207.01911031131948 -16.804105626594243 95
208.17717383947047 -21.650734218748564 95
200.07988657194102 14.721440289868488 40
199.9906231738812 9.876805998932388 40
205.23287125614547 5.350945323967152 40
206.07420396809417 0.5837982757938276 40
201.52998928574092 -4.3432953983457026 40
199.55717967713085 -8.948724181424932 40
