205.31073074700015 24.981682592107415 95
210.05296633066865 20.746251726203106 95
203.90859158515724 15.208941539684734 95
200.15883916753353 10.325682936515404 95
198.77156023538637 5.584741855284542 95
196.64763079369106 0.9652995535925386 95
197.643944975186 -3.5038035968992984 95
201.5834705236278 -8.195542181557606 95
205.93357673794216 -13.10284213131196 95
205.1912029394473 -17.95190411244885 95
200.86128244256207 15.692902741313187 40
200.3141209498041 10.917280472278183 40
203.529789561503 6.347342204912108 40
202.7986285606988 -3.334489755350641 40
199.92119536997015 -7.998883729790346 40
