206.41548100213103 22.37833388925276 95
206.16109262838822 17.470371669461855 95
201.97257646066478 12.353171974878387 95
199.18181281163987 7.553877816648905 95
197.2786070070544 2.9053773173513697 95
196.71797016475716 -1.6630812540915172 95
197.17967395673173 -6.132030929225016 95
203.80253720396894 -11.015254387659501 95
208.12423559240315 -16.151317564764494 95
206.72389935240395 -20.872950475128498 95
200.33938185355478 11.83036744478775 40
203.15225865654347 7.200645057226924 40
203.26114180286737 -2.419832462953878 40
200.35388533154847 -7.1052158480901735 40
207.73412940903296 -12.132231168529062 40
