204.7821136238344 22.8229805186565 95
207.61694890247514 18.335298018495063 95
201.9987833711511 13.129057147212446 95
199.378587884927 8.269292171186208 95
197.49103807943928 3.6627180215608797 95
196.29813136548017 -0.8565176125955013 95
196.17408164351437 -5.4582223593180075 95
203.31034608293947 -10.377080544901814 95
206.7964649893535 -15.140824545152707 95
206.19090036380854 -19.91067821953788 95
200.2630886161402 13.878456148496292 40
200.40145902197554 9.099004204408423 40
207.70243570235033 4.530091839402037 40
206.24980082924782 -0.2921380284190882 40
200.462196168626 -5.117459677739583 40
199.59107341151088 -9.857832665281745 40
