205.80704006978462 22.65314012921976 95
206.27680672916136 17.876842719569066 95
199.8708363517876 12.717090903069721 95
198.86726765410074 7.922151272997569 95
196.29783622950262 3.265749012916525 95
196.17044081948404 -1.3374504436827828 95
195.43703297820616 -5.864449307101112 95
203.19614458418692 -10.649058696533114 95
207.56067572325233 -15.652105075896037 95
205.35084497137737 -20.281838416212064 95
200.00438929782212 13.234600781287593 40
201.52457754682797 8.575628479783898 40
209.68756494542927 4.0372878432827894 40
203.87345581243477 -0.8089172369613509 40
200.32405371833892 -5.625712608962549 40
200.61209685924564 -10.47657715996592 40
