204.50921551404053 24.3183730917947 95
209.0799206055864 19.901945245671055 95
202.5239972160493 14.605925223471761 95
199.31757719826226 9.628391340964823 95
197.71275720902094 4.961477784565284 95
195.77473792570385 0.3203359517301867 95
196.28171814259062 -4.122226096735568 95
201.33558257665112 -8.735491601535255 95
205.58273085574052 -13.868787758710416 95
203.91641520607294 -18.4569257869359 95
199.60879104631258 13.152585498240361 40
200.57999732674884 8.423016987603038 40
203.52245158217903 -1.0383167458608207 40
200.07104920673942 -5.73244991313667 40
201.86338986842938 -10.482042641184652 40
