204.7981519644438 25.259442827358274 95
209.81772131736793 20.83857771507755 95
203.66331034954297 15.46992299482273 95
199.4263180904884 10.451490461715954 95
198.24214404203846 5.732185500807988 95
196.2467818086775 1.1238904472082427 95
196.5219061750226 -3.3230849124893505 95
200.96120700523286 -8.11534990003191 95
204.59688223408682 -12.849738522289519 95
203.7813186912887 -17.716564352024697 95
199.72958812063015 14.355098196576392 40
199.5267837126743 9.62790433442813 40
204.64013811139094 5.045955208738086 40
206.12480094545012 0.2919675861475746 40
200.49785837130807 -4.663212902920014 40
198.7455750412064 -9.196178602055213 40
