205.0641785864405 25.349029284539405 95
209.85607693641342 20.957981125531457 95
203.4304981434188 15.563837898169018 95
199.57325275680805 10.51376640729714 95
198.51064953060603 5.956678851248202 95
196.32113815671568 1.2313967077069825 95
196.39601108441548 -3.3745303569762513 95
201.09268139196743 -7.9558777384195 95
204.61832081469075 -12.907107033580346 95
203.91548741465715 -17.616174881136956 95
199.60695024436455 13.948470713090705 40
199.62222146908212 9.178440893932938 40
206.54634575153545 4.798491915446215 40
206.02487266457655 -0.23346501190994168 40
200.2663694031759 -4.942165579973924 40
199.19685909673234 -9.725852427876942 40
