204.81874875717995 25.0918842963855 95
209.66845568683624 20.82375302142199 95
203.24792087096756 15.326881177490245 95
199.40419478246528 10.395803391592349 95
198.24676733056575 5.569997125720212 95
196.29708026116845 1.0706451047799457 95
196.19417277225688 -3.4781022425776316 95
201.15658356993387 -8.23313497230585 95
204.8607461346309 -13.034581625902698 95
203.82629059180823 -17.776480629858714 95
199.5293376979476 12.409028755355187 40
201.8034886442684 7.842107669136982 40
202.94340312806065 -1.6682855728223505 40
199.9976714178128 -6.525234460736089 40
206.66798365869036 -11.485095424603667 40
