204.57515059876033 24.60914987346219 95
209.40366840995028 20.451495213201056 95
203.18972521402023 15.099604877312402 95
199.41818448619043 10.123898519430153 95
197.954285070071 5.2916582842305235 95
196.0237681367368 0.6949463827179015 95
196.44021776731455 -3.6968187039712745 95
201.37228454301837 -8.462004368094084 95
204.99246671122006 -13.323633762954335 95
204.90251356238036 -18.09557779731083 95
200.64027318470963 15.962421664952412 40
198.9570279391828 11.01594692163621 40
203.0015410256301 6.446680138593396 40
202.47964129060193 -2.9275590821607995 40
199.8048843228179 -7.76740314263828 40
