204.76025335921875 24.744719522931554 95
209.52248809810408 20.520784735965513 95
203.1855998800625 15.155015716888482 95
199.63733745194858 10.244193237966885 95
197.9528346332729 5.345641743712108 95
195.89789478579172 0.9081951854548482 95
196.13925697175128 -3.7446628111646034 95
201.0975270225553 -8.450458591853513 95
205.6696832115837 -13.311326291801539 95
203.74185189226296 -17.8810909206118 95
198.79201830725182 12.59133787225269 40
201.6699018070599 8.06615777293396 40
203.0704791247561 -1.381472781455119 40
199.98475964155804 -6.127428648570835 40
204.33663160446568 -11.07002727500837 40
