204.98678950132603 25.566516284763033 95
209.94586438874222 21.313954374162172 95
204.455917394167 15.922734297524414 95
199.63067208122487 10.844371323339441 95
198.00594718776466 6.103677438737906 95
195.01971334896274 1.4359771197374427 95
196.30210672047218 -2.998086407086278 95
200.82644353949178 -7.72594332617822 95
204.62103899112645 -12.459149336608043 95
203.466025511271 -17.297874512402267 95
199.31988962581005 13.361357174402158 40
200.29826958454223 8.582337274039357 40
209.16154879277627 4.086774513310711 40
203.7486693174545 -0.7506945366146838 40
199.94765123090656 -5.672298700637025 40
199.8936727212425 -10.32682635047723 40
