204.2572386091004 25.758418056725066 95
210.3014079117757 21.52388975824136 95
204.48385979364363 16.205453060420492 95
199.59073846491162 11.115175168716227 95
198.52390409119818 6.33641297492141 95
196.14205711906052 1.7651994513936162 95
196.62945988262555 -2.8421833626531288 95
200.58696338781195 -7.442831709543958 95
204.57789474699698 -12.344532428837681 95
203.81793314671205 -16.991931991460575 95
208.76975396189596 -22.230437033253086 95
199.28065876702573 14.324075052436779 40
199.44392090345409 9.794146476415683 40
205.03581826416112 5.2297357982326975 40
206.07471342840023 0.3502792433476313 40
200.8765166536882 -4.500712790381976 40
199.22261175616194 -9.160775183082032 40
