207.05287080033258 25.76686231074292 95
211.25669063762484 21.272430181784024 95
205.61114838481498 15.899883171822134 95
201.1402622564531 10.706331043138615 95
199.50523502613743 6.149894077597208 95
198.02075863403917 1.296061340986569 95
198.22346184057062 -3.243713294951326 95
202.17331705334337 -7.8329749551689005 95
206.1578344929052 -12.722019383569181 95
206.2061409380878 -17.530828258284373 95
201.68873787479987 13.916023443263686 40
200.88094989649161 9.005797873556713 40
207.17755144397847 4.519068440951335 40
207.7248716531516 -0.23531942391483468 40
201.26054651754652 -5.19415981442107 40
199.7159327122516 -9.863761832047903 40
