204.4127814141243 24.70272848374111 95
208.95579934728644 20.407753897393285 95
202.14261251966576 15.02179096260728 95
199.1462878398102 10.055647150903042 95
197.60002234898974 5.443968467832009 95
194.6735811694902 0.7432493833853485 95
195.86531956033554 -3.6859996646289694 95
201.49947591730114 -8.4123023039463 95
205.79078226857172 -13.375520860486239 95
204.494183506501 -18.17192648041175 95
200.11376466797225 15.294331653389392 40
199.51348138805392 10.421404282043865 40
204.1646408547946 6.018942677582266 40
201.74204404790513 -3.718276967445059 40
199.5808117108123 -8.382667205626612 40
