202.98319260158695 24.024644040381936 95
207.3270001099364 19.849197727223974 95
200.9989870346525 14.551042438382272 95
198.5710592332082 9.53805195004323 95
197.36013672645697 5.060341521499263 95
194.34973983328078 0.31800430197805296 95
195.1080873630554 -4.044347355301508 95
201.87539056028885 -8.979549606235082 95
204.74588949111015 -13.644073310200131 95
203.63750063718987 -18.487670465434306 95
200.3796718333446 15.085356861129352 40
199.61901137126247 10.313182933488074 40
204.59433288514683 5.857068389508582 40
201.66287652783234 -3.945656608845605 40
199.5192321706877 -8.663618140720168 40
