205.52821326611533 26.659258272469067 95
206.41409131805852 21.92267160590138 95
204.8393896017927 17.07708896636015 95
199.46873451415286 11.927052289748868 95
198.1215663123593 7.134946526598114 95
195.8075168926407 2.6166683661148777 95
196.08947054987283 -2.032126834267865 95
195.96649078650483 -6.522278269341167 95
203.43478220222983 -11.329249327793779 95
207.55818888323725 -16.335183730537437 95
205.47661212950456 -21.030082448272562 95
200.20940766938475 13.93191239435392 40
200.02433129577366 9.139377109311368 40
206.57519390593674 4.623503566522837 40
206.49987238197255 -0.23398315643509085 40
200.68712840283266 -5.122981454157576 40
199.19685909673234 -9.725852427876942 40
