327.21306605374167 22.34300849728377 95
328.8458400865081 14.717135685953057 95
316.631981900485 6.563386151288881 95
314.57405251182684 -0.7720824349974237 95
315.11921883044977 -8.165693399039608 95
316.4184005257986 -15.54463922692624 95
325.5102067029841 -23.743335005440542 95
327.36092473800596 -31.521271860088337 95
324.3520365457661 18.8617705588312 40
323.1591307284396 11.108497956037656 40
328.8544430423286 3.6770798631284523 40
323.022323522783 -4.228593849321956 40
321.9880926606084 -11.683671716693288 40
