328.13967879429333 20.429190531638792 95
324.56330770044303 12.397551957846884 95
317.4142926714097 4.7612296635068905 95
315.6629800632823 -2.7547490934462977 95
315.7864277269563 -10.165360960035528 95
317.6078734651745 -17.687529870779322 95
323.8914779958 -25.579688850652648 95
330.17610414246144 24.71740790023179 40
322.35985725569105 16.365300336091476 40
324.406734802994 8.760481691091393 40
325.89795197430186 1.1553782738288472 40
321.83267239666145 -6.5833865163155165 40
324.48308689117226 -14.344557210871248 40
