326.717230280075 17.301215654295795 95
318.81422364738637 9.305552112277448 95
315.1198324456535 1.804667399622708 95
315.3504502095544 -5.590487691724759 95
316.260214153599 -12.944209845320525 95
322.37550296701653 -20.86474506825158 95
324.5524769416906 -28.483850003350675 95
324.3101146782109 19.56935148148048 40
323.3307575335605 11.908976982676656 40
328.3456829292526 4.387838502352069 40
322.6576741952076 -3.343786467351655 40
321.4411275868271 -10.873919289249908 40
331.4505249802311 -19.09317915720774 40
