326.3492773134334 18.531454934779468 95
320.1006511186887 10.566398553506124 95
315.03396222785693 3.17885876018874 95
315.296848023347 -4.213460756009289 95
315.0113986818625 -11.602556851690208 95
319.4190110711834 -19.274215063323233 95
322.62341131856556 -26.985124961201667 95
325.2591410736044 20.42795016787386 40
322.4330907213027 12.492302946542235 40
328.0367434729093 5.010045577509101 40
323.9126659285617 -2.8267430113113208 40
321.93605793719286 -10.275436723585216 40
330.49292296363467 -18.314690031585187 40
