327.225203604524 22.16453814041298 95
329.2534278391567 14.555441634152803 95
316.0838750487869 6.465789522003507 95
314.6738298898051 -0.858141877541677 95
314.6352970626064 -8.496607695157623 95
316.5803593268074 -15.812233033620007 95
325.49720830722146 -23.920869741823623 95
327.44321823816375 -31.709453713904573 95
328.0549985443293 23.20955740810471 40
320.9756805044369 14.978923516515854 40
325.11263575389944 7.537511071454553 40
326.0 -0.0 40
321.7073393521368 -7.721904361561256 40
325.23350656941153 -15.444293592280378 40
