326.86778201829463 21.51357021604347 95
325.60512846752056 13.86038656204856 95
315.4457537732595 5.850335581837905 95
315.0466143556083 -1.4605762796217086 95
315.4755062121596 -8.863688858575863 95
316.37483255793256 -16.407477683670425 95
324.2859348308483 -24.365394946168955 95
328.9743425074537 -32.491731206393965 95
325.23098441925515 20.871434394458838 40
322.711974307098 13.031970833873084 40
327.43116351193373 5.358058064382616 40
323.7418619670279 -2.2954977939115744 40
321.5445500538872 -9.999616524809172 40
330.08342801301217 -18.021131378984073 40
