328.2282909499283 20.614428080575244 95
324.849359681859 12.763366103274056 95
316.66173921982306 4.922693802864073 95
315.76579430699263 -2.4111762013631544 95
315.34754598073175 -9.806897773009457 95
316.80791038924906 -17.209693193009418 95
323.1465279794435 -25.166189219481502 95
330.1123743373016 -33.42245217498639 95
326.6022474347418 22.480271252271685 40
321.3783147439193 14.38293476166542 40
325.02645475634006 6.914745731031312 40
325.7992246537812 -0.7107847740327491 40
321.4171047171397 -8.3288906975218 40
325.8687806273494 -16.27616163118434 40
