328.1883409326035 21.240962805512982 95
325.32397926239094 13.404048525853685 95
316.3768069398611 5.5223777069157425 95
314.394341629409 -1.886253273154826 95
315.2632137015375 -9.287953842407152 95
317.7593646595763 -16.739957322001203 95
323.86032061809203 -24.688716636282415 95
329.9676043244043 -32.86244203362527 95
325.27574479729594 20.16184134855699 40
322.91786183409715 12.246510053681458 40
328.039427236895 4.831128552407877 40
324.1118749106066 -2.916876228308557 40
321.82759716738974 -10.535544668611776 40
330.48288469312354 -18.49494322542305 40
