326.36886149319605 21.48073259074279 95
328.27770815040066 13.974153159328116 95
315.9940492447373 5.946708494159479 95
315.5969957154638 -1.3770604102699784 95
313.90112749769776 -8.819454669880745 95
316.6539300438852 -16.33536693075022 95
323.8320663564305 -24.064879478700767 95
328.4944093557109 -32.2634258416964 95
323.6381886521975 17.757772127286323 40
323.48807266663164 10.236666568177164 40
327.5647560069896 2.5906074734214 40
322.43325970664023 -5.188319569021349 40
323.00078596481364 -12.690735444119142 40
