326.9278660131466 18.922104774311652 95
321.33520800204593 11.04580116070713 95
313.656337905922 3.4215955994388687 95
314.9252191401035 -3.950803659736482 95
314.6429266734716 -11.417144754814016 95
318.01219032458397 -18.928217823148987 95
322.6453804998221 -26.72117029856671 95
331.63490474723767 25.64528374361642 40
322.7883508206613 17.269715529726813 40
324.07913063474695 9.724593154812677 40
326.09301548067253 2.134304271149367 40
321.8509730708423 -5.617929632161838 40
322.03396555026137 -13.092556357452414 40
