326.1546374297301 18.431172184136745 95
321.6248209507268 10.61671080951701 95
315.035649168438 3.0070339241242654 95
314.8183431354095 -4.464675293405721 95
314.2523319877495 -11.832052453452004 95
319.98768953635346 -19.396112244114217 95
322.4093503141602 -27.14430566437689 95
326.109536713759 22.357005374992834 40
321.9737731462948 14.497565517641016 40
326.02432490495505 7.024924929728293 40
324.52402254279775 -0.7965033846149302 40
321.0149584827758 -8.406072525366536 40
325.09916152180847 -16.14884447312145 40
