326.16549875430553 19.94913650650315 95
324.0920177606176 12.291039372304066 95
314.91710343266175 4.551973811681768 95
314.7356628337276 -3.0041705367967904 95
314.30380847880616 -10.375047022444738 95
316.9540536127857 -17.73782394837068 95
322.74504771049635 -25.489148246841246 95
327.8364107687013 23.46366125086574 40
320.68446317629093 15.31592561140474 40
325.4062739562478 7.810689464536475 40
325.7999515408433 0.1776963256623405 40
320.9637506420339 -7.44132204640299 40
325.14614176984117 -15.173545801372128 40
