327.84581243415704 20.321144022606624 95
324.7631619539532 12.405185918411423 95
316.0157310926485 4.6540522105869995 95
314.28803241906905 -2.742750107140273 95
315.4393662992178 -10.068077708673233 95
317.0683075714963 -17.48401652215626 95
322.91950449304255 -25.502926164812344 95
330.6072064504322 -33.74582445342381 95
323.8571000534624 19.18747951039102 40
322.57218227881503 11.440622574096398 40
328.45135347894865 3.9413224743383837 40
322.8528011158231 -3.786084609035992 40
322.0006459981461 -11.332430312010803 40
