327.94006527210075 20.416763071806876 95
325.5557479104375 12.613286743575612 95
317.0393348520625 4.755605278175092 95
314.83946320389373 -2.575831804301509 95
314.8950811157228 -9.878784799880412 95
316.59402810024307 -17.457863450677518 95
323.0261390628768 -25.422708493215065 95
329.59666679875676 -33.55185889260553 95
329.10720198438014 23.915480906985586 40
320.8466194064634 15.586771328406815 40
324.89771757265487 8.153104689589188 40
326.2746966887413 0.4448883790895407 40
321.4465610237053 -7.10169212464835 40
324.4551125847914 -14.96395394240297 40
