326.139718183956 21.912321827906496 95
329.86466183970117 14.312075124858291 95
316.3623000842312 6.2988658038439205 95
314.74770603876743 -1.201683541395492 95
314.8352241774993 -8.502006651595718 95
315.7520738338743 -15.857186686407607 95
324.81750174024944 -23.959978364411434 95
326.1319963402742 -31.762030604282018 95
322.85464241779835 17.891404899435894 40
324.55688477175465 10.447687411765468 40
326.4640741606835 2.6709375521988004 40
321.4875072624465 -4.910020282889671 40
322.90431084473437 -12.598751441598719 40
