326.08189200524635 19.676263143159403 95
321.48201112207204 11.840883620235662 95
314.72303460391873 4.119950206080394 95
313.8348752418851 -3.081165673966816 95
315.0505523813642 -10.485707853897415 95
316.8395966513746 -17.99145613323794 95
323.8633821882027 -25.932984356185194 95
328.01658286079316 23.74630483524597 40
322.39479361482205 15.661981836801768 40
326.47222189627615 8.192615889240454 40
326.0995634660811 0.5335796391860997 40
323.06920610255673 -7.22568808237091 40
326.13242369663385 -14.95218508310046 40
