328.2282909499283 20.614428080575244 95
324.37472588964465 12.744717690788601 95
316.21044127746234 5.001932337863706 95
314.94015081859544 -2.4907634091516035 95
315.17263054318306 -9.801458130821008 95
317.8266811965266 -17.35196587137769 95
323.9053813758257 -25.403029657521056 95
329.7052930147099 -33.47207430208452 95
324.4045827008184 19.663843029983774 40
323.1276353789961 11.989735375668522 40
327.4445577868676 4.465109266605089 40
323.03265405984916 -3.347672482460087 40
321.138324519294 -10.951353794880157 40
331.35588345205986 -18.997065607744037 40
