328.06195487130714 20.065128731618906 95
324.57334180356463 12.132015103288657 95
316.39439665263046 4.400726283004586 95
315.1098137983082 -3.0936827561206317 95
314.67860433914336 -10.387418888677642 95
317.32361300208674 -17.845314687667248 95
323.8633821882027 -25.932984356185194 95
332.6994723323013 -34.41782582918732 95
326.5712911139152 22.925584947617743 40
321.35840430581095 14.821132953420127 40
325.9144693106569 7.467174428985551 40
325.39989110076584 -0.2662172228252398 40
321.8030497383082 -7.899821461524569 40
325.4248043167969 -15.63127427225443 40
