326.7282001662801 18.910548408314927 95
321.5131066610344 10.964134492532626 95
314.8321928831135 3.3485555706894323 95
314.82413822913884 -4.03540435149461 95
315.2924991757354 -11.440715166409076 95
317.053528524681 -19.044702020490995 95
323.6771284002057 -26.984376046089448 95
324.2049491114641 19.651742203504273 40
321.6786325297629 11.935969746180843 40
326.7458257760381 4.366458855292201 40
324.30758559963033 -3.360884933831501 40
321.91585603021224 -10.889978711441307 40
331.78018670745945 -19.02139146759108 40
