326.22145160223687 22.18592210230272 95
328.9417131639659 14.811312087562527 95
316.17845683387435 6.726509804486011 95
313.67442846787515 -0.598790741292932 95
314.36947051060577 -8.146265149219179 95
316.52671395410766 -15.376909748532478 95
325.36136290695606 -23.375703782517824 95
326.1835302413799 -31.228356092993465 95
324.36735924547827 18.596404386730836 40
322.5904701339701 10.912799995608742 40
329.9572822268959 3.419434228137419 40
323.79489709239607 -4.415341654351868 40
323.69895241293 -12.099331872945989 40
