327.748080168579 21.840823492046102 95
328.66966635034476 14.17042858042991 95
316.73893378471814 6.219953771528388 95
314.2973703915594 -1.2856768454515806 95
313.9082378453812 -8.56264198758485 95
315.2646125493401 -16.091292648959808 95
323.53943588517325 -23.954416129470804 95
326.8287000785459 -31.829882657148794 95
331.9479623395769 25.487367922224202 40
323.47177754557435 17.12935365115798 40
324.9590068940071 9.573601122913484 40
326.7696414039775 1.871384972668706 40
323.3991855430576 -5.7331745208898806 40
323.47554756203647 -13.327889159229462 40
