326.44501236003816 21.843409309320922 95
326.5677635764438 14.169030230749684 95
315.6141506391758 6.197865867509581 95
314.1977100472779 -1.1995836972383018 95
315.1101239604769 -8.509430216698048 95
316.9462108624061 -16.003809545330476 95
322.2679161787586 -23.860274554175856 95
327.2354951600009 -31.779416803790497 95
330.33463563246977 25.272880753159622 40
322.4278908374 16.985901069582308 40
325.3640130376076 9.407923259865761 40
326.97013661943737 1.7833631336491151 40
322.42117322425486 -5.891746913696753 40
325.320311778162 -13.492766379043696 40
