327.01939962072095 20.71757458543928 95
325.4418745129537 12.96442491955933 95
316.9353505894818 5.013399218321891 95
315.2164550207757 -2.321014677961952 95
314.52560035996896 -9.695480555450345 95
317.1526849357423 -17.315168582771385 95
322.6798028717666 -25.041312238735348 95
330.4448324986989 -33.36507605126729 95
324.48230554729406 18.33666781922179 40
325.31986612779457 10.827497522227064 40
328.4600376467312 3.135170506988674 40
323.417478440998 -4.5866260875065805 40
323.4208355126326 -12.177259803036772 40
