326.26945253562525 18.169891774674305 95
319.831511378272 10.382886375678577 95
314.6622575780799 2.8318334813518096 95
313.9172078827882 -4.537520807040947 95
315.1701577854672 -12.038755811283684 95
319.467290609134 -19.714356592572535 95
323.36601539501055 -27.402476394549115 95
326.44501236003816 21.843409309320922 40
322.27560642286636 13.894751878812048 40
327.11193390471954 6.423653330808278 40
325.5972758494805 -1.3319006709450316 40
323.12495231218355 -8.990422306494706 40
327.2444449703214 -16.79222620935918 40
