327.2535550344933 16.61373956356275 95
319.40380493770556 8.79971683158723 95
314.94736495329823 1.288335738069334 95
314.8909650046087 -6.097758478843319 95
317.05545593519844 -13.66968769663202 95
322.6402730992936 -21.41206842911805 95
324.3979110492702 -29.094420545352012 95
326.22748974339277 22.096958178097417 40
322.1642273243108 14.154019129907903 40
327.7046033073302 6.792907785722844 40
325.09825922009156 -1.0638853632619323 40
321.4125142049371 -8.504195285923156 40
327.2625677479512 -16.435247975544662 40
