328.12314607954215 22.225360106496645 95
326.75191571202015 14.534139242654224 95
316.83193894620683 6.567531011503246 95
315.599049424565 -0.7745981609616758 95
316.21660332289315 -8.280423173487462 95
318.6614092025205 -15.741943497033986 95
325.1490870775175 -23.538716461543885 95
329.39385109292016 -31.535707732269668 95
323.9142805889209 19.900111948474198 40
323.4208355126326 12.177259803036772 40
329.241892761353 4.669226480021549 40
322.660301842329 -3.0798116853430626 40
322.499344624847 -10.645578497393121 40
