328.47021105706733 21.529075064332343 95
326.2907715269251 13.62215259656025 95
317.671966083189 5.804962518502962 95
315.120769868381 -1.6327959330074227 95
315.6455531581576 -9.04076304748163 95
317.5028012590151 -16.3791580271503 95
323.7191718732907 -24.234033644255163 95
327.4904139296532 -32.2549904539502 95
324.91443184214796 21.11804869523217 40
323.7539401030564 13.250920449032028 40
327.9234746590952 5.813380471445793 40
323.9186281798759 -2.031734005057875 40
322.33254363427227 -9.584202588633675 40
330.83166878770214 -17.609569192462835 40
