329.8911672212725 19.635259468273336 95
323.91501982846637 11.665142713411196 95
316.30011095251064 3.9680519690971634 95
315.5830540823043 -3.270470315630567 95
315.76052706559364 -10.940386065332538 95
319.2656891396421 -18.47862922917743 95
324.945632085843 -26.198018786388296 95
325.84635107046523 21.803351097092975 40
322.47161724936643 13.99130778655587 40
327.11016996147066 6.512859032544059 40
323.4479673706288 -1.1466925519193354 40
321.50541198000394 -8.769874147781053 40
327.9571828956754 -16.559795051042222 40
