327.46908160495 22.98861061070389 95
330.2156246253925 15.410122590748637 95
317.83959016623146 7.368890551636824 95
315.7749530319515 -0.17222853659235823 95
315.30918219908006 -7.568330129384786 95
316.44749797623336 -14.940583140620381 95
326.1597359149588 -23.075469505176432 95
328.02627612920503 -30.863211009331348 95
326.2335036231776 22.007992610553245 40
322.16807525460956 14.066161940636468 40
327.70825952115877 6.614171649788996 40
324.1229631287837 -1.1490855569305416 40
321.5077916370478 -8.682196822732404 40
327.9571828956754 -16.559795051042222 40
