329.7133854828327 22.423404256467624 95
331.0686151884826 14.816613553049205 95
319.15643960272286 6.615715011509488 95
316.79904581020975 -0.7775434011191217 95
316.1460972001622 -8.10603016930003 95
318.93607426295205 -15.755512011253646 95
325.15549417597674 -23.45004492909067 95
329.6924855907379 -31.564298582435157 95
329.43962643319475 24.84297004299395 40
322.4416794890861 16.72210971311582 40
325.5715220953751 9.147349370211098 40
326.0964956082015 1.5118042367413718 40
322.81617226840416 -6.163160469758705 40
323.8279631834052 -13.873207469333167 40
