330.4015369126711 16.231586667509067 95
319.89709004509734 8.114911008684693 95
317.07457554740165 0.5188125240358148 95
316.82830978863177 -6.740335042028202 95
318.52334205912047 -14.429243344282753 95
327.71190448053295 -22.37707055765 95
328.590730976449 -30.193246618456136 95
325.3421178413819 20.70039512870186 40
321.9446483514697 12.825108102800991 40
327.83256074521955 5.2752004921082065 40
322.86624764797506 -2.377341943522189 40
322.2164792086372 -10.108469290148275 40
331.4015111875491 -18.183739511134597 40
