327.5320210327991 18.867454072292276 95
322.9682231998135 10.837402970981085 95
316.7829896491572 3.2829055639774367 95
316.9467007125994 -4.235508517041322 95
317.0663317780712 -11.505080521148159 95
321.42065701675654 -19.307025739780983 95
325.139624796803 -27.195588097964862 95
328.1033175032223 23.932481450524705 40
321.04211860346516 15.684027148619517 40
325.0954177583302 8.246778312574047 40
325.79940637549606 0.6219367928990651 40
321.45038658407134 -6.926369175195201 40
325.16652921512843 -14.730182557830384 40
