327.34258768078325 18.67741725851627 95
321.8188700923409 10.798835700621995 95
316.7838731432632 3.196516283853346 95
316.1217743679732 -4.224484636523788 95
316.38227728773825 -11.739447100468057 95
322.96786825394895 -19.39996328604409 95
324.86558174471776 -27.17266637019845 95
325.82840419894023 22.069926193171103 40
322.0643236954018 14.149629946519749 40
326.50669458819414 6.678997985603573 40
324.0232649762847 -1.0603674402767904 40
321.1079374072621 -8.671398909854659 40
326.8630712129724 -16.415185110845645 40
