327.8417757672198 18.70589978578827 95
322.1965955236491 10.723546893173637 95
316.30975596905944 3.105463539326093 95
316.5705687314216 -4.3168290520098695 95
316.1074664025389 -11.729250170737663 95
322.76292884333486 -19.475992002267027 95
324.56662568789744 -27.147660848999248 95
324.4662593352499 20.289321156469896 40
322.4296719846036 12.580232466092344 40
326.23830002004786 4.893590198333571 40
322.9641912919726 -2.6423035635840826 40
322.30520822408835 -10.463191512490896 40
330.5927697681554 -18.320223170567466 40
