327.2022450398054 17.59535353186002 95
319.4785739565092 9.673748379780491 95
316.04323073494805 2.0685276445782725 95
316.2797861654237 -5.348129406986603 95
317.09155521745504 -12.805003310255382 95
323.26568403535464 -20.65679428551876 95
324.774920035982 -28.23563910417987 95
327.81062084162784 23.82126126859138 40
321.32105988967004 15.609819710011516 40
324.6205705152945 8.234732741547466 40
325.29956453700146 0.5322706428262194 40
321.2466098155419 -7.097274619245638 40
324.4551125847914 -14.96395394240297 40
