327.37256624150484 21.457131622179695 95
325.51272787951075 13.678595996650742 95
316.5487195474873 5.698083260733117 95
316.246189872895 -1.5523823230250982 95
315.5455941515364 -9.03790000796001 95
317.67308786830284 -16.474806348407782 95
322.9081711077693 -24.350434428067054 95
328.6846356016598 -32.37261102234571 95
324.2209181543693 19.386496102641594 40
322.08482769891714 11.775133381785441 40
328.6480026439963 4.212598142693071 40
322.2817715300222 -3.427789297870222 40
321.9098685870741 -11.065554945537851 40
332.5933844179855 -19.250016659476493 40
