324.66316255737036 23.325541328048953 95
328.39206436160697 15.863564836510657 95
316.2297288240768 7.763004112510638 95
314.8498126781541 0.3434480037918278 95
316.0728723043136 -6.982971666924191 95
316.94995562743435 -14.357968267390982 95
324.7377566358044 -22.262960610509705 95
325.4873741350808 -30.087121890435924 95
329.6390601835894 24.858009298411954 40
322.3372428742218 16.804835055571104 40
324.59440754569226 9.208486035229885 40
325.7960748160923 1.5992605876504862 40
321.2664546779558 -6.1335734818272725 40
323.360905962539 -13.676512533757208 40
