328.66080562037706 16.50546800199061 95
318.73845005596513 8.4334427087052 95
314.4738306334995 0.8575964628272679 95
315.0590894346006 -6.444826579541112 95
315.9490000752625 -13.794631254287555 95
323.0276541653927 -21.614743681188024 95
325.6357587521465 -29.563545912387298 95
326.278261738732 22.815598649859986 40
321.5581919367129 14.830347210773862 40
325.31664724037444 7.364715084902675 40
324.9998066393523 -0.3545199340281192 40
321.0261220611352 -7.968348598619035 40
325.12514980085143 -15.616880833697735 40
