326.0990376648024 17.625216568592684 95
318.6236537848545 9.82180603500014 95
314.74325857878466 2.060019225223355 95
314.53289033290037 -5.1469917264023595 95
316.07430443755015 -12.591254874668213 95
320.9870378345319 -20.24752249567282 95
324.0852220671151 -28.086630942650693 95
326.42099068112805 22.199492511111757 40
321.6858189007311 14.220897234915602 40
325.8281520064703 6.842905819055905 40
324.523539848245 -0.9735036540954274 40
320.26059376 -8.56111613589148 40
325.7982995035758 -16.18357317091402 40
