327.88896730347454 21.221586784710468 95
324.6245726730676 13.375231468212784 95
317.6766089435644 5.545065835286225 95
315.1198324456535 -1.804667399622708 95
315.0908093721504 -9.196873066601727 95
318.4084645559582 -16.77415270936547 95
324.8641689688181 -24.676136654654712 95
330.5848706193407 25.926884070280494 40
321.2263959411281 17.4497149166855 40
324.8456983141015 10.013605086267741 40
326.3667959829767 2.3141099381904984 40
322.1596970105877 -5.096039839555104 40
324.0714727575147 -12.821317006274711 40
