326.4363112133024 16.929274835384387 95
317.3223332831781 9.002183052995072 95
313.8462187876936 1.5406013978851076 95
314.79744597149124 -5.752435121412206 95
315.0541379344255 -13.066973459680288 95
320.37401210971007 -20.822940828023114 95
323.83179571012346 -28.687594656172585 95
329.95634212339047 24.97243064966056 40
321.1978877248745 16.56977809383447 40
324.87672828340294 8.950498302999092 40
326.1964945335643 1.5122678381617962 40
321.16308082385126 -6.306832860665806 40
323.72044234908515 -14.045491458566008 40
