326.6031617852462 20.959492762953765 95
326.7014723098429 13.371559953159078 95
316.2783159286126 5.43438113870769 95
313.84382636182465 -1.9685412286435913 95
314.3335171759181 -9.43215801483444 95
316.3567465507076 -16.75257925966466 95
322.62063189030414 -24.50572134626662 95
326.45995714333213 -32.51310515736316 95
324.2776602781266 20.099976232421632 40
322.53301575135504 12.496174428046777 40
327.538153793785 4.9130880674840185 40
322.76270971703786 -2.8167074954888642 40
320.9559190354613 -10.419388710592816 40
330.9871425768794 -18.43261915172339 40
