326.99772597192424 17.6737894688817 95
317.8543183986544 9.62456624097052 95
315.4920693454743 2.237002483335867 95
315.18280332254164 -5.157626851958284 95
315.699601634534 -12.576328072872386 95
321.4610956440039 -20.277425560376507 95
324.59101404517065 -28.04128387089015 95
327.6305140431097 23.538731759542177 40
323.0775106085573 15.51852567022831 40
325.70404346323164 7.906710548725632 40
324.72489132666317 0.26566498974297686 40
320.6617919030441 -7.521815839864352 40
325.04625048204707 -15.168884189758606 40
