326.7073775732029 19.266942264942774 95
321.69773209062214 11.409608571301215 95
315.37931191397166 3.612425316843288 95
314.82835286509305 -3.6919821576583254 95
315.7545130450474 -11.112605080942291 95
318.7813717779974 -18.625053888196863 95
324.21918691612666 -26.495449334663782 95
324.2386995233055 20.718970327591194 40
322.70481847013235 13.207980964512782 40
327.2282210299187 5.533261840421597 40
322.3668965301023 -2.2857485754832734 40
321.7525317375058 -9.742603374115207 40
328.70008090631853 -17.675899897307843 40
