329.81289288836786 17.465145564981295 95
319.6613054589464 9.417525804699 95
315.6698234265186 1.8078171562913377 95
316.4782864120891 -5.437817086634089 95
316.6419216902836 -12.786845908366235 95
323.1602440305778 -20.738546311094158 95
326.93398296660155 -28.513179524456756 95
324.35534332288495 20.459991639623002 40
322.42276257467375 12.756088691898041 40
327.83256074521955 5.2752004921082065 40
324.3162083420194 -2.3880183533372588 40
321.7417127794039 -10.093575074055638 40
330.60764732695554 -18.04975149234385 40
