322.66682432194744 23.88980916603383 95
328.55641946891456 16.590052765638173 95
318.46123654184004 8.513016224712743 95
315.4985804548842 0.9464306382268111 95
315.8839168801652 -6.4616991917673685 95
317.6224058464121 -13.86769372812444 95
325.9401680695796 -21.898914671147445 95
327.8348521389942 -29.67305761130465 95
330.06511140853337 26.157833069129715 40
321.99066682797496 17.667373904347595 40
323.58521812221727 10.32807401198701 40
326.5647872791961 2.5826990326814903 40
322.16107476042623 -5.0081842225550925 40
323.7751884679002 -12.721161801332995 40
