326.5650269870811 23.014642598288642 95
328.91283972074996 15.439219275347323 95
316.71489239494264 7.34281521352027 95
315.22498827843924 -0.08596428237075127 95
314.86338693644194 -7.385801710881061 95
316.9968859935532 -14.966521653017896 95
325.46774854588745 -22.93731199314766 95
328.1342434107721 -30.78309481257773 95
322.2608497631626 18.211132170305824 40
322.7021286814316 10.564173866080129 40
326.96175950295594 2.9425240408861835 40
321.6638146240117 -4.824972697274015 40
322.06847244044417 -12.21429735510263 40
