327.1374687558381 21.979357611701015 95
327.0634115403607 14.279896938727138 95
317.0121712861108 6.311804929301167 95
315.12301968671943 -1.1171788233890254 95
316.13706680171674 -8.450887172768592 95
318.5441750577105 -16.084496784254643 95
324.2191274662422 -23.91583962625151 95
328.91881129336116 -32.033438815748035 95
329.8360925663176 25.234738765907295 40
321.65857314444827 16.857411505852095 40
323.69225319116583 9.271237728922683 40
325.99515112145144 1.778045359947809 40
320.9964110819351 -5.865711595138553 40
323.16479997737184 -13.579932090598025 40
