326.43305007389904 22.02145418566434 95
327.4551841310159 14.475945935324436 95
317.28362406051724 6.490331503426594 95
315.1233126322096 -1.0312423103761081 95
315.389622056318 -8.34483667742407 95
317.3294255607221 -15.84964663019814 95
323.92644429930453 -23.805433909289157 95
328.6376307676441 -31.82512008507744 95
327.611146819666 23.806765939607804 40
320.56768442337136 15.660849384302173 40
324.6183127693997 8.323258961978762 40
326.1992237018522 0.7116574379560489 40
320.3987356284339 -6.991125281451684 40
323.988718407451 -14.765363852524029 40
