326.323705589096 18.97642736662981 95
319.43029308597846 11.154751633536751 95
314.830319701641 3.5202693877784554 95
315.1012716670604 -3.8670685022883133 95
315.95134513964024 -11.205802267216097 95
320.7676971926038 -18.91666098321857 95
324.7030041250914 -26.7132759529952 95
326.8768001688879 22.85745253410645 40
322.232475191007 14.861445329342839 40
326.19342479069076 7.295563605369426 40
325.49980634187443 -0.3550653492850243 40
322.102959383917 -7.9071838300816895 40
327.49311262280247 -15.820139368172486 40
