326.59830894653675 17.65220151319778 95
317.6767635076783 9.705902960911974 95
315.0414597645979 2.319726145744206 95
315.55914958807864 -5.077707282681208 95
316.54892798803724 -12.610162156943359 95
323.0080211275437 -20.37500398204286 95
324.7902718806803 -28.058497673143613 95
324.3214315563547 20.990689203471756 40
320.67430609705497 13.300071773200804 40
325.9487849344158 5.7783734543522725 40
324.11916660506415 -1.9445987346111013 40
320.5057390331764 -9.617366936820204 40
327.2117931482352 -17.41688978309728 40
