329.43228500646467 17.08464867708575 95
318.7217702546585 9.04188397053962 95
315.6716076391261 1.463473788505317 95
314.9974125879572 -5.756089201210139 95
316.6241919831051 -13.21858733170026 95
323.8416953119566 -21.048325407924686 95
325.9983111074459 -28.879521812054314 95
330.4274377692747 25.370620198018038 40
321.07513552625085 17.002440171918607 40
322.91503659538904 9.337110934254186 40
325.2951615331539 1.7742274711380683 40
321.0713985631098 -5.867081875061438 40
322.29057150317124 -13.543195529832612 40
