324.07104239370517 23.194169134878774 95
327.6885505853388 15.919153252602513 95
316.87739989203067 7.865371107970181 95
314.6747074723153 0.4290713376646137 95
315.04812236247614 -6.960331951729711 95
316.57533981036624 -14.34099801098784 95
326.20319161504295 -22.45280394871833 95
326.9810064446873 -30.22518898897701 95
326.2906571864863 22.63763807933241 40
320.0428140284811 14.585534399914755 40
324.8226825982625 7.087656147729409 40
325.29969759511926 -0.4435589295037025 40
320.84899216905717 -8.051504461918851 40
325.41623037629626 -15.80876363544281 40
