326.29752715168604 19.421364516806964 95
321.98809266060834 11.683671716694883 95
315.30018963439636 3.9555077441058577 95
315.1053025122427 -3.523344102978144 95
316.0633217654833 -10.864581656399478 95
318.791482753334 -18.451182859934775 95
324.5326062463439 -26.342882965907727 95
325.30200897578476 21.32142012902668 40
320.47447789571703 13.291783833165207 40
326.52210387309117 5.877610678690134 40
323.54518756240986 -1.7646827491122443 40
321.2881700450264 -9.377761679537423 40
326.42235173821183 -17.196334222593144 40
