326.38134732812557 19.694332719782164 95
321.6818755989897 11.848245064823555 95
315.1968569512711 4.212124528066513 95
315.3830648211621 -3.2683977742365484 95
314.39804676800657 -10.549825281129092 95
317.6882295713484 -18.039645002666553 95
324.15533430737054 -26.045330485076203 95
326.2454585968472 21.83005657191184 40
323.445700827147 14.033571050723832 40
328.2117218692498 6.445250392513435 40
324.52228484352787 -1.3275032716250448 40
322.8549100170751 -8.806685123606137 40
329.44155423692615 -16.904968706225162 40
