327.48401004237377 21.285060290411096 95
325.99840704495267 13.431836402865352 95
316.4737316954151 5.696733430520048 95
316.0448172771084 -1.809964717656456 95
316.01541560157136 -9.223860480629368 95
317.4938205895344 -16.55232649691724 95
324.37231215696255 -24.54980867432645 95
328.76177983047666 24.521373283264477 40
321.3905487805964 16.22822092858817 40
322.5574089902352 8.710541344033626 40
325.09825922009156 1.0638853632619323 40
321.4577508304957 -6.575717147120632 40
322.66374546885584 -14.175965046846747 40
