327.0074291284202 22.418561948109875 95
329.0416119455813 14.815810246271003 95
316.2534398671156 6.728105024203136 95
315.3990500269575 -0.7741072876061106 95
314.8487140928232 -7.986847569328522 95
316.32274702253216 -15.453469387781965 95
325.36136290695606 -23.375703782517824 95
326.5902240367955 -31.1774147195646 95
324.54935151188965 20.561090272937687 40
322.31935115448584 12.840034904596957 40
325.95636095851717 5.3339245102347 40
323.54122935037503 -2.3823119963629313 40
320.7949124643926 -9.976303772574578 40
326.78833518251093 -17.841233523578993 40
