326.68969796574066 22.66532302997584 95
328.325997933517 15.142480178630262 95
316.7207937282686 7.083701019633463 95
314.9498945979908 -0.25766783748529853 95
314.58232006381957 -7.6367223508916595 95
315.88992829622185 -15.086938092529724 95
326.2531796651824 -23.171499376565933 95
327.4120630536079 -30.98558684259973 95
324.87100736839017 20.225690876887118 40
321.6654210245463 12.286859529651462 40
326.639579037149 4.810512595772819 40
323.4376840151062 -2.8225979069486664 40
320.6810638303706 -10.410465917613877 40
329.65917357568594 -18.448845557263333 40
