258.4817109008801 11.779967306993097 40
259.683463800514 5.878871368480565 40
260.00838055021626 -5.886227030442577 40
257.8106053062804 -11.678930456565483 40
265.5815784236787 -18.134640939025566 40
272.49497213326833 18.905360670701295 95
261.3222212197704 12.052248618634074 95
263.00597857024866 6.025849426090159 95
260.7749903031485 -0.07111534849041788 95
263.5774947318397 -6.182780190740381 95
262.5459204590449 -12.108685944926382 95
262.68355353466825 -18.36862344867165 95
269.7567850282907 -24.861354170691097 95
