261.42480086683366 14.916299532268777 40
260.36876503802426 9.021187148824144 40
264.7567957117834 3.104794587246166 40
262.6077735935536 -3.00796829053946 40
259.5942297999302 -8.994351259598197 40
262.76851016746656 -15.064861910088217 40
274.2342082818026 21.808461845186052 95
262.79280822393565 14.634887966013807 95
260.81260279425027 8.466919374166057 95
260.0631533327456 2.4823181965308163 95
261.5006885264846 -3.565883505456329 95
261.09795603332105 -9.616807174002588 95
262.9303874441529 -15.72168433939633 95
269.0726856743956 -22.358216028295004 95
274.6801511469624 -29.173021627557024 95
