266.26619613583074 16.86869275774832 40
260.6154486248207 10.453160435172107 40
264.3334663099269 4.68606589568787 40
262.670692543156 -1.5042951501634843 40
260.72010577598024 -7.396422727350344 40
260.8890208709407 -13.244599427760846 40
273.2342597398887 21.129169515033475 95
263.66904036853776 14.178845197490707 95
259.32899014258516 7.923217252289666 95
258.31799744069116 1.9020576308490849 95
262.5932720638018 -4.082167540188067 95
260.87372063654675 -10.249756399298713 95
262.5710848804806 -16.275165427345005 95
269.9698306551808 -23.02592095906332 95
