261.24148629179655 13.691086153153933 40
260.9638609146932 7.617015261679205 40
263.6443530557477 1.7255728950935907 40
264.0646470219153 -4.321133322553739 40
259.7523614547074 -10.134753016380673 40
263.26528408171157 -16.390266086177657 40
272.7257959147461 21.5388223370798 95
264.2984758752167 14.57414320080223 95
259.19300907967255 8.272827160335668 95
258.49076267678095 2.185317088233312 95
261.3716567239941 -3.849293617614934 95
260.7152664459936 -9.816304905337349 95
261.24117770708574 -15.906687122555095 95
269.04813656258153 -22.651715436197804 95
