263.37095647228665 15.892192638930734 40
259.0690851680238 9.683574247314143 40
264.7452176471019 3.971191003795431 40
262.4917910458209 -2.0759656926591985 40
259.997089272266 -8.156543075919753 40
261.7180058851556 -14.145507961810765 40
272.0771639634594 19.845827007228742 95
260.9033132673868 12.960005829466883 95
262.2832078828097 6.939703718664546 95
258.5738365804174 0.7756681530292235 95
261.92165750302973 -5.2863934648849895 95
260.9856064252527 -11.180959880220987 95
262.61753466890934 -17.500585259476747 95
269.11319762300514 -24.21005710694188 95
