261.3025334573289 13.479929850763739 40
261.0408970960713 7.548015850427136 40
263.52025724519723 1.5810270159233695 40
263.7372973865001 -4.459662797209065 40
259.169438752832 -10.324371241973441 40
263.7393661969189 -16.419781303279063 40
272.3405596583516 20.014374583679487 95
259.5584821078358 12.822245937287628 95
259.6072608645244 6.939748296501395 95
258.5731154534529 0.9872130952000356 95
263.22565109251735 -5.097276912265505 95
260.66393991155604 -11.095964572072715 95
260.9556869980952 -17.246885178262552 95
269.08964283624573 -23.912060100746437 95
