263.05086534267315 15.800881857378425 40
259.27157878175524 9.620339703778438 40
264.54736510778366 3.8239037028939658 40
262.8643551627481 -2.3656732387695922 40
259.11804725308053 -8.270434556317495 40
262.6838019345782 -14.34140251841821 40
272.0212129319841 16.563071575410248 95
260.26824776089404 9.728396963213566 95
259.2239334853261 3.676249229205614 95
259.23950195318093 -2.3330510210233135 95
260.8149020900435 -8.395793456310246 95
263.0464065098778 -14.577054649006143 95
262.19487627529134 -20.56324038143471 95
273.1957557689781 -27.735158730695474 95
