262.6851067532426 15.6351267995344 40
259.3318862953707 9.339312099129325 40
264.4023460687568 3.461216308953973 40
262.8630257900433 -2.509043144910892 40
259.9380635053253 -8.438528669232513 40
262.67594084198197 -14.484672166796752 40
271.96867693300766 16.18768875748849 95
260.40362273444447 9.449015386647833 95
260.22862307172744 3.3356010242236165 95
260.5124450291289 -2.5576571203120713 95
261.2553394955622 -8.695262219078746 95
263.0262856083335 -14.935714883571782 95
264.1104145256027 -21.075849665299526 95
275.04770424760824 -28.302126918665245 95
