262.525756219619 12.538259301721109 40
261.71760757083393 6.567639408415277 40
264.7743698824583 0.5776489826457989 40
263.0170024213016 -5.52377247115005 40
259.9929253659046 -11.564655623024882 40
269.35748174780986 -17.875948267946356 40
272.0075712669039 16.78561284196109 95
260.83205585219974 10.03440406376696 95
260.92170551693283 3.842667060126117 95
260.51740499352155 -1.9893014958706676 95
263.07281807330776 -8.181221850573788 95
263.26185666732493 -14.300955355250164 95
262.2116117882732 -20.348725842074533 95
272.87759905731093 -27.402161095750177 95
