262.562887201491 14.262985817041885 40
260.77170818312044 8.180844165334273 40
263.9149505447114 2.303150881406482 40
264.0702935722769 -3.9610671101992443 40
259.2689456001688 -9.6910446999642 40
263.36661275572595 -15.96401533372744 40
272.03646018638386 18.649931749526182 95
260.9605922747156 11.7503150863977 95
261.46583691218655 5.562531151362855 95
258.8746534568591 -0.42358303921948615 95
263.84726725301846 -6.405090796722655 95
262.5722695972314 -12.612250535048629 95
262.6185624986949 -18.57999612806926 95
270.1886681501882 -25.34707533873396 95
