266.29791252175977 16.360372445429554 40
260.7598372673357 9.960410047413712 40
264.3419301588272 4.181457270583951 40
262.9433902833358 -1.8644050808044643 40
260.6576768949838 -7.821515243878896 40
261.1553038928579 -13.900822768061662 40
273.3262360179619 20.9113445108962 95
264.529362882836 14.008075271102536 95
261.23454617820624 7.767521037411005 95
260.19442694900647 1.7029928591003003 95
263.0386006167141 -4.376095360108761 95
261.3148862325553 -10.481214541583347 95
262.8820428315047 -16.51034695985877 95
270.15016479336026 -23.263941242194655 95
