261.9283251240963 15.303369651344482 40
260.6636203987165 9.173746542924693 40
264.8041630696235 3.322024382249851 40
263.91156477063043 -2.663006818865197 40
259.72881635169904 -8.71536468229547 40
262.13581245559 -14.741720667810464 40
272.27973948539545 20.159218505814515 95
261.7736798787167 13.074804884019121 95
262.277442575215 7.154281319937302 95
259.99836610407635 0.9217500803856302 95
263.2742415999397 -5.170042067196358 95
261.24144256621315 -11.049176934231127 95
262.88122467440957 -17.302144771171868 95
269.77502788299296 -23.824671156814812 95
