261.53939619794835 14.207387564664677 40
260.8988690637734 8.113614869095967 40
263.71557596492863 2.229488391079304 40
264.0224199441001 -3.8163158754548556 40
259.06643474942064 -9.754224019580821 40
263.37095647228665 -15.892192638930734 40
272.66759581450845 20.33747323872461 95
263.11479203308926 13.285658184079058 95
259.59953632010536 7.222931703006114 95
259.8728257413506 1.0630457213201323 95
263.4783478159133 -4.9584127698900335 95
261.0006094725134 -10.825085679870899 95
262.7658878390599 -17.150621363395622 95
269.6191058254004 -23.885003640601422 95
