265.7783434497826 16.255699864644413 40
259.25822005881895 9.973857424938696 40
264.34306064490283 4.109369037361179 40
263.19286529135746 -1.9379524569397233 40
260.4556258387716 -7.886545120255057 40
260.7021459876385 -13.947999944078642 40
266.42489920945314 15.493182572755597 95
260.6161429159047 9.10091625259501 95
260.233732578536 2.9097986602191392 95
260.682075883531 -3.057010476425094 95
261.11583832941426 -9.1183660009459 95
263.00149501264667 -15.366070451250014 95
266.04995676383703 -21.59574335280994 95
274.9747244035823 -28.521981683851642 95
