261.40421889945543 15.272748330460832 40
257.91033278924743 9.217693070375452 40
262.97930666406484 3.2991311716497655 40
260.76243298136876 -2.560111450147689 40
257.8572210782519 -8.582163934668387 40
258.42457670425586 -14.391621876153058 40
272.2213413013939 19.93097689703127 95
261.08513225203205 12.826290069187323 95
259.8609216273961 6.804697712632327 95
260.24903226764684 0.709720898174486 95
263.5963164449806 -5.320193289501805 95
261.5600794798781 -11.205571046575434 95
262.9465840992465 -17.450488117468563 95
270.34649460330746 -24.17237019209825 95
