267.8800060396683 17.48441775374021 40
260.59202316601034 11.021709814976195 40
263.72694027130717 5.035037252529856 40
260.560681754879 -6.82302157644803 40
261.2064724704252 -12.903657022603946 40
271.9524951749864 19.83673342813824 95
262.18380725385776 12.880264510946882 95
259.3629354447147 6.720879220813802 95
259.82383095622913 0.77941787820622 95
261.99664223177376 -5.287906889869493 95
260.8265144494835 -11.387931556405327 95
262.29325389851647 -17.478975494243763 95
268.72138901164595 -24.10093541030405 95
