261.3383225716626 12.767288491674005 40
261.30854898738994 6.913915396128988 40
263.52334395221817 0.9342468843591714 40
263.675566743421 -5.105989378736113 40
258.7656590153048 -11.01515839082681 40
265.5147649029469 -17.25732434454526 40
274.2401454197751 21.733675256169064 95
262.27654760303193 14.462648527656247 95
258.86591163564384 8.333054244815013 95
259.98947158274655 2.339800445385971 95
261.2016780302825 -3.4905614397468936 95
260.5982948410268 -9.598403562533013 95
262.80561030508494 -15.714223403395868 95
267.48423204989115 -22.15277871238717 95
274.8372620472652 -29.113914463068898 95
