260.74597974042854 14.520900426765177 40
260.1856187347849 8.517595235578984 40
264.41225708407035 2.5959446657243648 40
263.7033376353173 -3.380139789098171 40
258.70729119350324 -9.316818572878736 40
262.86829180189034 -15.502154371448958 40
271.54720299327516 17.723774189743015 95
260.2262751923289 10.792969912229676 95
259.53036936828477 4.813314924423581 95
258.6218841292568 -1.269517401722425 95
262.198530522771 -7.29524445783066 95
261.0601717601885 -13.324665869764894 95
262.2714737102157 -19.562057097136726 95
271.0498250154277 -26.32295545918121 95
