266.22305366329226 16.3557733902067 40
259.30818309987865 9.975779540457046 40
263.94310896922264 4.103151552292084 40
262.74287748975746 -1.9346390883796378 40
260.00367531639995 -7.943830748705416 40
260.7021459876385 -13.947999944078642 40
271.5577761255092 18.31952102997871 95
260.3207523604286 11.508106512385336 95
259.6412497699831 5.52371413826166 95
258.4993848158455 -0.5639590671788423 95
261.844350395836 -6.499368491065901 95
260.63915641152437 -12.73313178636457 95
262.40378417274235 -18.780566467092093 95
270.48440397308696 -25.672499047110694 95
