260.4264426302548 11.939764610351379 40
261.65468816940137 6.06628254974417 40
261.7361314859064 -5.782514573463717 40
260.5545594037568 -11.87443467766688 40
268.3052339540685 -18.247110945367474 40
271.45693041427774 19.0565095192683 95
260.4264426302548 11.939764610351379 95
259.2553329239851 6.010655161762938 95
258.24999039704005 -0.07042676145216446 95
262.027920990765 -6.146431587305907 95
260.2917231695127 -12.146994461420364 95
262.03013025841216 -18.394740056863093 95
268.9963878393513 -24.939242758778228 95
