258.67503511031936 11.930159708698119 40
259.1287185074639 6.078424522813949 40
262.04999025573795 0.0714630508145815 40
260.88153609391384 -5.977175359643819 40
257.7292757905859 -11.816107669622076 40
261.68575596181716 -17.940321253875627 40
268.99893270883547 16.010928346207518 95
261.0531952367083 9.472585798242928 95
260.4286066437327 3.338164406371905 95
260.8867187597139 -2.6324845279593587 95
262.72712880597544 -8.815974952798818 95
263.23003033090487 -14.87526914011662 95
264.30978075660903 -21.091758968689188 95
275.7843321113624 -28.22592402189474 95
