258.5768760512916 12.420338020963294 40
258.49004611393497 6.627720951863725 40
260.3988283691025 0.7811427518007947 40
260.72332718484756 -5.19107760131899 40
257.7575005819426 -11.183509902970808 40
262.302748187073 -17.33591412383415 40
272.2906941342907 20.010709954075903 95
261.1530054037323 12.972408935820374 95
262.3350735067106 6.86948565969368 95
258.82361409609405 0.8470013200557996 95
262.1230497735113 -5.218946486917257 95
260.78273321407016 -11.243517349970704 95
262.74225804213734 -17.508896707643196 95
270.02936004602043 -24.069788389943636 95
