258.21897894778476 12.050266020444955 40
258.6255086712175 6.20775841620801 40
262.7498436753533 0.28661573125576545 40
259.8881389394224 -5.670779364734022 40
257.7388565676204 -11.605249468046404 40
265.14734639608366 -17.887067929519127 40
271.8549918568227 17.222758272903413 95
260.94585712055795 10.323863211867538 95
260.73891884756677 4.337836235035821 95
259.3194456900503 -1.6972660383831966 95
262.96090660916923 -7.747078177207543 95
262.5071961790317 -13.900992022994114 95
262.39955101169596 -19.859459430215114 95
273.8425915434881 -27.046546577083216 95
