262.46925457755657 16.700012021007787 40
258.16173083788016 10.495777998314805 40
261.3063760668548 4.774968775546396 40
261.72218740587715 -1.2133608214068732 40
258.4000005342597 -7.189556585394317 40
258.5420433647805 -13.125450002340866 40
272.2661656536881 18.21814110271553 95
260.9732546175458 11.465644304861675 95
261.29533684643513 5.345039037088966 95
260.19903245357045 -0.7095845444961149 95
262.28879763760494 -6.725121472474474 95
262.4335061179091 -12.892531429528603 95
262.7571554293051 -19.093972103781624 95
271.0178724194699 -25.872288828473508 95
