258.9119196493909 14.631250406829702 40
257.6073594299202 8.573847884345223 40
261.8351904285954 2.784879390774834 40
260.3053980062753 -3.1945882042302998 40
257.7129626059931 -9.140269681032317 40
260.33930608314625 -15.068056714317247 40
273.8458081689276 21.326719703388996 95
264.4351268421177 14.364689937243067 95
260.6989657065748 8.107398135167255 95
259.8674239427748 1.9843382640455072 95
261.6955607164111 -3.9254460030920626 95
261.04003632562166 -9.82853295859154 95
263.0290757020118 -16.159547034039456 95
269.2350276857926 -22.815342798881936 95
