258.6551681653965 12.353399585962936 40
258.6720693376429 6.350042880302727 40
262.9996479349259 0.4303325516689763 40
261.2173992497408 -5.485977962178683 40
257.9542508124357 -11.262525817728909 40
266.33429119110417 -17.74826641484006 40
273.83934099173086 20.42487026187772 95
262.92537548625364 13.563648123293683 95
260.84905276369466 7.257697450517808 95
259.6222099732576 1.203625191550297 95
262.95478048293904 -4.876824906570101 95
261.37528735002206 -10.840625567438265 95
262.40098593151833 -16.98308223400914 95
270.07481612629135 -23.554271254910827 95
