259.3021513403502 14.36956193716858 40
258.49110577902854 8.320989011834062 40
262.7380314839139 2.5078500668606396 40
261.37666240641533 -3.4928998386426677 40
257.9552340720656 -9.3601730660198 40
260.8176429574428 -15.45259677607273 40
271.88115085393486 17.59665622611096 95
260.4760604440013 10.80332983727601 95
260.9077333099078 4.696509244749343 95
259.19721454046555 -1.2016548855079652 95
262.40043438274853 -7.229248629345149 95
262.408416717634 -13.393481091356927 95
262.7202271823434 -19.595528297493267 95
270.77611271622914 -26.29637393801613 95
