260.6985196380461 11.453574050544303 40
261.98763919629016 5.7165906233068515 40
262.0995080629163 -6.291144425084168 40
260.035337470527 -12.277169526773994 40
268.4246554904407 -18.696522399585753 40
271.6124554350161 18.62086336777649 95
260.95414465732335 11.892645255146961 95
261.0862900593753 5.768157680903068 95
259.8747584154062 -0.35434945220036296 95
263.4491193373892 -6.323538989683647 95
262.13300080938455 -12.376207483198893 95
262.54880520198475 -18.503104793797704 95
269.85396491436035 -25.167205744761816 95
