261.4369167453675 14.70241689912883 40
259.3040554206765 8.70111156064139 40
264.410801887558 2.740158787105929 40
262.65342388229016 -3.3666820328061506 40
259.0396258309109 -9.116591982845959 40
261.36670915609784 -15.056006937822701 40
272.93627213467744 20.432360441840736 95
261.7020022644489 13.500537425539878 95
260.97201452579077 7.33234337374225 95
258.44615585073353 1.40961908981126 95
262.9574012665482 -4.733404603830747 95
261.0564329925964 -10.684775064643109 95
262.539537941193 -16.776371557190014 95
269.64499990598324 -23.59088066822219 95
