260.1583132992774 11.216595797078615 40
261.99664223177376 5.287906889869493 40
261.06420010694814 -6.693722620435642 40
259.1478095920278 -12.518597511467778 40
269.116868369353 -19.18726554442566 40
267.99298286636935 15.657702078716971 95
260.79103631063305 9.107023664517593 95
260.3053980062753 3.1945882042302998 95
260.88524415818426 -2.774775761137501 95
261.1232108885973 -8.904738077514697 95
262.7267681071663 -14.918707047302632 95
265.3390406786853 -21.39236994152326 95
275.33839169926966 -28.407922424203413 95
