260.6290504923628 14.371801016204898 40
259.94035509127445 8.367641246023975 40
264.2886389969256 2.4505707810090476 40
262.07563507424385 -3.573723608755185 40
258.65477368988815 -9.385556586199375 40
261.7202863501779 -15.43445294725 40
272.4317643419921 16.811789836577976 95
261.0900009224875 9.83041419755465 95
260.49675159915284 3.83640864471841 95
261.14005620820836 -2.27893474539873 95
262.6957616068556 -8.241204935814242 95
263.00439303043214 -14.430843589131578 95
262.51888135053645 -20.588651229815 95
274.6632129421727 -27.884136731888923 95
