261.01746402675224 13.179756182990939 40
260.1532327020475 7.096338117249376 40
262.8214719259254 1.3618075084293015 40
263.88353700556956 -4.678089613313212 40
258.8611530404405 -10.524213584569335 40
263.3129605085385 -16.825793539350748 40
271.90197000479577 18.41722923002065 95
260.89832689586405 11.462352417320583 95
261.09242680727135 5.483353343498809 95
258.8243840424031 -0.5646681066159739 95
262.46374014198443 -6.729607022765995 95
261.3383225716626 -12.767288491674005 95
262.48370612081266 -18.714339985231817 95
270.8398380957325 -25.631710833992763 95
