268.13030776558765 17.867951268437523 40
259.00632568166134 11.237693574981325 40
262.5671016284114 5.514323843906468 40
260.24307177569654 -6.530636856360727 40
260.1534603154181 -12.424958185610315 40
271.97397189041766 19.540067531876524 95
261.0455965961706 12.610273500181465 95
262.59588720102545 6.446367202254713 95
258.9495281796645 0.4943233042436188 95
262.24066158901263 -5.579015088431982 95
261.3415918375433 -11.624645191097667 95
261.3310205260365 -17.629615305509898 95
270.30658077325654 -24.61469105373767 95
