260.69287754958106 13.163366587584846 40
260.1532327020475 7.096338117249376 40
261.5221895551515 1.212433618556194 40
263.88353700556956 -4.678089613313212 40
258.73337794826466 -10.589694777491463 40
262.21519944520935 -16.755646209832403 40
273.08643149699304 21.41743582313533 95
264.23542128045085 14.353841497754905 95
259.7516179980835 8.007032682443306 95
258.81633814117134 2.117483457986662 95
263.2464534200824 -3.8769042738231763 95
260.95969152084575 -9.968044007979708 95
262.825038817934 -16.218957899676823 95
269.12287215607114 -22.658007579374722 95
