261.4494514838116 15.776246188940622 40
258.32223208743005 9.58511394652853 40
263.2464534200824 3.8769042738231763 40
261.2656635140268 -2.2087764883138847 40
257.9980727281255 -8.093830587110052 40
258.99315028669605 -14.069069961190857 40
272.61856663524196 19.287486247464756 95
261.1874110272055 12.260177237937041 95
261.5263757872114 6.206026716529427 95
260.2499903226705 0.0709721769611376 95
263.6574455853342 -5.9688367724820655 95
261.3721681274959 -12.05455218297313 95
262.69353299283506 -18.225349070519236 95
270.16187685100573 -24.824389143381133 95
