263.9933553202969 16.363323217838094 40
258.55327380806136 10.087968236154293 40
262.06607448363565 4.216942581720072 40
259.0105290928934 -7.701392342908813 40
259.76104386522354 -13.75557032803153 40
272.1555766806364 17.61441757851359 95
260.9946664835027 10.96743781223222 95
261.1787549879972 4.915136612520597 95
259.12187810534044 -1.271971761124748 95
263.62496974320135 -7.262985122948949 95
262.6118022318456 -13.332060176207165 95
262.80567108465834 -19.457771474204673 95
272.03462741698706 -26.26883107603039 95
