259.3138206306565 14.157416075390074 40
257.9436453031389 8.232950426697425 40
263.4405857918682 2.2271635856676113 40
261.24872987995593 -3.704964387117685 40
257.77261031703125 -9.56472008706774 40
259.5279464953365 -15.660299738950124 40
272.1165003312949 18.208126549658665 95
260.7078028242951 11.240286763623859 95
260.8968662101941 5.265709990123614 95
258.99903691573695 -0.7063120561990132 95
262.5405414784178 -6.6599328239243505 95
260.7175307979519 -12.665692228180944 95
262.47859281595413 -18.785920615092166 95
271.6611682425032 -25.709439786163472 95
