259.3714308610041 14.018678722168366 40
257.8753307861451 8.01958676842036 40
263.06498291010683 2.295733326236513 40
260.9227437394922 -3.771511561068819 40
257.3978682008502 -9.55081518289032 40
259.2369841277392 -15.500840633793766 40
271.94635368210317 17.749826590940664 95
260.7978217494163 10.887919716809328 95
260.97879039426533 4.911373468401509 95
259.37221265985056 -1.2024661879920084 95
263.10016887443584 -7.248526625690213 95
262.66173792346603 -13.334595270365242 95
263.1350869946724 -19.41001010577204 95
272.6639036377295 -26.254547759102042 95
