258.1228989393677 11.410945102705393 40
259.51322817926746 5.662598782844593 40
263.9249116741538 -0.21592311160718758 40
260.3267135129582 -6.177558704068081 40
257.58806357519313 -12.161625244278373 40
265.3122381066913 -18.40703155911741 40
271.73348641759037 19.746261908048403 95
261.0816247156836 12.89748951614072 95
260.9873901377101 6.762973762088619 95
258.99883466819335 0.7769430595832452 95
263.3963571683297 -5.316157489547736 95
261.11049187191037 -11.186310133776104 95
262.41797727174446 -17.48728694241036 95
270.06599195888737 -24.22152941624865 95
