261.9072149037951 15.660504664195622 40
257.77778872148826 9.424125522283088 40
261.32372233901634 3.7060279114840275 40
261.01443007648624 -2.3490246586797636 40
257.9458809004819 -8.162606904317892 40
258.44012177408416 -14.109715886457199 40
272.01076189844673 20.73608958860153 95
262.12892561657657 13.952646885063691 95
260.4619908379142 7.6734577440889 95
258.69445907651027 1.6931754521509288 95
263.1147741909012 -4.305589677509237 95
261.1899866597455 -10.476204879724683 95
262.7981487911081 -16.648982460397228 95
269.2783912577003 -23.188868593893456 95
