264.0456478359723 16.728014941459087 40
258.1174571686257 10.352967197991223 40
261.56015705291196 4.565549523992102 40
258.7688783906834 -7.411693560024043 40
258.48491178589586 -13.263898523346151 40
272.0166859399193 16.637253236737536 95
260.46275935960836 9.877929275853049 95
260.37070975471755 3.905573174916178 95
260.76627288231026 -2.133436680219804 95
261.221486905552 -8.1949544753176 95
263.0083186527336 -14.359119731451235 95
262.72946790831577 -20.460995029891897 95
274.5615626113391 -27.6468956018522 95
