258.8946805203683 12.577137919910363 40
258.86310323148535 6.707927054266039 40
261.5988229698818 0.7847424879812273 40
261.59527409936766 -5.351174532445821 40
257.6326180719708 -11.178091535769429 40
262.62704069553064 -17.35734701813879 40
271.81366550859036 19.677572710681787 95
261.0316856137869 12.895022513555247 95
259.537876719345 6.7254124791042615 95
258.62403831016394 0.705289403612668 95
263.2228318074614 -5.240843468458611 95
260.7016334217858 -11.382479132984189 95
262.5771495403833 -17.354049649784592 95
269.6741767112296 -24.112256533151257 95
