264.56501668635076 16.833358124597584 40
258.1674169977496 10.354971062734238 40
261.3089415417472 4.632447553050088 40
258.84785276818354 -7.272662325502938 40
258.7845175949784 -13.27927250019055 40
271.5980097816527 19.88533901258092 95
261.0816247156836 12.89748951614072 95
259.48418746519417 6.865644946250988 95
259.69860941082055 0.8498647457466818 95
263.09927533285537 -5.166606171014704 95
260.90761719702874 -11.248901660549642 95
262.377584919794 -17.340860176366608 95
269.2823219787592 -24.003199156109325 95
