259.578752655316 13.887896525761679 40
258.20451485289385 7.888861424927745 40
262.166801209288 2.0733954494197464 40
261.6955607164111 -3.9254460030920626 40
257.89226672307325 -9.710014903966819 40
259.5150475896854 -15.872620279063067 40
272.13178493387517 21.118573074502514 95
264.1222545771536 14.130981462065915 95
259.32899014258516 7.923217252289666 95
259.6929601678022 1.9121818125664056 95
262.84097416972804 -4.229411603090123 95
260.8265441381612 -10.176664381999887 95
262.56663675403763 -16.34676997676508 95
269.17897547438713 -22.884528890918347 95
