262.051897094576 13.017060118695346 40
261.7065109523777 6.995864859545568 40
264.09834033879446 0.9362853701119732 40
264.57539804522804 -5.123414311682085 40
260.0145280259964 -11.068320352172687 40
265.0704007912514 -17.155851752837656 40
266.23364081055155 15.33636611972386 95
260.6235013662768 8.887697147311142 95
260.68448965353906 2.843739452532449 95
261.83028317658 -3.2133023001163705 95
261.11334197133965 -9.18957395956049 95
262.997294787392 -15.437792410628541 95
266.6040452807736 -21.56753729397987 95
275.72994766384755 -28.752331840946265 95
