260.7463946739799 13.094781003174296 40
259.2246813870286 7.212501978751911 40
261.72184678097534 1.2847344300184806 40
262.17991373436763 -4.862454034698479 40
258.2337962183008 -10.569247403911609 40
261.7661153738474 -16.726949575030165 40
266.3415382398033 15.634097609245293 95
261.05832290175783 9.330201965741518 95
260.630373534373 3.198576454172252 95
261.1344628807891 -2.848648093705356 95
261.32551522974154 -8.840289300137382 95
263.2967561909708 -15.023109009537944 95
266.75201708643624 -21.28664793521074 95
276.4574512753595 -28.52338092394058 95
