260.77322435994563 14.023122224293425 40
260.4512856559908 8.02860044724358 40
264.04116328088975 2.1602299124193696 40
262.4725818417961 -3.793913718263854 40
258.89155866039016 -9.747639683212892 40
263.36661275572595 -15.96401533372744 40
271.27709373389206 16.443510582997014 95
260.5259527803528 9.524595943629079 95
260.37381785758504 3.6925566028343866 95
261.06310778178056 -2.491862820951152 95
261.3873000412581 -8.48557612312302 95
263.03841683505556 -14.720522032440039 95
264.20801637262224 -20.79362184527208 95
273.775384593933 -27.718575278034763 95
