266.2889497143865 16.50561298494988 40
259.37487708218566 10.19086667566065 40
263.8158479683604 4.245098436425846 40
263.8443487720805 -1.7268818826838976 40
261.1137970600047 -7.621391599089961 40
260.9169316930013 -13.6740769673753 40
272.38564056986326 18.673870416849095 95
260.888861968836 11.675795502047745 95
262.56250236186116 5.7291341822002195 95
258.8746534568591 -0.42358303921948615 95
263.64557096065647 -6.472135492205214 95
260.97752099793 -12.464315415416772 95
262.5386742731056 -18.64630019387652 95
270.9423108522877 -25.343240026135597 95
