260.95325169465593 12.96248645073706 40
260.93178770566993 6.975155175564382 40
263.8477924842919 1.079305872325693 40
264.12686739142293 -5.042672604254137 40
259.1462977094785 -10.88976622661586 40
265.7985684805511 -17.13019245921552 40
271.7308982062748 20.78929015168932 95
264.0012750852664 14.052308648528344 95
262.0570470326618 7.863505930645101 95
259.7444365872576 1.7000476370163955 95
263.240922394808 -4.2358472270219645 95
261.32056398029454 -10.33868782877137 95
263.1315512244731 -16.526017372691047 95
269.64600635194057 -22.99830175141696 95
