260.7420100834115 14.592007321205841 40
259.3064186385754 8.630397026549662 40
264.0358220229165 2.736272771994971 40
262.4034444172837 -3.3634778051145333 40
258.6623656674597 -9.173942026924454 40
262.62713342361747 -15.344198079189905 40
273.96007375880185 21.78666131080771 95
264.5441085776888 14.660051733742034 95
260.7603108725838 8.536408708201568 95
259.98947158274655 2.339800445385971 95
261.3747184482819 -3.63545816663495 95
261.05060228249965 -9.543776660431423 95
262.9260902428996 -15.793386893969796 95
269.53993628092866 -22.471056376434863 95
275.6745584277913 -29.27863488351694 95
