260.7420100834115 14.592007321205841 40
259.9857258172896 8.511051419013784 40
264.1608153111303 2.7375681103668814 40
262.5284341497869 -3.3650799189599248 40
258.587412794186 -9.171283683828184 40
263.0805491865898 -15.29870140509719 40
272.0869975765807 16.71603271598195 95
260.7125797695063 9.88740359896474 95
260.62173804555874 3.838249355130894 95
260.5650781024464 -2.273916987489567 95
262.4163676231294 -8.37570913311804 95
262.75869040799864 -14.345491106041218 95
263.5712942495639 -20.598870663456722 95
274.9022422864599 -27.756930411637903 95
