260.7538608795347 14.378683403435602 40
260.1902256623513 8.375684734677074 40
263.91228117959065 2.591036006060007 40
262.97555140986697 -3.5859950747898592 40
258.65477368988815 -9.385556586199375 40
263.3881354676922 -15.604890094218044 40
272.1681149486799 19.628622730140044 95
261.2203927676048 12.618717341246965 95
259.541506259245 6.5838555332169175 95
260.39903170987606 0.7101299592094084 95
263.5448662434295 -5.391055252254193 95
260.97946933921696 -11.323303776757356 95
262.6079505193644 -17.643818294775848 95
270.1340748530702 -24.30189762705504 95
