260.87078635527655 14.527850886475212 40
260.25824541817667 8.591023911741441 40
264.08727274615853 2.5927540369403546 40
264.0283109398257 -3.3843052850922932 40
258.9571292342502 -9.32581598337838 40
263.07216590946086 -15.442187303134897 40
272.4901562305341 20.025368472492314 95
262.29802624245696 13.100994401623364 95
259.7322162268966 6.943088568111724 95
258.82337348802906 0.917584479056428 95
263.5505901737255 -5.103569249160838 95
261.2384196564742 -11.120419074291773 95
262.5865756502385 -17.21083345691228 95
269.2888578226135 -23.92976290296767 95
