263.1756404424467 15.808376820787064 40
259.2689456001688 9.6910446999642 40
264.47237294154314 3.822819727545248 40
262.6649981408812 -2.2922427120357525 40
259.37016794991786 -8.207677968304894 40
261.58932258836506 -14.210099674536846 40
272.1863560094324 18.28736181920536 95
260.9732546175458 11.465644304861675 95
261.4188426505504 5.418886624276409 95
258.9492200522532 -0.6355582819371017 95
263.8864169744404 -6.838096328055846 95
261.86269719176624 -12.7929060206557 95
262.63767900210826 -19.013289914834736 95
271.9208680557835 -25.883663106082412 95
