171.0832901943964 16.991569711476163 40
165.5219476644575 12.255018007517963 40
169.4294496523182 8.647779513411049 40
173.40523473397172 4.919369050616791 40
173.82268791671223 -3.0815037577888735 40
170.22084615726857 -7.245975331417503 40
166.7581742437589 -11.066930373330292 40
168.6562943186736 -15.033629358639754 40
173.8025530327815 -19.56227387823756 40
164.94209069604557 22.90594555606649 95
168.72649276142357 19.503669922075613 95
161.15418453740608 14.719355661294012 95
157.79425294315152 10.601709207138239 95
155.82654636123027 6.803533944308053 95
154.96843940440732 3.1277449644339335 95
154.7495338987688 -0.3798132617565321 95
154.92078186427221 -4.099020805336798 95
155.88700082722227 -7.658237270651779 95
158.19225063471256 -11.365378969673014 95
161.92229777777914 -15.36853871922186 95
164.52610867976628 -23.35144937030112 95
163.86667581397413 -27.14631757122705 95
