171.2518477748543 18.282649115982423 40
165.1494597971171 13.496144957742862 40
168.29068809080493 9.786466518790442 40
172.19006234461816 6.154057990993655 40
174.88906754269337 -1.955518869056791 40
170.26794378670314 -6.0388694014770055 40
166.60784464490365 -9.870972737255803 40
166.5796922024564 -13.79596483522935 40
173.0567328006344 -18.33215364788972 40
166.61898205934727 23.370436827473146 95
170.14534337634908 19.855783221627608 95
163.6356447237063 15.036003486863668 95
159.89667875556546 11.005805192692797 95
156.09375716113584 6.98580527357808 95
155.49159767942197 3.223146925099505 95
154.74942456644902 -0.42201463589401766 95
155.62600671730166 -3.9053371463142574 95
156.0659484232544 -7.581704475254388 95
158.66291483448927 -11.44268680090511 95
162.01343888436628 -15.466354478729306 95
165.8938797215655 -23.49942916172139 95
164.90481377052208 -27.456930278336444 95
