172.50891344184748 19.65490799045293 40
165.58536294731704 14.850928509870666 40
166.21537293657155 10.939854869075678 40
170.8702580428282 7.273619551317604 40
176.6909345741929 3.469764300105454 40
171.1061597093968 -4.854146114652464 40
168.07650059571355 -8.670637087267425 40
166.22803095395705 -12.535219390593063 40
170.66498683906883 -16.90302538661252 40
166.23104161539771 26.467837623423463 95
167.06605999578278 22.50471556108874 95
171.33395805851958 19.14248719475746 95
161.70344020736627 14.19165424123354 95
158.63197854494115 10.049770291769482 95
155.84968695200385 6.251056067769836 95
155.57775935300697 2.630740332653708 95
166.75800595982986 28.04598809636331 95
154.97139832292362 -1.056563693179244 95
155.55750676062706 -4.5828719617144 95
156.50797116993115 -8.245033976400594 95
159.93261562163644 -12.235949510433922 95
162.95711589078286 -16.094746986453682 95
165.2389531315074 -24.18859995955737 95
165.09283592501225 -27.99746463944529 95
