170.48622767226965 16.93227093685414 40
166.1101919285126 12.435222654730014 40
169.99654631368077 8.816170734541956 40
173.95767927649726 4.840087368562244 40
172.61943553900932 -3.248534160787595 40
169.22175094871525 -7.20344576234119 40
166.5057032594006 -11.095783302337328 40
169.54447162530553 -15.206010860707995 40
175.23267061594706 -19.820031503582463 40
166.17561387487385 25.85528917472849 95
167.48582994914958 22.003463164796464 95
169.36761547672583 18.268369596872546 95
161.92711922747964 13.632976882896505 95
157.59352664292197 9.423162168117733 95
155.8724169855319 5.655992228465678 95
155.1872518760119 1.9891845493152078 95
155.5662010728613 -1.654602296048156 95
155.51247262847278 -5.218319363406841 95
156.8722912363234 -8.907854245896024 95
160.95980190470922 -12.888669279516881 95
164.99446886350393 -17.068710245658103 95
169.68691828760882 -21.351823974882564 95
164.41717983794317 -24.61815334539641 95
165.17397432166058 -28.706805931475763 95
