172.47966094348544 18.55645940960462 40
165.66769635524676 13.902405703537672 40
168.39093262039404 10.207047135871854 40
172.63638425549377 6.26429015846991 40
175.51654126758606 -1.7231849766516802 40
170.90223961864731 -5.781391988998524 40
167.15052361241675 -9.58295784687101 40
167.32095592564116 -13.627667927039264 40
173.23568810298727 -18.064523035068284 40
166.43876260163353 26.59399939153702 95
167.2767203858398 22.81182680009575 95
172.18245781854847 19.42747653617891 95
162.0076555200488 14.44098517751508 95
158.839848551824 10.32391093692765 95
156.31737271376247 6.440612382892847 95
155.75052752502646 2.7611230823663204 95
167.44831112938562 28.162086213852746 95
155.67291027135332 -0.8066180305312644 95
155.85862305132065 -4.549202737441438 95
156.88693627307023 -8.179194755573477 95
160.1767947081935 -11.991040905994407 95
163.23078432968342 -16.12177633253802 95
165.0673180421204 -23.979585367171634 95
165.4778369502166 -27.96991425223767 95
