172.93665464332665 18.748759446287895 40
165.80573133573608 14.05060341130243 40
167.5702077611716 10.111433917985751 40
171.22867345926028 6.447005923838502 40
178.53064004617113 2.6292707552621613 40
171.3801045906715 -5.703978917430879 40
168.20142572480353 -9.597187564250511 40
166.5558873405637 -13.47391525123471 40
172.27571809260428 -17.869441952045854 40
163.3025330426131 24.633416366112492 95
165.68387232199308 21.12356687184938 95
165.54763441457285 17.30847306202764 95
160.27993140921336 12.922212947396574 95
156.42783628443937 8.79702565465338 95
154.86841465019765 5.027588262223144 95
154.64295554324374 1.4760761668501252 95
163.1981558569513 27.355758989474833 95
154.8356050791555 -2.111373906203826 95
155.6163289789412 -5.816681194456819 95
156.64522038600495 -9.366459054517007 95
160.6499933175948 -13.304873056769079 95
165.5037936911711 -17.486420412144955 95
166.79548221053946 -21.49645875844697 95
162.63488654747002 -25.031903197550758 95
165.72718042185153 -29.31538281215303 95
