170.79570041634128 17.104128720616053 40
166.57360819496031 12.606964460640274 40
170.27117724472063 8.830413336697786 40
174.40072635484475 5.090409797114229 40
173.4968937444022 -3.1230571630392245 40
169.45045625649178 -7.120595092179272 40
167.00058944909523 -10.808590271387715 40
170.03820644189756 -15.01660247934368 40
175.88066837242752 -19.650473731393145 40
166.53536501493684 26.14388694019603 95
167.6230742212156 22.30056027611963 95
171.58354285436786 18.933527049741944 95
161.82987036940324 13.891496723612779 95
158.77029488686668 9.841193349253624 95
156.0062990271829 6.086894843940836 95
155.65684687996693 2.3773187389426895 95
166.983871967471 27.7562988842398 95
155.6194388455475 -1.3156285178196658 95
156.24946157032613 -4.859154657260479 95
157.46549677880063 -8.596936908313635 95
160.71677498201385 -12.472298881149829 95
163.55929442250547 -16.604734505922405 95
169.39910476780156 -21.034098598879684 95
165.1677477513693 -24.500320972184056 95
165.9352192254844 -28.559475583253214 95
