171.4848315422341 17.740139540927842 40
166.48161534410158 13.148070292579096 40
169.78949108751078 9.409102839489899 40
173.85530641509922 5.738896349644351 40
173.95750753369185 -2.467022023725762 40
170.42923990940673 -6.416906100441525 40
167.3067393215843 -10.324514641349626 40
168.86191935887342 -14.402354510194721 40
174.25908125583183 -18.84405011862904 40
167.03784947242065 23.80089218136453 95
170.37186595611757 20.070620085854443 95
163.83065995067147 15.369364337130273 95
160.15584815071125 11.243078009438571 95
156.45671479661908 7.258582509650064 95
155.8610219136271 3.4859500914170574 95
155.7499768339053 -0.08494844298184581 95
155.85510940024278 -3.740972311893638 95
156.47970232947964 -7.30241459227323 95
159.03664871267247 -11.120925826657366 95
162.55287919590637 -15.070632538850848 95
165.52964547530397 -23.217643481201648 95
164.8236833959127 -27.027837812224938 95
