174.33630968180756 20.393056453825025 40
167.50663462622572 15.529906026635203 40
166.65880874350574 11.425583932367335 40
171.62186640684524 7.8214430274064215 40
176.62641335766273 4.143154523797529 40
172.62299351836708 -4.23765663519339 40
169.84743647357624 -8.29763962548862 40
167.72097808095265 -12.003999815419716 40
171.5291233145487 -16.280351806467387 40
165.9199922019391 23.133996903009884 95
170.55887248620505 19.76261663430347 95
161.64807938528594 14.80891812551784 95
158.25649089953433 10.806188651213038 95
155.87463700527357 6.848223380862916 95
155.41661378727628 3.22159260251833 95
165.29391703656165 27.707056695186377 95
155.29916843088347 -0.5082171544615073 95
154.97187680433575 -4.058081411428199 95
156.2594498346163 -7.719251089518575 95
158.95270530306576 -11.594313340458402 95
162.86382578775832 -15.50271749644917 95
164.98359824909707 -23.508185995106732 95
164.58422717279262 -27.4035520678358 95
