170.76449995092835 16.912881378091445 40
166.56908154032845 12.33254636364347 40
170.5030521184322 8.702576819493407 40
174.77968175953282 4.958361023204715 40
174.2423334693703 -3.3741446543910136 40
171.24292445703247 -7.3362676752604035 40
168.4793880093265 -11.181158974042424 40
171.7770477711883 -15.500693017245718 40
165.46744609120236 23.300950282231785 95
168.84333351650682 19.797189877193325 95
163.7394503465236 15.270720356890072 95
159.83469995288033 11.176731005652742 95
155.95725201993395 7.235410658063037 95
155.33709484195074 3.431849510512199 95
165.2627581242172 27.284991793593672 95
154.6248562577477 -0.21083707184800393 95
154.92832442744424 -3.803276890338502 95
156.14292285401325 -7.542762597726906 95
158.35418021714108 -11.20339715252491 95
162.20860774975563 -15.26182154547472 95
165.36842308336801 -23.28700596728128 95
164.5795114033371 -27.126083872148325 95
