174.38597107183227 20.39886561390309 40
167.73067381654167 15.550677189399291 40
166.99222201349457 11.677233704766552 40
171.1409204311621 7.939834946309911 40
176.37871241758478 4.041092787220137 40
173.62612123411293 -4.1201517201577085 40
170.25370747635984 -8.177872006462998 40
168.27937135516032 -11.905594328383868 40
172.86155912567943 -16.264132366629234 40
165.7344862676224 23.015987630498973 95
169.20899296148687 19.465927307978156 95
162.53155693355856 14.755778554634457 95
158.8888613869288 10.718779182599627 95
155.92830195087868 6.765373287232826 95
155.01927669450913 3.086479079990746 95
165.34386352597923 26.789117087025318 95
154.82387160429602 -0.5911061296104438 95
155.44559819257512 -4.1129068251640915 95
156.13249285682554 -7.755662403258957 95
158.86836974891534 -11.718834981427019 95
162.0917336882285 -15.696890454622405 95
165.10633356197425 -23.709462619850626 95
164.67751668961745 -27.60373384056532 95
