171.4294707587358 17.545431894933646 40
166.3961604929244 12.95869488848874 40
169.67231794633923 9.263376690838268 40
174.1128449205229 5.509739892404074 40
174.80604394327565 -2.5744175849272493 40
171.47315691691398 -6.596700459122867 40
168.49589736165353 -10.536280049956732 40
170.1870828761603 -14.749150724802607 40
177.36450214731738 -19.424572145461738 40
165.86457323411076 22.987950014438226 95
169.40400139285816 19.301147947428106 95
162.585371342571 14.715961585920757 95
159.52119435863176 10.630342205010631 95
156.03549973335248 6.599503614890852 95
154.97175904483979 2.958698793070355 95
155.29902406139638 -0.5505684133963537 95
155.31489393814545 -4.321382415689321 95
156.17170757077076 -7.971096501088328 95
159.46994594660958 -11.719485474431663 95
162.21186167957157 -15.75317604318372 95
165.52573304116666 -23.954001778083594 95
164.73639796327365 -27.705986466573034 95
