173.4668399102428 19.859895557484442 40
167.3614283354208 14.918208019993703 40
167.75597932524735 11.133149852004234 40
172.02120804603786 7.275617319634452 40
178.13872058632433 3.595393284116254 40
172.60820151742087 -4.802540361249376 40
169.93115858432603 -8.626925419211727 40
168.07279314510774 -12.67433250320595 40
173.60997556796477 -17.09909013049166 40
165.869901514213 23.311494410811157 95
169.84195388456968 19.867327466765882 95
165.4321050475822 15.428581254467996 95
160.10219307866208 10.9322182745686 95
156.11489816618803 7.0720715183560685 95
155.68977135321765 3.312207871316003 95
155.57471653427808 -0.29698531785690513 95
155.64884532510752 -3.9908581734708073 95
156.37378824767006 -7.425688457836399 95
158.84057953075646 -11.411958391679796 95
162.45333403936522 -15.329542866453064 95
165.6718479004647 -23.28365979061888 95
164.86067160279978 -27.26479339136468 95
