170.43905995819387 16.646000737930947 40
166.61067684367214 12.10722353363713 40
170.4648214830558 8.467600707988257 40
175.7135049665588 4.649171686130584 40
173.91361715874262 -3.557564723557057 40
171.1099404138967 -7.517573847507146 40
167.93707727179915 -11.421195314228761 40
171.42781828197803 -15.752003652904573 40
165.81271017006 24.411168469773884 95
168.61659499981243 20.84355753390563 95
165.9788793766907 16.530323676745084 95
161.7125106795432 12.239056937469835 95
157.11607520036029 8.105216754333394 95
155.91227259046687 4.423107581322956 95
155.82268228067537 0.8498893196757656 95
155.82551574241933 -2.762452462762859 95
156.1959654503401 -6.350275744891775 95
158.3187542043559 -10.246685668094909 95
162.4544503913114 -14.212922748574192 95
167.5478674681472 -18.58070859456622 95
167.31352805495257 -22.35225558650839 95
165.04272171344752 -26.140199108222482 95
