173.1920804057264 19.39790993216553 40
166.4561660122626 14.654514543241225 40
166.3020509811277 10.76337955618045 40
170.82619509091637 7.131738621134483 40
176.34555989589253 3.2224416215315266 40
171.70187573923747 -5.011635723738706 40
168.69107691740706 -8.886855093083001 40
166.63104159756983 -12.83984427899928 40
171.54664610639014 -17.132081299390993 40
163.40591160693927 24.78575552419469 95
166.17560900476224 21.416570031085367 95
166.0697882629817 17.36306572263186 95
160.5255874099209 12.986080497973344 95
157.19187661803804 9.012015606927754 95
155.3361438171243 5.254811987661464 95
154.64169617816336 1.602592630900331 95
164.72126218985198 27.795832108106474 95
154.9361661816146 -2.0704851950951695 95
155.12443949980315 -5.586492179526942 95
156.67778751849116 -9.239772633053954 95
159.68550901148794 -13.137307058221698 95
163.99195385548754 -17.28146610272542 95
166.80718190043402 -21.40548274240779 95
162.50703844997267 -24.876142269634613 95
164.43036131113465 -29.039746970139248 95
