174.46329285384172 20.166806182305102 40
167.67284993992004 15.360859937681079 40
167.56913199331044 11.304357699953949 40
171.85298288412412 7.691092173998527 40
176.68294423569694 3.855235557732658 40
173.0205306734992 -4.341841828156547 40
170.06761150903986 -8.401377304364377 40
168.1930355188611 -12.406663651084083 40
173.16949983487132 -16.721990071175885 40
166.40837806338567 25.65915694860817 95
167.58410399644413 21.830439475855755 95
169.78518221835606 18.12606959822327 95
161.94189415588622 13.456333720733502 95
158.02033972653737 9.405436338081996 95
156.00039890885023 5.5754408148236765 95
155.6902676752279 1.7408478439800141 95
155.1388309376935 -1.8616216816918993 95
156.0798624097073 -5.450428897512538 95
157.4664257832966 -9.027755869182005 95
161.490262897108 -13.152779722284624 95
165.02548056616402 -17.253880401423395 95
169.57018571824034 -21.478075809566413 95
164.84632605213616 -24.958253386661763 95
165.96398889668646 -29.123948727817357 95
