174.187134634956 19.942360759541668 40
167.62306128775634 15.079765400067817 40
167.77788166632638 11.18056007363592 40
172.21501249985766 7.424964287716568 40
177.76281190471076 3.636303580618293 40
172.83571156266672 -4.714531644466399 40
169.84674762402264 -8.808402042456745 40
168.09772236390708 -12.676212410133036 40
173.63485518613157 -17.10154055899992 40
166.46453169089358 26.272329815444415 95
167.36951655857467 22.49912335956668 95
172.16432160265347 19.140193105037028 95
161.81462081854104 14.068017427903081 95
158.4627803742299 9.952279189641674 95
156.17781913820872 6.178900325540399 95
155.1562531841997 2.411995613702208 95
155.4207868081658 -1.1444006862457445 95
155.64842566813502 -4.8829511600103945 95
156.61908673722706 -8.507888668579367 95
160.20346579233018 -12.300616778263604 95
163.14996278019325 -16.42833740284014 95
165.1877367518763 -24.36518524027306 95
165.73528089368023 -28.245925229896745 95
