170.88426935368747 16.97180345326883 40
165.51523896978344 12.345294398088738 40
169.56729500132664 8.886645370051799 40
173.52471115595088 5.112202875846893 40
173.62271933699787 -3.0779587433983266 40
170.10375638891918 -7.055108955873244 40
166.94774093117738 -10.85088927122955 40
169.1376158461365 -14.983554514358781 40
174.19118038693165 -19.461713706851093 40
163.58478100592723 25.269448910548697 95
165.48991464934687 21.649437622069605 95
168.34356829920824 18.204357645624704 95
161.20837039320327 13.528190572570441 95
157.64086105394804 9.469136770046623 95
155.6506222296824 5.5629398264495284 95
154.9111684135956 2.070151138110493 95
163.84866748846065 26.638584088796016 95
154.892114740819 -1.562943094600509 95
155.43464691780346 -5.300581339605503 95
156.51553028245698 -9.016063742082158 95
159.6923510360504 -12.743352015025362 95
162.8198719579623 -16.709126865062693 95
168.11846548785462 -21.201039172857527 95
162.80812634251436 -24.558837448867198 95
164.32873299990237 -28.6060747158151 95
