171.37013833365896 17.633811627172232 40
165.37425477389954 12.879110333301918 40
168.49148262874124 9.337172032719186 40
173.11184487650357 5.525320212744665 40
175.1302988231136 -2.6269629093186486 40
170.42571468075914 -6.509859871953914 40
167.17632483626835 -10.407997609458054 40
166.93609222960453 -14.329815459697215 40
173.35404693741856 -18.841842675791746 40
163.95410474882175 24.503105130011186 95
166.71038997383698 20.97728532892642 95
166.15701351213025 17.005807411874564 95
161.41539140687343 12.83655101520101 95
157.27045374632587 8.500257550496679 95
155.7970132146183 4.930141823929265 95
155.6694370588312 1.3160512097143535 95
155.30557088196628 -2.4566802857829777 95
156.05791568420065 -6.046286240570893 95
157.54764135088422 -9.765408581987591 95
161.0477844178987 -13.647408511729534 95
166.34982691158234 -17.805198299558352 95
166.10370196803584 -21.775808079470472 95
163.9454008045723 -25.554083431579915 95
166.425685995593 -29.813531590475485 95
