169.37259661986832 15.982463491069485 40
165.78879720581256 11.683951431342042 40
170.06274683002863 7.982771487747192 40
174.47811425261162 4.045154119759918 40
172.42645895985964 -4.091683707696869 40
169.21368172103877 -7.942916240965421 40
166.50557827902034 -11.825735789752269 40
169.6463803910393 -16.008298479813508 40
177.47627315324547 -20.662238325859168 40
164.16795826747668 25.909872216744606 95
165.77045847962123 22.008083070912317 95
169.3522069639679 18.64056387112226 95
161.60569477554074 13.872253462028528 95
158.49313662089202 9.867403106757918 95
156.1328594567399 6.049189851699736 95
155.58185562564864 2.376173411142402 95
164.27824264709196 26.800400981761083 95
155.24514498995694 -1.2277854239439359 95
155.800994537571 -4.802679054837346 95
156.89135181591027 -8.565591069871877 95
159.71977265582268 -12.39492730000128 95
163.05939647962674 -16.329385925376748 95
163.7829006374186 -24.29489830794655 95
164.65405643413692 -28.338971837101877 95
