170.00022073858457 16.50954114542599 40
165.67153821815336 12.266093486964326 40
169.61124763193962 8.517939993734322 40
173.71294476986031 4.643645591931088 40
172.63984047842604 -3.484408785377299 40
169.18881632488763 -7.386943250319492 40
166.5153613346994 -11.324506151461707 40
169.315969182093 -15.511389522816263 40
174.90196193170578 -20.07252381839757 40
165.32779494485436 23.925357231861632 95
168.34460299332912 20.390568114165156 95
165.78177629707486 16.236787637541774 95
161.35834391992302 11.946750496257941 95
156.8566000522274 7.791631411685735 95
155.89655982993816 4.082295088612971 95
155.4738668669654 0.5935877636180301 95
155.89238721170994 -3.1889237109558417 95
156.40099908863982 -6.8286150920433855 95
158.37661155925585 -10.510686752471887 95
162.4309770914968 -14.478719076687842 95
167.80079056954185 -18.794073114595395 95
165.66662312164914 -22.592254944327077 95
164.4462866541795 -26.229647932281274 95
