170.8420996257667 17.391165011568624 40
165.3812546409562 12.788910758278195 40
168.59640001210505 9.25075148073191 40
173.28825768137574 5.4836461185165195 40
174.02822863033143 -2.75284212934387 40
170.14554086055128 -6.6385653774348246 40
166.9767113140758 -10.39557014962562 40
167.19828586970058 -14.490128613434663 40
173.36342538597256 -18.98638297418252 40
165.74536237177 23.478391176795984 95
169.6324598198742 19.93661394165907 95
164.8553904248692 15.42014503381697 95
160.7793137694854 11.286845831026431 95
156.9082106196309 7.236647369159064 95
156.28686308072696 3.452832661179516 95
155.9249072315108 -0.17008775604007492 95
156.2330170739257 -3.6221541903179912 95
156.85826371190538 -7.234343804820702 95
158.81521937778749 -11.061920899429634 95
163.1585427349038 -15.037035366805995 95
165.8272491595556 -23.074966114269106 95
164.97170646137823 -27.05211067959121 95
