173.3977338351578 19.804078515088047 40
166.52748572378408 14.981204841897512 40
165.82614504680228 11.141347266686079 40
170.61448512357077 7.402573270076552 40
176.08617143952006 3.6980877182607346 40
171.81109268266826 -4.686582570229549 40
168.43074968384005 -8.596805275194495 40
166.22003691503818 -12.30670357826776 40
170.45262139459092 -16.506555052834273 40
165.6281743287944 26.279228841624978 95
166.836938782768 22.520176677702285 95
170.0471712741474 18.951768826702942 95
162.287835809391 14.109158313100929 95
159.64659936321064 10.24519090903199 95
156.8239036199199 6.290131430270863 95
156.15409408802583 2.555293436765969 95
156.02137392053015 -1.0637222147338332 95
156.4821055959914 -4.610111521968706 95
157.1774967316158 -8.366272836986685 95
160.40287885073045 -12.315927955208771 95
163.3872348646709 -16.317214323433937 95
164.79369846738058 -24.12342109739101 95
165.9647897752879 -28.23846764334952 95
