173.87265772233917 20.483030087618502 40
168.82170176481787 15.698264656670926 40
166.02275681500174 11.563945889997425 40
170.3645913328615 7.950378606525357 40
175.07795306396568 4.059060966754704 40
172.25038710495082 -4.134506281841949 40
169.0594932029266 -8.028091801270069 40
166.61725552790463 -12.016349709830225 40
170.14416906589562 -16.055271186620413 40
165.4527797055395 23.759212691295286 95
168.1819575913339 20.277799208660717 95
166.1521411693398 16.04436380302374 95
161.50553188480072 11.647694862401782 95
157.03350591401437 7.757489629591487 95
156.472474351451 4.05467573728192 95
156.0994195465117 0.42569618522616404 95
156.5136708490362 -3.3724378955814935 95
156.97169035645146 -6.939312043590495 95
158.91087523168093 -10.76379849779497 95
163.2993334523155 -14.870383957029244 95
166.3353570063916 -22.868297041018355 95
165.07969091739082 -26.700117445784986 95
