171.12042968777945 17.372349969699943 40
165.70178661296958 12.859156786892736 40
169.360250607891 9.014738711263707 40
173.34411299085693 5.29614165341385 40
173.9759251441918 -2.8943859836883994 40
170.23436823030028 -6.921018583310347 40
167.08712907850725 -10.631176854057932 40
168.13676536966 -14.663858838242462 40
173.90360613320416 -19.333556291261885 40
165.10946270041873 24.72180872790334 95
167.30569563659134 21.052193058117652 95
167.74869871865266 17.16871291619423 95
161.94922086494665 12.745680100988395 95
158.05749155632435 8.758959009063531 95
156.1231920973684 4.897845376102511 95
155.99477929111455 1.2762577782162075 95
156.10547081247051 -2.4693333952528667 95
156.61078940687173 -5.98216234788674 95
157.82211459365578 -9.782421488925026 95
162.2933202602645 -13.752956914759153 95
166.7129393209334 -17.936038803893574 95
168.17986624315228 -22.09464223370482 95
165.07098632057165 -25.637316067670632 95
167.25407391847259 -29.86778796084685 95
