172.67882431593813 18.33974189745786 40
166.27442127949416 13.542431582596105 40
168.19351775422516 9.73479380670949 40
172.51984151417142 6.024525618268916 40
176.23731197401537 -2.1147974308620237 40
171.17066389769565 -5.977411297720598 40
167.95818891357845 -9.905012714312353 40
167.34826200693658 -13.905568246486911 40
173.28048091084923 -18.35585561353137 40
164.22082244996093 25.73464782852891 95
165.71405262911009 21.86264533940338 95
170.19258524735238 18.54518608218038 95
161.6879655640135 13.790482833112979 95
158.40399250955028 9.688403224181815 95
156.18609911816273 5.965940181685408 95
155.60874494906486 2.249248847255105 95
166.5437541427156 27.963254121269568 95
155.59407522878504 -1.3578489235480764 95
155.84290128642834 -5.059223619148895 95
156.686960055604 -8.640148930056474 95
159.73791251493665 -12.483986958117402 95
162.44453863750127 -16.44680795319743 95
163.96744473246565 -24.413678397689743 95
164.61394000350361 -28.424518580319265 95
