174.19559645147828 20.08772453300083 40
167.8637938118857 15.193723279062542 40
166.1723068382605 11.210126674172802 40
170.85812788042713 7.5531954956568175 40
175.88520163952361 3.741853714954478 40
172.24218067883731 -4.463316591813422 40
169.2140622413261 -8.45173146690154 40
166.74360385297365 -12.345467756330368 40
170.53176927265025 -16.467279488111387 40
164.1229083242017 23.522562853687646 95
166.7091301403445 19.961861833247738 95
164.79216163713045 15.822324827972349 95
160.65139043756054 11.674175580249031 95
156.33645878251463 7.680317724099032 95
155.82269247425285 4.03783792077145 95
154.94985595562167 0.21128022171886593 95
155.41661378727628 -3.22159260251833 95
156.24550826984623 -6.949902553087452 95
157.1207713071311 -10.55646005307688 95
161.86731230040516 -14.606465473998318 95
167.08462468994327 -18.89843094600173 95
165.48706712726042 -22.797655879883973 95
163.5989342340236 -26.460618709539318 95
