171.8522621417183 17.588703669518573 40
166.28581126668576 13.086977167404356 40
169.2678470825316 9.33389356296166 40
173.21179397862628 5.528510351435582 40
175.53166378029454 -2.537224964728211 40
171.15372656396153 -6.444184065395059 40
167.93055266730235 -10.363010221667926 40
167.69116995485118 -14.302500451781876 40
173.67198973547 -18.924322479888293 40
163.8712956060769 25.54253269325026 95
165.33035210464158 21.90377360080317 95
169.55608941428983 18.616207119962908 95
161.42144517060845 13.679073032638305 95
157.9272384136261 9.702473501416932 95
155.96126308296385 5.95735197604948 95
155.0331881218641 2.283217197441945 95
166.07531131093 27.8846010008693 95
154.86910283456353 -1.3515221853114536 95
155.54579017844034 -4.964653337808367 95
156.53953575302202 -8.58920084922568 95
159.70957862852347 -12.525593570744652 95
162.8718677607437 -16.44520270859606 95
163.74489805736502 -24.380542655632926 95
164.58930457399094 -28.4202646864881 95
