174.22590424553505 20.04307648106078 40
167.96752634649027 15.156932177756143 40
166.70526065656546 11.109081619403522 40
170.6644381275595 7.404740616957187 40
175.0613974112702 3.6765658450951166 40
172.74322718162222 -4.429160516222015 40
169.96543721036485 -8.442794495279728 40
166.7651622032615 -12.39279227292543 40
170.5521557720476 -16.51619391709878 40
164.1229083242017 23.522562853687646 95
167.19463897515772 20.112501037083284 95
164.74239052216907 15.817546113134465 95
160.084223359645 11.54519083165344 95
156.14497401725993 7.500180941099055 95
155.54996003442858 3.9458754779730407 95
155.09953284458186 0.3806722901334931 95
155.09168358797834 -3.2148572046688115 95
155.92271486003605 -6.892939552606634 95
157.53901867262547 -10.670876049611048 95
162.2536600257265 -14.775162715041763 95
165.41276883312963 -22.787420476166584 95
163.4189648162738 -26.47724378362409 95
