171.56684325247681 17.181353886700908 40
166.19279229993995 12.669309868695434 40
169.41750057111344 8.87879497661578 40
173.2969982999437 5.2000966557663135 40
174.69921362720885 -3.001730006987871 40
171.05294034527438 -7.0944766710452285 40
167.80481752101184 -10.768737936263296 40
168.65173218609033 -14.801460422244409 40
173.78463370491195 -19.272352945335555 40
164.49087004909202 25.13391474666694 95
166.2251988612244 21.422961129274373 95
167.6314638695983 17.57255874753484 95
161.04887789977005 13.028413265818429 95
157.44146676827307 9.026324936249559 95
155.48890375677922 5.175078116806141 95
154.8416854393055 1.6046651722915075 95
154.88727651800417 -1.9853394760884142 95
155.6975320810763 -5.649646348420309 95
156.70021817335981 -9.283978103240015 95
160.7854064815535 -13.183652284614107 95
165.7074548888454 -17.46224553891235 95
167.34684583066985 -21.521124866651768 95
163.06177815003366 -25.05208836702449 95
165.71054978069282 -29.265838726756527 95
