173.28243308657892 19.26449801046724 40
166.69620703994076 14.492418138364844 40
166.92680793352764 10.39246328466792 40
171.04303027850574 6.7202989625589336 40
176.5763599548286 2.8894818052380424 40
171.96831506135743 -5.301048477207612 40
168.7960996271623 -9.26170884108853 40
166.51368520867123 -13.059221386726666 40
170.8717081330007 -17.347099461022918 40
164.52040317637184 23.213346132862043 95
167.95482106363002 19.646579383801715 95
161.79375475791178 15.133767585657617 95
159.48858792728498 11.108822888167934 95
156.0860439623219 7.156072958831125 95
155.4592023859115 3.561796391739455 95
154.97485593238122 -0.21131431017494254 95
155.47711213252802 -3.859174513974451 95
156.07412592589236 -7.411458457597638 95
158.35418021714108 -11.20339715252491 95
162.1837176764474 -15.259479697761833 95
164.71893729150662 -23.058129207650644 95
163.6594627095793 -27.020286649327478 95
