170.48648387533854 16.4159812629015 40
165.6078396511868 11.761975644712411 40
169.947317353596 8.302519154818672 40
173.81787399423936 4.456714610868675 40
172.809888254589 -3.7235764308606916 40
169.36996409714095 -7.811386671595983 40
166.57142748496273 -11.602162325265354 40
169.42769165302943 -15.661411211189838 40
175.12830063667997 -20.29207520458775 40
165.3072592786611 23.0026091949918 95
168.7158300639848 19.595693042620265 95
161.40314820886815 14.742095280730714 95
158.3122469150022 10.723250520405449 95
155.9669727969757 7.022750283716253 95
155.46833759603444 3.137834464318485 95
155.47471671648327 -0.2967944225880593 95
155.5749519945884 -3.9465094553949465 95
156.36766078871437 -7.55361896481124 95
158.28888627523776 -11.415712055971532 95
162.11298631225222 -15.475857615121797 95
164.2905978364096 -23.409441739501723 95
164.55726385172116 -27.26072107694563 95
