172.5639472062531 19.61350936465736 40
165.48576272900286 14.84199562054125 40
165.99085870027722 10.92507793769035 40
170.57250323020074 7.2143445151421774 40
175.76796929085702 3.35573708272063 40
171.33369474495981 -4.767079298788132 40
168.15140099704857 -8.67450100753796 40
166.2529601727564 -12.53709929752008 40
170.8732175696162 -16.829542994585488 40
164.44190422588875 24.621855323342963 95
166.57296990371398 20.86771004342339 95
165.53526147833242 16.94217244924964 95
161.23335248231007 12.600859983158099 95
157.19324022701926 8.539077932107933 95
155.77469109697955 4.844389914179358 95
155.04579697349914 1.14163954577796 95
155.20558339065323 -2.4550986470987963 95
156.05291685162987 -6.173958786572025 95
157.69735402875963 -9.774688349407759 95
162.25331315781017 -13.927845106604968 95
166.55400135434732 -18.01083723362334 95
166.16018678216483 -21.92150379230622 95
163.85733994225743 -25.63190681645607 95
