169.5478805824377 15.719154398485966 40
166.81466995303617 11.344861764676228 40
170.65209369443318 7.683979613872159 40
174.80628403847146 3.9096752628885105 40
173.1466698045578 -4.297759368721777 40
169.59998747051904 -8.239189887348386 40
167.041154561723 -12.046921087421653 40
170.2963223805419 -16.303932306733152 40
162.89358054934434 24.66260156216844 95
165.44914875185754 21.185352895000644 95
164.5872806549755 17.117320806724518 95
160.33679601407326 12.838782806070956 95
156.44554628922222 8.926424046998358 95
154.31030049258226 5.262239246648983 95
154.24256653197637 1.5143215077543442 95
163.78450553567444 27.637759432244753 95
154.71229089249965 -1.9830965167068162 95
155.17440710795253 -5.5882916616268234 95
156.49293013603105 -9.400183106690097 95
160.6109918146744 -13.169351096640593 95
165.54290810498154 -17.35361853175411 95
166.18726521431674 -21.325932115299167 95
163.1563587836697 -24.930003779671747 95
165.5867020316677 -29.104290667798494 95
