172.37746534367878 19.259074268739514 40
165.51379387311815 14.526064082433155 40
166.16110640391003 10.617754877020392 40
170.88383170410629 6.947423056262361 40
178.2961162770236 3.2094462964936907 40
170.57461375668987 -5.071847962633526 40
167.83983641575182 -8.887909593018286 40
166.0577410804802 -12.795668300178399 40
171.3771732652911 -17.067955606879114 40
164.61675953668157 23.776629379337173 95
167.68555275782938 20.217947381008294 95
165.1946497094896 15.81550528307685 95
160.32406197626867 11.694342710454608 95
156.8421075397501 7.5765379619898 95
155.7020428525397 3.864757630937047 95
155.27463047303831 0.33875723077233155 95
155.86290002175784 -3.4009405768876126 95
156.24360716801056 -6.992511646640422 95
158.5557939556091 -10.826625887432858 95
162.53155693355856 -14.755778554634457 95
165.75335184172081 -22.696174859097056 95
164.59335879253837 -26.57539964686756 95
