170.9176992547941 17.63436152651291 40
165.13935633289265 12.996749207317396 40
167.9096943809516 9.442730425858445 40
172.3592004286969 5.595402360892865 40
173.78184656801588 -2.51193220660648 40
169.87611548360627 -6.488866480400101 40
166.433400637579 -10.270620828904041 40
166.72742785908676 -14.128709229544658 40
172.9863633684325 -18.75414856944006 40
164.99659158112325 26.27128454438423 95
165.8461795751294 22.570674454564408 95
170.05645338166863 19.093671418780577 95
161.8450942685841 14.293043279621136 95
158.91469063532574 10.328775352320863 95
156.34410239217885 6.399005562108831 95
155.85051181488365 2.762895589561039 95
166.5361221553298 28.008670844313162 95
155.69768413990795 -0.84920755381604 95
155.82986033142737 -4.675962904882225 95
156.85748649875217 -8.263446877289141 95
159.93594651213658 -12.192334200922762 95
163.12686861571052 -16.156434032072664 95
164.86285789144023 -23.995793128521118 95
165.17441256527792 -27.964961267903742 95
