172.6189712169159 19.572082183905838 40
165.73881072852674 14.819130146320791 40
166.54562491346854 10.870364399698884 40
170.62442020756123 7.169927045205691 40
175.9938380582341 3.312037217796206 40
171.30739821644121 -4.8131010080436605 40
167.71983036203068 -8.789823851002842 40
165.51629796254147 -12.663139767656116 40
170.1471321491701 -16.80488162448208 40
165.14935203591014 23.761608155152757 95
167.66073251615416 20.214954789625757 95
165.42176046108173 16.064904791392205 95
160.7197990500811 11.767272126604222 95
156.88789229101434 7.664520694934924 95
155.9237549748468 3.997906895356556 95
155.4495317903949 0.381531318514022 95
155.91472045294137 -3.316993530464709 95
156.3934571748852 -6.999218019703349 95
158.4178470505778 -10.643606572010066 95
162.4359820274017 -14.70244002856783 95
168.0678950334689 -19.102490911367745 95
166.00723314975284 -22.684819637008328 95
163.6308245305937 -26.41998795302622 95
