169.61344274608425 16.612063833876917 40
165.25102867165896 12.189648188464876 40
169.62682224218844 8.70423322395549 40
172.90939099945115 4.763730596803697 40
172.24450192576214 -3.241478265563894 40
168.720238434547 -7.228192553439868 40
165.45198858234647 -11.116208847763158 40
168.22064795901395 -15.133525704524223 40
173.8502354470109 -19.807732329039574 40
165.50786754685774 26.398973087826693 95
165.62294858372496 22.356308448238785 95
169.26662513329705 18.958249945179112 95
162.04431888070116 14.310637424295141 95
159.67711305098496 10.159703130651346 95
156.4741848160526 6.276104377065224 95
155.6262937510923 2.7164670619635465 95
155.5466683778553 -1.0180651008199653 95
155.70618492791306 -4.629751634217428 95
156.56237704780767 -8.162274078962659 95
158.89228153830928 -12.069190840759113 95
162.3307637208344 -16.077586100240097 95
165.10369133894116 -24.07682716338774 95
164.65856259113428 -28.01621656151146 95
