170.6383843719563 17.41744539042661 40
165.00038682791484 12.849994032623687 40
168.32432542477056 9.189782113626844 40
172.23729023293 5.497406499198545 40
173.4304900420728 -2.6014656958123425 40
169.1730758785668 -6.554418188113826 40
165.66787315797566 -10.495513484955502 40
166.73682503506006 -14.312710338289083 40
172.89640582688892 -18.887521731125386 40
164.80937972463255 23.666819701469723 95
167.7020374074103 20.08075320807348 95
165.1783636542408 15.723034233486368 95
161.35592046110008 11.6369049644285 95
156.69434062982663 7.526568911785963 95
155.6801597905889 3.7367730164821977 95
155.6247916725203 0.25464069716762733 95
155.56297141363387 -3.3943961113774797 95
156.1609652634238 -7.159507873851612 95
157.66373290526687 -10.679323544900507 95
162.0672519627762 -14.891888437468557 95
167.23777996162693 -19.100538696760847 95
166.08145348030655 -22.87953910962303 95
164.58610535626843 -26.620284533703067 95
