171.64867820253906 18.798587615062896 40
165.25387037729823 14.049228638011337 40
166.81048961843743 10.248228054506626 40
170.8699896470666 6.666831182154705 40
170.2882827415375 -5.435198794725048 40
166.81652140582847 -9.289984448790783 40
165.40280265052016 -13.153649697064461 40
171.18076994521667 -17.51997790988361 40
165.03741812632575 24.526987548337964 95
166.7599987790665 20.983527639692376 95
167.95700957530974 17.097472313746067 95
161.61749134769553 12.497859435821654 95
157.6495309692557 8.434513037140293 95
155.8811076200163 4.634952767493107 95
154.8464012279705 1.0557114882318934 95
155.52776649974442 -2.629894979078188 95
155.52832724799867 -6.153204322906686 95
157.33729192262405 -9.924669790727794 95
161.62681351135114 -13.918468995076779 95
165.96265604599168 -18.130066137768555 95
167.48651169587282 -22.189432168224904 95
164.25953477816446 -25.648932423416284 95
166.28647047954706 -30.02266411321164 95
