172.3581480280864 17.308074223560013 40
166.37073846668906 12.637241868720618 40
169.60989720371632 9.028026946392227 40
173.27058520253692 5.24659923859158 40
175.17331619139975 -3.0576616078116543 40
171.2085634410093 -6.96062529273766 40
167.80481752101184 -10.768737936263296 40
168.07893392261127 -14.751189661802892 40
173.80421844574414 -19.322506966334682 40
163.71413141587976 23.55510931292939 95
167.02921688708608 20.231243315395986 95
163.19520672229896 15.713911125690675 95
159.0243373163849 11.643137080899944 95
155.83496746849477 7.698281567543113 95
155.27396853000852 3.981246279989455 95
154.2496329123565 0.33652102944989803 95
154.7667533886804 -3.2081218068185344 95
155.65171292245344 -6.79590055151908 95
157.07661624336265 -10.46743782094639 95
161.67605437848565 -14.50031260369756 95
164.90485697261187 -22.442566070804382 95
163.28213030542136 -26.226638136127935 95
