171.35103497043283 18.529579449126896 40
165.10224214194605 13.764274942844457 40
166.901901217397 9.97974799372456 40
171.6301461045635 6.415251213022932 40
175.59200125052442 -1.676036048488529 40
170.10887278847744 -5.568787896265885 40
166.75117937204067 -9.560062919956245 40
165.48073081096206 -13.432362237146217 40
171.7286531679453 -17.81269718834129 40
165.1449070424854 23.43927639516308 95
167.28238157405733 19.79917460177279 95
165.50190120546955 15.753831196728004 95
160.64844550532644 11.365714087648149 95
156.59853498900335 7.43636095801506 95
155.75715410286602 3.6536209130186434 95
154.87499424101287 0.04223560387756685 95
154.83339318076622 -3.589704880662299 95
155.93620136011808 -7.149203128790662 95
156.96670330838333 -10.97618114363841 95
161.9721197027712 -15.105895007948174 95
166.80368421250895 -19.373604675784712 95
165.85201058245534 -23.0784116818537 95
164.20422121003259 -26.788325102676517 95
