172.6223564398894 19.763212217141735 40
165.59396218828095 15.033805632180224 40
165.82614504680228 11.141347266686079 40
170.4626028074045 7.4425579692104975 40
175.76420417609552 3.5474681596610793 40
171.19008804166234 -4.529487419995652 40
167.9859860313745 -8.48224599188515 40
165.38383238528965 -12.426201573868688 40
170.24000704145436 -16.626560153127443 40
164.50053831925987 23.53090558549988 95
167.16683023439606 19.92419055782726 95
164.411112683678 15.604759726280244 95
160.66715927573588 11.455110443174117 95
156.36971490421902 7.510976020016689 95
155.53020298231414 3.7331736204152284 95
154.7749769789258 0.0844166629910125 95
154.9862406809496 -3.4663849449769777 95
155.7574669092599 -7.226141917427883 95
156.89784639304332 -10.885376531153195 95
161.7725581157536 -14.820321881967482 95
166.11885635577897 -19.202244349243877 95
165.9451287578103 -22.9529925402716 95
163.83411402473573 -26.727945707253518 95
