169.59759571643468 16.51712829776345 40
165.20778599221802 12.09586489464461 40
169.6588547983338 8.566715445133552 40
173.68668106315448 4.690343405984132 40
172.0640040989917 -3.519729168866175 40
168.56641196003207 -7.313712047979332 40
165.4397642453288 -11.296682320488063 40
169.0091118948502 -15.29738855210266 40
174.3470213748492 -19.86433393592341 40
164.80346685274873 24.400354778464916 95
166.5268380245122 20.631340663124085 95
166.73184944589653 16.78901442464376 95
161.37163250600855 12.434577690686828 95
156.9323826406424 8.267392498907682 95
155.4850145253452 4.495860101603689 95
154.69721580810932 0.9281278032980392 95
155.2270877986789 -2.667154577679324 95
155.19332640949284 -6.394299254539701 95
156.55569709978008 -10.003965743739382 95
161.33373135595818 -14.114872537983269 95
165.92291796014874 -18.263102709828576 95
167.15875254068055 -22.377979109908978 95
163.53293758914603 -25.76394425285981 95
165.74528226124966 -30.064994730395096 95
