169.8768219138857 17.246097426315544 40
165.06069670293306 12.71884051092495 40
169.10068434140518 9.185916136588684 40
172.54158518200896 5.365818472474599 40
171.8262226208584 -2.8586220189471976 40
168.8142626096557 -6.771058968742912 40
165.55943637666286 -10.62464242418158 40
166.82073730069075 -14.50324468710097 40
173.23798487141067 -19.21173073132379 40
164.73515475721402 25.355165393204366 95
165.63739358635908 21.48498245094869 95
168.78097924479854 18.111972426184913 95
161.43323238710448 13.236770982801044 95
157.94803007153914 9.35790689845592 95
155.80052652075432 5.56829739289549 95
154.91531611807758 1.7321827374991599 95
166.5035524539157 27.443205356265224 95
154.2158243836481 -1.6823004106906958 95
155.50668780315354 -5.387954017299784 95
156.1112641269442 -9.07820674403605 95
159.49686357111378 -12.99042478048815 95
162.75181508604143 -16.88156720209877 95
163.72723619488212 -24.834494719749767 95
164.3299008080055 -28.744813887570626 95
