172.90990195925116 20.321806131398574 40
166.16239948433002 15.40527905005052 40
165.5115017692164 11.346928311162873 40
170.06922080529782 7.843636572334004 40
174.70630904045115 3.907439246153242 40
170.526993692292 -4.04660935463348 40
167.82707829643087 -8.153061724509621 40
165.22088224003235 -11.91564399541048 40
169.28040112003984 -16.160083435378993 40
164.11415767793463 23.93252493286095 95
166.165886080189 20.494607295228796 95
165.70972749525583 16.457880739878156 95
161.1457781939271 12.107773134381617 95
156.5733610758608 7.948787731982799 95
154.91621835606267 4.268010690791522 95
154.14834344680852 0.7146415918208178 95
154.82337550487873 -2.8713929155229865 95
154.9846442268307 -6.597399403000447 95
156.84405965844473 -10.194193193099041 95
161.20535476086275 -14.147940536501626 95
165.80350960521096 -18.433036309699958 95
166.91126471332163 -22.530209426445033 95
162.74989251874376 -25.91355794053286 95
165.38451359634172 -30.092734380601996 95
