173.4223816916196 19.136435232461903 40
167.15634850896558 14.394644078588419 40
167.44794420169654 10.470750098513339 40
171.78498701988642 6.937136266317225 40
176.42716078839186 2.8389146071913247 40
171.99474264322737 -5.254914660580596 40
168.8709869828088 -9.265817851221975 40
166.70950113352234 -13.120322283088878 40
171.52312638864015 -17.365975753368495 40
162.9402479935345 25.670568435573735 95
164.54417357387194 21.936611928269595 95
168.39268839264918 18.674397470766216 95
160.75880919872688 13.79955669604377 95
157.02098689472191 9.775750590495402 95
155.52999949086853 6.110790322899055 95
154.70564593408807 2.4471904536784557 95
163.48932556100624 27.129615784365836 95
154.67049080653658 -1.1810582818330204 95
155.02765993877418 -4.736523398843865 95
156.32413660175945 -8.4063556738012 95
159.13162060342862 -12.218319202183904 95
162.150535420325 -16.372369648341113 95
163.4185637699525 -24.195309780326607 95
164.3245276824448 -28.189984514742726 95
