170.74959517364624 18.040669279046337 40
164.96109727626146 13.344901101611871 40
167.54460375190882 9.697235617219052 40
171.81862527384007 6.046952456214949 40
173.53634475873938 -2.177050246538011 40
169.19361926978044 -6.000766483756754 40
165.8867877724452 -9.782855796736005 40
165.78242176415569 -13.729935688545538 40
172.5743786620007 -18.376243615722863 40
164.71123370097317 25.995614874501456 95
165.2012160078146 22.11591857778883 95
168.9495304658721 18.642874788008193 95
161.4064275809963 13.855148340620499 95
158.14112209065007 9.888781720217347 95
155.78639061114248 5.950672260555187 95
154.28135889364918 2.398394865115656 95
154.62016453508593 -1.2228426484857846 95
155.35120818605918 -4.788814063178942 95
155.8928388369705 -8.511076568233886 95
158.22426916653595 -12.27886992827855 95
161.9018001305255 -16.34725479997724 95
164.53317275588324 -24.176953134807565 95
163.83002195647308 -27.967193383347457 95
