172.8354146379017 20.313051763449884 40
166.05017507538918 15.531902086757006 40
165.22469038596768 11.508358347788961 40
170.08771933323422 7.9839437008877265 40
174.70305380686938 4.050369187382903 40
171.15070384426917 -4.108110710687463 40
167.99002906396512 -7.885477797074391 40
165.7171614701769 -11.633486978001077 40
169.29356540407758 -16.021585838340165 40
164.20258589382752 23.671095998711067 95
166.328795478764 20.19243161641249 95
164.84945292639387 16.00932524713817 95
161.09379796192584 11.794654857274134 95
156.30515414352982 7.806970485879093 95
155.42060693884642 4.11224558612502 95
154.1991743209416 0.5046174193051648 95
154.6435055798497 -3.1211867895077576 95
154.98102285157603 -6.681929427887278 95
156.87990393702313 -10.411357534461576 95
161.5475967966374 -14.533202304759481 95
165.96675253546107 -18.771991845114044 95
165.7780109070676 -22.515352533242243 95
162.7072737124151 -26.179822021420318 95
