172.9676984901243 20.472076202218933 40
166.30332437900944 15.509833187044958 40
165.60192339052736 11.48925451706516 40
170.1897815792218 7.942220786202168 40
174.7996528456219 4.1956960149744855 40
170.88015542001236 -3.9151128505350705 40
167.91725478190568 -7.836169121999035 40
165.20563870894773 -11.778691088938105 40
169.50574206382143 -15.901757996939759 40
164.92295928904036 25.93684636469007 95
165.4610612880637 22.05884907305078 95
169.0884232716508 18.751553015871888 95
161.1746816978437 13.923814297769184 95
157.86934436404027 9.828567294782108 95
155.93135604926752 6.083970795176538 95
154.73322065048995 2.278799492449187 95
166.54750573442075 27.63709388924762 95
154.29483618345498 -1.2623498408878233 95
154.6975635624221 -4.8953501254120315 95
156.0722026701634 -8.435493683445259 95
159.05015612116676 -12.29932773904643 95
162.0510413044052 -16.36232370899561 95
161.1121240605137 -23.898726026917046 95
159.07096836315816 -27.467392468291145 95
163.06416545862638 -31.74261438951937 95
