171.53794133207387 19.11791525125023 40
165.23066117378124 14.319605723451195 40
166.16110640391003 10.617754877020392 40
170.80889361097482 6.9443763863061845 40
175.42092305726004 -1.195984422493299 40
170.27054719903404 -5.2022357252938045 40
166.70421760140297 -9.055734862731171 40
165.26751184234382 -12.961487354495532 40
171.38802711986074 -17.210655419299936 40
164.63228256595468 25.20146894773503 95
166.5168791441918 21.506718951960774 95
170.66020016056393 18.172416079218955 95
161.32995332335537 13.272595288186148 95
157.95814399031653 9.18560679184715 95
155.65951620284767 5.308249758197222 95
154.76624631883084 1.6460939763505327 95
154.36388672901347 -1.8523225724215542 95
155.4492289527742 -5.598188813177468 95
156.35335119518112 -9.220639621867537 95
159.61433657536523 -13.087630022507081 95
162.18165808718118 -17.045979147372513 95
154.02627860426998 -27.288937764592486 95
154.9066259235696 -30.856761738317232 95
