171.36123466883987 18.199804333310638 40
165.1282166670475 13.449077491063088 40
168.16322579191623 9.825069529372145 40
172.24170278290998 6.108872436358175 40
174.43855727137716 -1.9980583275947326 40
170.14628830000106 -5.9416393136003 40
166.31371915573922 -9.762521220765667 40
166.57592374250083 -13.841391885664924 40
173.07658722826972 -18.38198719984178 40
166.799071554928 25.25390521115519 95
167.8150451907552 21.209269379796886 95
170.8631492933136 17.67582639003991 95
162.34449735800564 12.821336809260714 95
158.2547876272561 8.813182912664121 95
156.3453829954219 4.990174447335734 95
155.96942633853348 1.3185873610724075 95
155.88432490014404 -2.2107126512354487 95
156.3126304731507 -5.928083970747457 95
157.4859478019127 -9.546039489402293 95
162.1475970129813 -13.696072718696252 95
164.89841053452693 -17.740820251234513 95
164.38922822855028 -25.301922208037972 95
165.50622735802287 -29.41596005087107 95
