172.53178803735818 19.2286795342818 40
165.34195467324898 14.192974488431833 40
166.90185624325358 10.390909852188816 40
171.6675484261562 6.744836347408105 40
170.4954422569723 -5.209106890765747 40
167.69270819257537 -9.292906920860036 40
166.21460360075267 -13.035765218991239 40
171.69248926377057 -17.43042613965678 40
167.0490213349376 25.10537982265081 95
168.3168938920893 21.226062529804132 95
170.01285863151494 17.634724974904262 95
162.2732189984099 12.771179307099992 95
158.25718516536583 8.770025287028094 95
156.07321668376488 4.8962775638824505 95
155.7944325920405 1.317107939445584 95
167.4580395381061 27.647434221896553 95
155.70684104951243 -2.3780822908119394 95
156.33761251414052 -5.929031403058733 95
157.63306137889583 -9.598103214555497 95
161.70661910404613 -13.570002319047143 95
166.21580814657545 -17.882554268918593 95
170.33585481650408 -22.188897875533105 95
165.78370043041406 -25.609122819782876 95
167.3606603219482 -29.83972815897414 95
