172.8016092667516 19.7359940165401 40
166.43602928327414 14.881470237080563 40
166.28722010604173 10.99012872558071 40
170.84128868731347 7.365736871353508 40
176.39099240204828 3.4638741923672214 40
171.38496942827516 -4.7217321047669305 40
168.05623719566074 -8.577689935863631 40
166.38442457314918 -12.455752063285045 40
170.5091569809176 -16.699790736916327 40
164.57894092207638 24.550604981704435 95
166.94506142248625 20.91432443667012 95
166.94652324834 16.90261445136447 95
161.19035108695465 12.50905038219531 95
156.54651038781103 8.461129380819909 95
154.85402603116833 4.688949449315889 95
154.04612767882824 1.0922669811659353 95
154.55499222933224 -2.4869664233863813 95
154.7522576456669 -6.164769141592472 95
156.1120304743153 -9.890124680025405 95
160.97542386233408 -13.906600495515878 95
165.0977429611802 -17.990022071250483 95
164.37603215491757 -25.713044899535085 95
165.13847996933325 -29.90841116505722 95
