171.60983648904707 18.226207647300846 40
166.04276286890945 13.614730950669024 40
168.29335067765845 9.740571989707913 40
172.41491878122605 6.162094340662745 40
175.03958540027622 -1.9094614160557377 40
170.3162587062191 -6.087088410418756 40
167.65329157973437 -9.978793638539974 40
167.22747443357576 -13.849613516909756 40
173.39489245745844 -18.224537570715537 40
164.60475657594594 26.34699437456923 95
165.42506156873998 22.5133628091981 95
169.27590067459084 19.09952750216752 95
160.4964567326781 14.21805195009459 95
157.74773310517412 10.166529652676648 95
155.49307209063141 6.406649422100939 95
154.02726489781955 2.6465388901214224 95
164.79639270650753 26.884932135353335 95
153.87197317644024 -0.9651402949110901 95
153.98318982473637 -4.536491088849471 95
155.64083855477836 -8.07167107638914 95
157.8984187828313 -11.950391034674428 95
161.24046841040666 -15.925199270108005 95
164.94361651481069 -23.96161505439637 95
164.00636895376914 -27.675197697580323 95
