172.38475549217708 18.736490437174297 40
165.53171345041562 14.027382762635787 40
168.09148223636254 10.188895896151939 40
172.2047448469805 6.436728764391472 40
175.59200125052442 -1.676036048488529 40
170.55710284413152 -5.630023926800128 40
167.62474489786337 -9.610145572582702 40
166.5771247509835 -13.521358463382516 40
173.0017362296001 -17.89706362909465 40
165.3257406256301 23.051141220921796 95
168.1890021081477 19.580990650768864 95
163.58994758058122 14.986816726132645 95
158.9578187216955 10.810526917805294 95
155.62300757534592 6.879690269469089 95
154.26686077437586 3.197759656279883 95
153.99963350731218 -0.3359756144883466 95
154.07436278569168 -3.9504882208488192 95
155.11911670704148 -7.49330581434138 95
157.04520720325027 -11.282969223045466 95
161.28751502970803 -15.44144166008158 95
165.13850883064083 -23.484311810065005 95
163.4251833194631 -27.21056930679473 95
