173.0834392996627 19.911646471348828 40
165.76413510070387 15.094834027428075 40
166.65233648486398 11.151204828881555 40
170.75616049247742 7.5953458688391065 40
176.163146555737 3.603580938722324 40
171.3400355640346 -4.533454854232548 40
168.38315214409266 -8.54833750031771 40
166.2948321918861 -12.312241317991152 40
170.80099171568935 -16.540291077759857 40
165.3745816609843 25.961659046648702 95
166.73093485516537 22.181870126808526 95
170.78397309794175 18.656755690138347 95
160.92694372466727 13.592968161434694 95
157.73548978860566 9.561165522502195 95
155.48982544651824 5.85441565071096 95
154.7850283695258 2.152903306025185 95
166.3211403801081 27.319970034031474 95
154.6937355917342 -1.392181265002368 95
154.8461464635815 -4.9423223669713074 95
155.86321150026947 -8.594725174330263 95
159.23262113052385 -12.531879065130259 95
161.87935951960122 -16.56799886901541 95
164.98126847459068 -24.564630111504464 95
164.6308165660383 -28.473669622994606 95
