170.00431837167488 16.978051566130983 40
165.55153128146236 12.52960954551195 40
169.65982652288136 9.030684593418183 40
173.07209952781687 5.193348152535692 40
172.44790393117597 -3.05713178386303 40
169.33322737123828 -6.930637275209122 40
166.45173779569217 -10.773067566582032 40
168.4693126214758 -14.878048590035203 40
173.98867035996835 -19.24695005371667 40
166.1188608718689 25.568138133870278 95
167.31734538920006 21.749288652991343 95
167.855949003918 17.827517606051636 95
161.56501537183277 13.158868032602077 95
157.58626963943874 9.120861863119611 95
155.61098660013675 5.264109547877502 95
154.9166814122338 1.6054423753124893 95
166.41745395547645 27.19598580630754 95
154.88935003589933 -1.8163825193631595 95
155.42424514869953 -5.597289072127383 95
156.55300431721807 -9.23241378259753 95
160.79969195222284 -13.008254804939835 95
165.67667429743136 -17.27629065346055 95
168.8581779135535 -21.528269245685102 95
165.1224346927765 -25.13826139831002 95
166.02194369264004 -29.227467175892336 95
