206.9759953297127 24.95521953970233 95
210.78335331916713 20.470187799020124 95
204.90998178331682 15.227442022899524 95
201.9870686247059 10.3095396792656 95
199.10387440389542 5.322388783040492 95
197.2237605956787 0.6992006138561992 95
197.96392445727923 -3.7794991034060366 95
203.09576353501396 -8.534427873600833 95
206.39316948197862 -13.358151675409761 95
205.5699379873169 -18.211019216141494 95
203.34647475142316 16.633328294302938 40
201.10100251632875 11.644800198641317 40
204.21131853591933 6.947079260133909 40
203.50762534196792 -2.7110970476411294 40
200.7937206493732 -7.40525775321196 40
208.13827923305976 -12.509766191735654 40
208.13827923305976 -12.509766191735654 40
210.78335331916713 20.470187799020124 95
210.78335331916713 20.470187799020124 95
210.78335331916713 20.470187799020124 95
210.78335331916713 20.470187799020124 95
210.78335331916713 20.470187799020124 95
210.78335331916713 20.470187799020124 95
210.78335331916713 20.470187799020124 95
210.78335331916713 20.470187799020124 95
210.78335331916713 20.470187799020124 95
210.78335331916713 20.470187799020124 95
210.78335331916713 20.470187799020124 95
210.78335331916713 20.470187799020124 95
210.78335331916713 20.470187799020124 95
210.78335331916713 20.470187799020124 95
210.78335331916713 20.470187799020124 95
