207.43992790551812 27.079813709725705 95
206.80049321490446 22.3059634643352 95
205.8514548847224 17.274523056892086 95
200.95947626220624 12.12619171132354 95
198.9650867715404 7.328318087624008 95
196.23175651781895 2.6758613438322465 95
196.7165437255777 -1.8240201925625557 95
196.14492529223676 -6.421120003773742 95
204.13986925836062 -11.256832555360997 95
208.86311544315322 -16.323265830710938 95
205.6927258020256 -20.88217067578725 95
199.7207670326683 12.136250177049721 40
202.49060871349508 7.52291621795119 40
203.26365573903308 -2.1893809123385477 40
199.982940578311 -6.978999097202982 40
207.2382110807254 -12.045460380122595 40
206.80049321490446 22.3059634643352 95
206.80049321490446 22.3059634643352 95
206.80049321490446 22.3059634643352 95
206.80049321490446 22.3059634643352 95
206.80049321490446 22.3059634643352 95
206.80049321490446 22.3059634643352 95
206.80049321490446 22.3059634643352 95
206.80049321490446 22.3059634643352 95
206.80049321490446 22.3059634643352 95
206.80049321490446 22.3059634643352 95
206.80049321490446 22.3059634643352 95
206.80049321490446 22.3059634643352 95
206.80049321490446 22.3059634643352 95
206.80049321490446 22.3059634643352 95
206.80049321490446 22.3059634643352 95
206.80049321490446 22.3059634643352 95
