205.51364232700024 26.771352552491855 95
209.69607377159363 22.50259195689162 95
204.75061429702387 17.238374923158155 95
200.65671149979084 12.162843215700297 95
198.81717800403217 7.268578300671235 95
196.70597355293904 2.735981284740876 95
197.61547624558722 -1.9401477340039057 95
201.2207708882085 -6.477421412499427 95
205.9121767562016 -11.354562454044352 95
204.11443557907063 -16.120164026380785 95
200.96100136471176 15.700395175183488 40
200.3200444178811 10.80366112630582 40
204.18631602936452 6.135382211944277 40
202.79677852478335 -3.449462070154501 40
199.86238532454172 -8.223709150483117 40
209.69607377159363 22.50259195689162 95
209.69607377159363 22.50259195689162 95
209.69607377159363 22.50259195689162 95
209.69607377159363 22.50259195689162 95
209.69607377159363 22.50259195689162 95
209.69607377159363 22.50259195689162 95
209.69607377159363 22.50259195689162 95
209.69607377159363 22.50259195689162 95
209.69607377159363 22.50259195689162 95
209.69607377159363 22.50259195689162 95
209.69607377159363 22.50259195689162 95
209.69607377159363 22.50259195689162 95
209.69607377159363 22.50259195689162 95
209.69607377159363 22.50259195689162 95
209.69607377159363 22.50259195689162 95
209.69607377159363 22.50259195689162 95
209.69607377159363 22.50259195689162 95
