206.2221477634298 24.52205939227227 95
208.02381393817768 19.915909710942945 95
202.25763503042032 14.475831475300026 95
199.47262823954307 9.526834899852425 95
197.8363566247649 5.0185652769332965 95
196.57481726025384 0.2680374932808433 95
197.1780657908351 -4.302440700940714 95
203.99331205855847 -9.185240082849417 95
208.50873831417124 -13.951941500467015 95
205.5099012345453 -18.601155732035448 95
201.30727860835518 16.41540805354466 40
199.90914295095203 11.464680649743034 40
202.9888501623538 6.849460355955803 40
203.05839222097902 -2.6477722891863498 40
199.89023370556643 -7.486745277152858 40
207.48936523074343 -12.472208002244844 40
208.02381393817768 19.915909710942945 95
208.02381393817768 19.915909710942945 95
208.02381393817768 19.915909710942945 95
208.02381393817768 19.915909710942945 95
208.02381393817768 19.915909710942945 95
208.02381393817768 19.915909710942945 95
208.02381393817768 19.915909710942945 95
208.02381393817768 19.915909710942945 95
208.02381393817768 19.915909710942945 95
208.02381393817768 19.915909710942945 95
208.02381393817768 19.915909710942945 95
208.02381393817768 19.915909710942945 95
208.02381393817768 19.915909710942945 95
208.02381393817768 19.915909710942945 95
208.02381393817768 19.915909710942945 95
208.02381393817768 19.915909710942945 95
