206.27524120410203 28.244731653700097 95
208.21588958701813 23.608172811267515 95
205.87867895184178 18.40813822863318 95
201.18970174597771 13.241772402685935 95
199.11735615103018 8.530444268841006 95
196.763111328487 3.810252003925666 95
197.04835137020928 -0.8060535233758193 95
197.37804417795596 -5.330119743951744 95
204.62270573511677 -10.164345657237648 95
209.82588709795317 -15.190053606126607 95
206.79898266453552 -19.855560151079654 95
199.84874012016908 14.07859564936864 40
199.8969531467147 9.190586070142967 40
206.09903809916256 4.671657630150939 40
207.4999679467518 -0.1175370109635155 40
201.13838518265212 -5.076991549395859 40
199.00234779715493 -9.60357389026112 40
208.21588958701813 23.608172811267515 95
208.21588958701813 23.608172811267515 95
208.21588958701813 23.608172811267515 95
208.21588958701813 23.608172811267515 95
208.21588958701813 23.608172811267515 95
208.21588958701813 23.608172811267515 95
208.21588958701813 23.608172811267515 95
208.21588958701813 23.608172811267515 95
208.21588958701813 23.608172811267515 95
208.21588958701813 23.608172811267515 95
208.21588958701813 23.608172811267515 95
208.21588958701813 23.608172811267515 95
208.21588958701813 23.608172811267515 95
208.21588958701813 23.608172811267515 95
208.21588958701813 23.608172811267515 95
