206.2369566291524 26.636820762717143 95
210.31713989531195 22.33720363554452 95
203.9949649002712 16.67063047209436 95
199.85277515898014 11.785934890967983 95
198.57705884491506 6.988683746109966 95
196.23650706614103 2.3012593248876723 95
197.68703223015916 -2.264351569878478 95
201.63465990094792 -6.821028267722217 95
206.10831591014667 -11.872851918691602 95
203.99258661132654 -16.390457822173367 95
200.00605047311737 13.975285026608319 40
199.99180954207026 9.308445810938007 40
205.84909759239258 4.666203908891843 40
207.0749920024913 -0.058652606967331586 40
200.79256504739132 -4.897681178972158 40
199.12721349132622 -9.609366853158104 40
210.31713989531195 22.33720363554452 95
210.31713989531195 22.33720363554452 95
210.31713989531195 22.33720363554452 95
210.31713989531195 22.33720363554452 95
210.31713989531195 22.33720363554452 95
210.31713989531195 22.33720363554452 95
210.31713989531195 22.33720363554452 95
210.31713989531195 22.33720363554452 95
210.31713989531195 22.33720363554452 95
210.31713989531195 22.33720363554452 95
210.31713989531195 22.33720363554452 95
210.31713989531195 22.33720363554452 95
210.31713989531195 22.33720363554452 95
210.31713989531195 22.33720363554452 95
210.31713989531195 22.33720363554452 95
210.31713989531195 22.33720363554452 95
