205.3432894384576 24.076876512409953 95
207.68809277247078 19.483739901096264 95
202.08538357698052 14.075807953529914 95
199.18575534203254 9.24093441292386 95
197.54565886217154 4.633860670170037 95
196.65 -0.0 95
196.5971704212925 -4.557969102711672 95
203.90825078931817 -9.40430141161624 95
208.24940667332885 -14.448083617092468 95
206.08182976157627 -18.936259982390858 95
200.1383652429122 13.870144700329789 40
199.9543556051603 9.022665063191424 40
206.50146375875966 4.563391868940906 40
206.4494896470331 -0.4678569514876817 40
200.4843661531605 -5.23178456311994 40
199.26374741965543 -9.898939618023979 40
207.68809277247078 19.483739901096264 95
207.68809277247078 19.483739901096264 95
207.68809277247078 19.483739901096264 95
207.68809277247078 19.483739901096264 95
207.68809277247078 19.483739901096264 95
207.68809277247078 19.483739901096264 95
207.68809277247078 19.483739901096264 95
207.68809277247078 19.483739901096264 95
207.68809277247078 19.483739901096264 95
207.68809277247078 19.483739901096264 95
207.68809277247078 19.483739901096264 95
207.68809277247078 19.483739901096264 95
207.68809277247078 19.483739901096264 95
207.68809277247078 19.483739901096264 95
207.68809277247078 19.483739901096264 95
207.68809277247078 19.483739901096264 95
