208.49190195232273 28.085003922076503 95
208.1426644631878 23.14004872866136 95
205.83872949320693 18.008555345234768 95
201.79195161818225 12.83932483136061 95
198.94220821470395 7.925136633356867 95
196.64778780306852 3.271571053689667 95
197.14541816011868 -1.3440976422670883 95
197.34095658750667 -5.759989420807139 95
204.59422593284333 -10.722329035273017 95
209.55501322719903 -15.802497630072434 95
206.15804558974628 -20.248030487336145 95
199.77171561104433 13.731890512355514 40
199.9068548294148 8.963800251045164 40
206.80139589172464 4.569772747805402 40
206.42480066656458 -0.29237664757079257 40
200.53576975306441 -5.176169770873296 40
199.24414344261055 -9.784714290088644 40
208.1426644631878 23.14004872866136 95
208.1426644631878 23.14004872866136 95
208.1426644631878 23.14004872866136 95
208.1426644631878 23.14004872866136 95
208.1426644631878 23.14004872866136 95
208.1426644631878 23.14004872866136 95
208.1426644631878 23.14004872866136 95
208.1426644631878 23.14004872866136 95
208.1426644631878 23.14004872866136 95
208.1426644631878 23.14004872866136 95
208.1426644631878 23.14004872866136 95
208.1426644631878 23.14004872866136 95
208.1426644631878 23.14004872866136 95
208.1426644631878 23.14004872866136 95
208.1426644631878 23.14004872866136 95
