207.32899394249148 22.992352441503897 95
206.3119219748005 18.049954323040012 95
202.0164975584102 12.853611913888102 95
199.28536900092965 8.102110969575024 95
197.5967525201671 3.341260014402021 95
198.17110176598564 -1.2430003440706803 95
197.74390484842857 -5.663807932445225 95
204.67204066941912 -10.670438988891302 95
209.1853689395486 -15.717253151391763 95
206.50083078448088 -20.338556618383564 95
199.82614900404096 12.881863807313048 40
201.71093916590888 8.296843927208723 40
203.82118770880902 -1.270851143720884 40
200.38790358837247 -6.025550849771958 40
201.796024139302 -10.822840678001636 40
206.3119219748005 18.049954323040012 95
206.3119219748005 18.049954323040012 95
206.3119219748005 18.049954323040012 95
206.3119219748005 18.049954323040012 95
206.3119219748005 18.049954323040012 95
206.3119219748005 18.049954323040012 95
206.3119219748005 18.049954323040012 95
206.3119219748005 18.049954323040012 95
206.3119219748005 18.049954323040012 95
206.3119219748005 18.049954323040012 95
206.3119219748005 18.049954323040012 95
206.3119219748005 18.049954323040012 95
206.3119219748005 18.049954323040012 95
206.3119219748005 18.049954323040012 95
206.3119219748005 18.049954323040012 95
206.3119219748005 18.049954323040012 95
206.3119219748005 18.049954323040012 95
