206.00030283416305 26.320730560398896 95
210.01724919352213 21.842104779210892 95
205.28390468736 16.550558187290378 95
200.0246662351351 11.412948677830958 95
198.91485823681813 6.620407663168349 95
196.7405184127478 1.931557579584116 95
198.05873012462024 -2.5387095979738907 95
201.54827623291774 -7.148284587191976 95
206.14184850314382 -12.156820953970726 95
205.35159746844542 -16.950631762785626 95
200.86981052701398 15.578984254734815 40
200.04246339329953 10.846153707542225 40
204.18631602936452 6.135382211944277 40
202.4727534483224 -3.3867470944377858 40
199.61033305781075 -8.270443314895271 40
210.01724919352213 21.842104779210892 95
210.01724919352213 21.842104779210892 95
210.01724919352213 21.842104779210892 95
210.01724919352213 21.842104779210892 95
210.01724919352213 21.842104779210892 95
210.01724919352213 21.842104779210892 95
210.01724919352213 21.842104779210892 95
210.01724919352213 21.842104779210892 95
210.01724919352213 21.842104779210892 95
210.01724919352213 21.842104779210892 95
210.01724919352213 21.842104779210892 95
210.01724919352213 21.842104779210892 95
210.01724919352213 21.842104779210892 95
210.01724919352213 21.842104779210892 95
210.01724919352213 21.842104779210892 95
210.01724919352213 21.842104779210892 95
210.01724919352213 21.842104779210892 95
