206.83582759184833 23.794546106097386 95
210.2799466897784 19.14853832917678 95
203.66209626754684 13.73922009826182 95
201.3984092395839 9.013365396181616 95
199.05723901606115 4.1262083445577735 95
197.19964069136842 -0.37644547440466114 95
198.18624406700172 -5.027440960848915 95
205.26334342265736 -9.859505411136112 95
209.493218233037 -14.936269258591391 95
207.48365109743176 -19.521642535381183 95
202.8071874007387 16.475200763263132 40
200.68609773485315 11.450441572241962 40
203.3386658779238 6.860816637928704 40
203.4318845655238 -2.767794983559365 40
200.14007174631337 -7.495742687653907 40
208.30612614107127 -12.637856576293533 40
210.2799466897784 19.14853832917678 95
210.2799466897784 19.14853832917678 95
210.2799466897784 19.14853832917678 95
210.2799466897784 19.14853832917678 95
210.2799466897784 19.14853832917678 95
210.2799466897784 19.14853832917678 95
210.2799466897784 19.14853832917678 95
210.2799466897784 19.14853832917678 95
210.2799466897784 19.14853832917678 95
210.2799466897784 19.14853832917678 95
210.2799466897784 19.14853832917678 95
210.2799466897784 19.14853832917678 95
210.2799466897784 19.14853832917678 95
210.2799466897784 19.14853832917678 95
210.2799466897784 19.14853832917678 95
210.2799466897784 19.14853832917678 95
