205.70988189057516 26.226610866934692 95
208.7680260244985 21.769733802559664 95
204.95544185759073 16.580334072621948 95
200.69229453057514 11.56086247011342 95
198.68817197005393 6.667107258645349 95
196.31445846865773 2.034458443334475 95
196.80883279958795 -2.5226884595287964 95
200.37401455163013 -7.106637212009635 95
205.61775905779686 -12.12591378205362 95
204.11499301052012 -16.7364759825752 95
208.28371000231755 -21.834073661836104 95
200.34580332953814 11.716734185318575 40
202.7333142029047 7.013756843507403 40
202.8105049794608 -2.4721681384429934 40
200.0232006440248 -7.264330238625034 40
207.8522791744988 -12.256980671202856 40
208.7680260244985 21.769733802559664 95
208.7680260244985 21.769733802559664 95
208.7680260244985 21.769733802559664 95
208.7680260244985 21.769733802559664 95
208.7680260244985 21.769733802559664 95
208.7680260244985 21.769733802559664 95
208.7680260244985 21.769733802559664 95
208.7680260244985 21.769733802559664 95
208.7680260244985 21.769733802559664 95
208.7680260244985 21.769733802559664 95
208.7680260244985 21.769733802559664 95
208.7680260244985 21.769733802559664 95
208.7680260244985 21.769733802559664 95
208.7680260244985 21.769733802559664 95
208.7680260244985 21.769733802559664 95
208.7680260244985 21.769733802559664 95
