204.9655557540194 24.71281963770957 95
209.73270749616017 20.425891200388826 95
203.1938354368623 15.044192914787022 95
199.5679915610517 10.131503801903836 95
198.14981373531552 5.4591154649597335 95
196.14835890010937 0.8023719797518114 95
196.31215166865343 -3.8550755146448323 95
202.5415761539678 -8.621806891044015 95
206.06154310743713 -13.449552118261309 95
204.01609616903775 -18.185519760126294 95
200.21435905917969 13.476022468629107 40
200.66584781349238 8.768492246471975 40
208.0617435272512 4.066077220654782 40
206.1482083021077 -0.8760028522165506 40
200.39902638642374 -5.627737217626583 40
199.4220597277337 -10.24669523819562 40
209.73270749616017 20.425891200388826 95
209.73270749616017 20.425891200388826 95
209.73270749616017 20.425891200388826 95
209.73270749616017 20.425891200388826 95
209.73270749616017 20.425891200388826 95
209.73270749616017 20.425891200388826 95
209.73270749616017 20.425891200388826 95
209.73270749616017 20.425891200388826 95
209.73270749616017 20.425891200388826 95
209.73270749616017 20.425891200388826 95
209.73270749616017 20.425891200388826 95
209.73270749616017 20.425891200388826 95
209.73270749616017 20.425891200388826 95
209.73270749616017 20.425891200388826 95
209.73270749616017 20.425891200388826 95
209.73270749616017 20.425891200388826 95
