206.37238572129255 22.772330506604895 95
206.16740390016966 17.98065819330055 95
201.67763403635655 12.666394692154672 95
198.944362062811 7.8708832681705845 95
197.24680254732937 3.3353425393595684 95
196.49543326636226 -1.339666176543436 95
196.90975070608465 -5.962388520349328 95
203.97008247362172 -10.689619062621402 95
208.20883541203497 -15.700982656003642 95
206.6749881116485 -20.3557096179412 95
200.28551838529583 13.537668040271646 40
200.66584781349238 8.768492246471975 40
208.10948431733976 4.1848880622389455 40
205.5484436046983 -0.8153122168804012 40
200.52702111235482 -5.517378544882587 40
199.17236421825046 -10.234360225269613 40
206.16740390016966 17.98065819330055 95
206.16740390016966 17.98065819330055 95
206.16740390016966 17.98065819330055 95
206.16740390016966 17.98065819330055 95
206.16740390016966 17.98065819330055 95
206.16740390016966 17.98065819330055 95
206.16740390016966 17.98065819330055 95
206.16740390016966 17.98065819330055 95
206.16740390016966 17.98065819330055 95
206.16740390016966 17.98065819330055 95
206.16740390016966 17.98065819330055 95
206.16740390016966 17.98065819330055 95
206.16740390016966 17.98065819330055 95
206.16740390016966 17.98065819330055 95
206.16740390016966 17.98065819330055 95
206.16740390016966 17.98065819330055 95
