207.18706370550112 25.496727889919832 95
211.5227859400573 21.124432611473843 95
205.8982863208724 15.75264073506592 95
202.18583552177387 10.81727966552635 95
199.58516588632307 5.988921700014732 95
197.22077576870788 1.2908253906109421 95
198.19846518712288 -3.2433042516607506 95
202.17117342305704 -7.888108882628171 95
206.64285105642767 -12.978235907512593 95
206.0068598161375 -17.513886167674777 95
202.0772503491875 16.187615195723097 40
200.37393296309264 11.20534187307865 40
203.34602412924806 6.6302778794936215 40
203.12794535579147 -3.0517519299473337 40
200.18591911379744 -7.6110911007154245 40
209.14772685543034 -12.8058715642246 40
211.5227859400573 21.124432611473843 95
211.5227859400573 21.124432611473843 95
211.5227859400573 21.124432611473843 95
211.5227859400573 21.124432611473843 95
211.5227859400573 21.124432611473843 95
211.5227859400573 21.124432611473843 95
211.5227859400573 21.124432611473843 95
211.5227859400573 21.124432611473843 95
211.5227859400573 21.124432611473843 95
211.5227859400573 21.124432611473843 95
211.5227859400573 21.124432611473843 95
211.5227859400573 21.124432611473843 95
211.5227859400573 21.124432611473843 95
211.5227859400573 21.124432611473843 95
211.5227859400573 21.124432611473843 95
211.5227859400573 21.124432611473843 95
