207.79699210880094 26.26237937687514 95
209.3387447005466 21.598436684153054 95
206.04947601544382 16.38607438531411 95
202.3053475483295 11.377037327424123 95
199.59485256950288 6.4795700288220575 95
197.11602076600013 1.8814840891708209 95
198.35800473249364 -2.5966485214649535 95
200.7428867572927 -7.284163737091648 95
206.08192288475843 -12.322481897754283 95
205.92464851694996 -16.997933938294373 95
209.72656197473808 -22.216642461370075 95
201.480225570801 15.796857909291257 40
200.58874407186164 10.931672860244662 40
204.57756970262207 6.436806997794497 40
202.87361917918355 -3.3356759843650883 40
199.99613993155972 -8.001766903067795 40
209.3387447005466 21.598436684153054 95
209.3387447005466 21.598436684153054 95
209.3387447005466 21.598436684153054 95
209.3387447005466 21.598436684153054 95
209.3387447005466 21.598436684153054 95
209.3387447005466 21.598436684153054 95
209.3387447005466 21.598436684153054 95
209.3387447005466 21.598436684153054 95
209.3387447005466 21.598436684153054 95
209.3387447005466 21.598436684153054 95
209.3387447005466 21.598436684153054 95
209.3387447005466 21.598436684153054 95
209.3387447005466 21.598436684153054 95
209.3387447005466 21.598436684153054 95
209.3387447005466 21.598436684153054 95
209.3387447005466 21.598436684153054 95
