206.77618696216828 22.75981393567247 95
207.44741889002475 17.97829304652148 95
202.29444511519074 12.815907128918955 95
199.61883441033686 7.897567578597584 95
197.87171321311104 3.345909459076187 95
196.99504805406792 -1.396797113207664 95
197.53446438218265 -5.981304727584172 95
204.44443150263012 -10.714478641837127 95
208.83635271202462 -15.691029632845888 95
207.40459362377237 -20.598911834313945 95
200.35014337660488 12.914342993284446 40
202.1583121183205 8.371945567105517 40
204.62151328443343 -1.2176672934348698 40
200.31456979862259 -5.9665743617923095 40
205.39124340338145 -11.008308850991648 40
207.44741889002475 17.97829304652148 95
207.44741889002475 17.97829304652148 95
207.44741889002475 17.97829304652148 95
207.44741889002475 17.97829304652148 95
207.44741889002475 17.97829304652148 95
207.44741889002475 17.97829304652148 95
207.44741889002475 17.97829304652148 95
207.44741889002475 17.97829304652148 95
207.44741889002475 17.97829304652148 95
207.44741889002475 17.97829304652148 95
207.44741889002475 17.97829304652148 95
207.44741889002475 17.97829304652148 95
207.44741889002475 17.97829304652148 95
207.44741889002475 17.97829304652148 95
207.44741889002475 17.97829304652148 95
207.44741889002475 17.97829304652148 95
207.44741889002475 17.97829304652148 95
