206.71401553333135 22.63886662546621 95
207.70627182480467 17.886594691006955 95
202.26182780967176 12.536965784857605 95
199.6231121739341 7.788691224648915 95
197.72440377389907 3.181611581592823 95
197.6700310867405 -1.4015830931637763 95
197.4328725300217 -6.032119821770417 95
204.08904695802042 -10.807475966521412 95
208.26636588509547 -15.93381517451327 95
207.06993651241174 -20.679733865448462 95
200.16363019203308 15.29799628299367 40
199.8851545328811 10.496905488768705 40
204.46452020582615 6.027450017054869 40
202.74188694647697 -3.7360020393892874 40
199.97818780417907 -8.455524684466365 40
207.70627182480467 17.886594691006955 95
207.70627182480467 17.886594691006955 95
207.70627182480467 17.886594691006955 95
207.70627182480467 17.886594691006955 95
207.70627182480467 17.886594691006955 95
207.70627182480467 17.886594691006955 95
207.70627182480467 17.886594691006955 95
207.70627182480467 17.886594691006955 95
207.70627182480467 17.886594691006955 95
207.70627182480467 17.886594691006955 95
207.70627182480467 17.886594691006955 95
207.70627182480467 17.886594691006955 95
207.70627182480467 17.886594691006955 95
207.70627182480467 17.886594691006955 95
207.70627182480467 17.886594691006955 95
207.70627182480467 17.886594691006955 95
207.70627182480467 17.886594691006955 95
