207.68042314742783 27.168811922962647 95
205.9177661360694 22.09713984956049 95
205.8514548847224 17.274523056892086 95
200.916149327342 12.013599147349936 95
199.11498512922864 7.333839171065537 95
197.35665193734786 2.691200676375812 95
196.7405184127478 -1.931557579584116 95
197.24782880808615 -6.349529942911778 95
204.28656204942493 -11.320802357892365 95
209.36159543227768 -16.36222350572461 95
207.01095004235293 -21.01599837177512 95
201.8235722031001 16.225629353909145 40
201.11045941684984 11.473725962998973 40
203.29604871564453 6.628710067273886 40
203.12957842522852 -2.9365990508210857 40
200.06100256566725 -7.606524263381291 40
209.34387642487508 -12.876917550742856 40
205.9177661360694 22.09713984956049 95
205.9177661360694 22.09713984956049 95
205.9177661360694 22.09713984956049 95
205.9177661360694 22.09713984956049 95
205.9177661360694 22.09713984956049 95
205.9177661360694 22.09713984956049 95
205.9177661360694 22.09713984956049 95
205.9177661360694 22.09713984956049 95
205.9177661360694 22.09713984956049 95
205.9177661360694 22.09713984956049 95
205.9177661360694 22.09713984956049 95
205.9177661360694 22.09713984956049 95
205.9177661360694 22.09713984956049 95
205.9177661360694 22.09713984956049 95
205.9177661360694 22.09713984956049 95
