206.30129163514067 23.84706889059207 95
209.73087014057788 19.38692175349306 95
203.42251483268973 13.945983620531209 95
201.04382182655792 9.107370936292751 95
198.75502677810033 4.228395728479606 95
196.8748169813683 -0.2684465547042454 95
197.7667354147139 -4.8009362010488905 95
203.8925900821068 -9.737932768814865 95
208.0300112395891 -14.717911660844631 95
206.44883107109544 -19.310687439298796 95
201.36225818726234 12.747836943187728 40
202.34660181940663 8.034743494847822 40
205.09464335188767 -1.5109515980969623 40
201.02746218372758 -6.386366575004623 40
205.6007199722107 -11.311163837255018 40
209.73087014057788 19.38692175349306 95
209.73087014057788 19.38692175349306 95
209.73087014057788 19.38692175349306 95
209.73087014057788 19.38692175349306 95
209.73087014057788 19.38692175349306 95
209.73087014057788 19.38692175349306 95
209.73087014057788 19.38692175349306 95
209.73087014057788 19.38692175349306 95
209.73087014057788 19.38692175349306 95
209.73087014057788 19.38692175349306 95
209.73087014057788 19.38692175349306 95
209.73087014057788 19.38692175349306 95
209.73087014057788 19.38692175349306 95
209.73087014057788 19.38692175349306 95
209.73087014057788 19.38692175349306 95
209.73087014057788 19.38692175349306 95
209.73087014057788 19.38692175349306 95
