203.7504097765076 23.270714232812814 95
208.75603852095628 19.06717089756687 95
201.81629159837374 13.614700528479602 95
199.1329083228723 8.748739787793758 95
197.1837490320955 4.033576904878897 95
195.924271458362 -0.5343018903943482 95
195.83699981198305 -4.967847083128234 95
202.90800776011181 -9.912763833684593 95
206.37211040707166 -14.770309615286555 95
204.97879564982924 -19.45516214133292 95
199.42457492550494 12.06218645078867 40
202.51353313340974 7.581218087405167 40
203.49143553750346 -1.9033376699955784 40
200.11351372726625 -6.812931020563459 40
207.1264103204503 -11.80381644372906 40
208.75603852095628 19.06717089756687 95
208.75603852095628 19.06717089756687 95
208.75603852095628 19.06717089756687 95
208.75603852095628 19.06717089756687 95
208.75603852095628 19.06717089756687 95
208.75603852095628 19.06717089756687 95
208.75603852095628 19.06717089756687 95
208.75603852095628 19.06717089756687 95
208.75603852095628 19.06717089756687 95
208.75603852095628 19.06717089756687 95
208.75603852095628 19.06717089756687 95
208.75603852095628 19.06717089756687 95
208.75603852095628 19.06717089756687 95
208.75603852095628 19.06717089756687 95
208.75603852095628 19.06717089756687 95
208.75603852095628 19.06717089756687 95
208.75603852095628 19.06717089756687 95
