204.6925330955919 24.6799011325008 95
209.45343163913518 20.456355359401883 95
202.72421758136073 14.953836665722582 95
199.5679915610517 10.131503801903836 95
198.1027799694425 5.349690961041549 95
195.9983601550927 0.8017583891416977 95
196.36421597681635 -3.7489576965099287 95
202.09895371846827 -8.437329607193409 95
205.74088754623727 -13.37227791689044 95
203.93619740790226 -17.954192039886443 95
199.4355016783918 14.61899939920348 40
199.3440321730323 9.78943038325269 40
203.63191863295975 5.368520814182151 40
205.8494910749267 0.46654795556887246 40
200.88130189646625 -4.272861223736937 40
198.30345775665364 -9.007403490941702 40
209.45343163913518 20.456355359401883 95
209.45343163913518 20.456355359401883 95
209.45343163913518 20.456355359401883 95
209.45343163913518 20.456355359401883 95
209.45343163913518 20.456355359401883 95
209.45343163913518 20.456355359401883 95
209.45343163913518 20.456355359401883 95
209.45343163913518 20.456355359401883 95
209.45343163913518 20.456355359401883 95
209.45343163913518 20.456355359401883 95
209.45343163913518 20.456355359401883 95
209.45343163913518 20.456355359401883 95
209.45343163913518 20.456355359401883 95
209.45343163913518 20.456355359401883 95
209.45343163913518 20.456355359401883 95
209.45343163913518 20.456355359401883 95
