204.93166834422072 24.992274999573798 95
209.66845568683624 20.82375302142199 95
203.3518119937907 15.27894576998008 95
199.62604399743933 10.461957652964502 95
198.06721715330858 5.7271274775500025 95
195.27237869432162 1.0118023826094693 95
196.39318457711684 -3.535205320560407 95
201.0883122236947 -8.06555559313107 95
205.47016160947618 -12.904584967202078 95
203.68651599022962 -17.65235688971678 95
200.4125472928884 15.659186788896653 40
198.81617664767222 10.838776537914136 40
203.90287893243627 6.416377493980589 40
201.39969919833106 -3.255242026097612 40
199.59643560308206 -7.9863899789209825 40
209.66845568683624 20.82375302142199 95
209.66845568683624 20.82375302142199 95
209.66845568683624 20.82375302142199 95
209.66845568683624 20.82375302142199 95
209.66845568683624 20.82375302142199 95
209.66845568683624 20.82375302142199 95
209.66845568683624 20.82375302142199 95
209.66845568683624 20.82375302142199 95
209.66845568683624 20.82375302142199 95
209.66845568683624 20.82375302142199 95
209.66845568683624 20.82375302142199 95
209.66845568683624 20.82375302142199 95
209.66845568683624 20.82375302142199 95
209.66845568683624 20.82375302142199 95
209.66845568683624 20.82375302142199 95
209.66845568683624 20.82375302142199 95
209.66845568683624 20.82375302142199 95
