206.08640180253914 23.082149316785667 95
206.3668172139183 18.281613112557555 95
200.77991393581095 12.994851285349617 95
198.8540388564149 8.247536328591245 95
196.86713391070867 3.5974415607625394 95
196.39763380564926 -0.9640723738911458 95
196.15057233049458 -5.404035475402822 95
203.6598910719068 -10.394921528277955 95
207.91012795608995 -15.336372396440632 95
205.60224961926343 -20.023625458395358 95
199.79563935047412 12.140624651462026 40
202.14287236829938 7.4531079289546485 40
202.96367184731986 -2.186272100254655 40
200.23658000336832 -6.8738088786918565 40
207.0667587060628 -11.977032172794233 40
206.3668172139183 18.281613112557555 95
206.3668172139183 18.281613112557555 95
206.3668172139183 18.281613112557555 95
206.3668172139183 18.281613112557555 95
206.3668172139183 18.281613112557555 95
206.3668172139183 18.281613112557555 95
206.3668172139183 18.281613112557555 95
206.3668172139183 18.281613112557555 95
206.3668172139183 18.281613112557555 95
206.3668172139183 18.281613112557555 95
206.3668172139183 18.281613112557555 95
206.3668172139183 18.281613112557555 95
206.3668172139183 18.281613112557555 95
206.3668172139183 18.281613112557555 95
206.3668172139183 18.281613112557555 95
206.3668172139183 18.281613112557555 95
206.3668172139183 18.281613112557555 95
