206.4510104553007 27.122516604941506 95
207.06780857828198 22.391924338653176 95
205.44814650292687 17.297101592807305 95
199.78331454636557 12.109902099850206 95
198.7382356146524 7.374234182266697 95
196.08103400041347 2.7272890071815006 95
196.81702978566958 -1.7712739333201113 95
196.79806178014778 -6.335051663335883 95
203.99923124268722 -11.081680937142634 95
205.94700750677507 -16.095363431880937 95
207.34573757690282 -20.93573759603779 95
199.84694868842863 12.541791973626324 40
201.72205727718747 8.0108873680819 40
203.0933984372297 -1.6694718389350567 40
200.1795854228923 -6.303636898861777 40
205.36984025245107 -11.415642585659347 40
207.06780857828198 22.391924338653176 95
207.06780857828198 22.391924338653176 95
207.06780857828198 22.391924338653176 95
207.06780857828198 22.391924338653176 95
207.06780857828198 22.391924338653176 95
207.06780857828198 22.391924338653176 95
207.06780857828198 22.391924338653176 95
207.06780857828198 22.391924338653176 95
207.06780857828198 22.391924338653176 95
207.06780857828198 22.391924338653176 95
207.06780857828198 22.391924338653176 95
207.06780857828198 22.391924338653176 95
207.06780857828198 22.391924338653176 95
207.06780857828198 22.391924338653176 95
207.06780857828198 22.391924338653176 95
207.06780857828198 22.391924338653176 95
