205.2844179333406 26.399969294859993 95
208.34036219498475 22.012348363193137 95
204.74247301643194 16.73171742875299 95
199.7811107205421 11.727038171102608 95
198.40025555542329 7.0366341771283505 95
195.96024344292636 2.4049147155445287 95
196.66147784577473 -2.306242943806809 95
200.40474660493166 -6.943569918502237 95
204.31768377848965 -11.65789841236884 95
203.8091864988735 -16.487605152580706 95
208.25767018267334 -21.60169981933961 95
200.3547095393691 15.426296955690166 40
199.72377970236735 10.715938883847837 40
203.98806329195241 6.071791064190519 40
202.47182202996277 -3.4441445073741 40
199.7125025806471 -8.217779303721455 40
208.34036219498475 22.012348363193137 95
208.34036219498475 22.012348363193137 95
208.34036219498475 22.012348363193137 95
208.34036219498475 22.012348363193137 95
208.34036219498475 22.012348363193137 95
208.34036219498475 22.012348363193137 95
208.34036219498475 22.012348363193137 95
208.34036219498475 22.012348363193137 95
208.34036219498475 22.012348363193137 95
208.34036219498475 22.012348363193137 95
208.34036219498475 22.012348363193137 95
208.34036219498475 22.012348363193137 95
208.34036219498475 22.012348363193137 95
208.34036219498475 22.012348363193137 95
208.34036219498475 22.012348363193137 95
208.34036219498475 22.012348363193137 95
