204.75540714943656 25.197484856002223 95
209.45234452455483 20.97535156242158 95
202.81154314568943 15.460852721119888 95
199.39562300351182 10.558937069676638 95
197.99067988385656 5.778953549582762 95
195.84678836804835 1.121599715086797 95
196.3710147739809 -3.374100863484764 95
201.3674664224409 -7.966749124149198 95
205.69118848875874 -12.974782390542378 95
203.8359558405526 -17.665307995285225 95
198.87770399464225 14.352916599255554 40
199.59641914802174 9.744607838126548 40
204.7359086185523 5.222373429675399 40
206.1497133280014 0.35040196176622523 40
201.27764577628696 -4.452258228692655 40
199.82202632554223 -9.187273749357677 40
209.45234452455483 20.97535156242158 95
209.45234452455483 20.97535156242158 95
209.45234452455483 20.97535156242158 95
209.45234452455483 20.97535156242158 95
209.45234452455483 20.97535156242158 95
209.45234452455483 20.97535156242158 95
209.45234452455483 20.97535156242158 95
209.45234452455483 20.97535156242158 95
209.45234452455483 20.97535156242158 95
209.45234452455483 20.97535156242158 95
209.45234452455483 20.97535156242158 95
209.45234452455483 20.97535156242158 95
209.45234452455483 20.97535156242158 95
209.45234452455483 20.97535156242158 95
209.45234452455483 20.97535156242158 95
209.45234452455483 20.97535156242158 95
