206.02351779597856 23.416503047425863 95
206.26699936241434 18.55626508825949 95
200.8046308971049 13.381431548136797 95
198.91753943637787 8.521883863152246 95
196.28715648764137 3.854584672333327 95
196.29911677747629 -0.5888568439966984 95
196.23412691384658 -5.085020586030341 95
203.30481511056286 -9.987725109345837 95
207.73546180828697 -14.98177333621563 95
205.4356482904243 -19.66812234284434 95
199.70837929452105 12.760845224489694 40
201.83584145248773 8.301785466177039 40
203.27084408027562 -1.3251666339977204 40
200.31293492177397 -6.023383125517108 40
203.9681357780167 -10.934894365849374 40
206.26699936241434 18.55626508825949 95
206.26699936241434 18.55626508825949 95
206.26699936241434 18.55626508825949 95
206.26699936241434 18.55626508825949 95
206.26699936241434 18.55626508825949 95
206.26699936241434 18.55626508825949 95
206.26699936241434 18.55626508825949 95
206.26699936241434 18.55626508825949 95
206.26699936241434 18.55626508825949 95
206.26699936241434 18.55626508825949 95
206.26699936241434 18.55626508825949 95
206.26699936241434 18.55626508825949 95
206.26699936241434 18.55626508825949 95
206.26699936241434 18.55626508825949 95
206.26699936241434 18.55626508825949 95
206.26699936241434 18.55626508825949 95
206.26699936241434 18.55626508825949 95
