204.62446804588905 25.238020959198387 95
209.3968668062392 21.02747421185267 95
202.88210077065133 15.521881712191808 95
199.34569296144258 10.556293038859163 95
197.810964461767 5.935683507865164 95
195.771476566468 1.1745586340695786 95
195.37384334752838 -3.197082359815149 95
201.0405439115944 -8.008726723411712 95
204.82143978775838 -12.863841893838014 95
203.4968510383324 -17.52410104635203 95
199.9188971886064 13.001454413784776 40
201.6155092293181 8.178564393196172 40
203.44619445781973 -1.2686013187290903 40
200.23796625517542 -6.021215401264056 40
204.2677373833566 -10.950350046932721 40
209.3968668062392 21.02747421185267 95
209.3968668062392 21.02747421185267 95
209.3968668062392 21.02747421185267 95
209.3968668062392 21.02747421185267 95
209.3968668062392 21.02747421185267 95
209.3968668062392 21.02747421185267 95
209.3968668062392 21.02747421185267 95
209.3968668062392 21.02747421185267 95
209.3968668062392 21.02747421185267 95
209.3968668062392 21.02747421185267 95
209.3968668062392 21.02747421185267 95
209.3968668062392 21.02747421185267 95
209.3968668062392 21.02747421185267 95
209.3968668062392 21.02747421185267 95
209.3968668062392 21.02747421185267 95
209.3968668062392 21.02747421185267 95
209.3968668062392 21.02747421185267 95
