204.20952506542207 25.130307848388064 95
208.9967603494437 20.757041899972315 95
202.49587239863257 15.325706721607371 95
198.90487289744596 10.369771581421912 95
197.66423750627467 5.823376259785307 95
194.94710034088024 1.0632820335051756 95
195.7960996339858 -3.3642225131977552 95
200.1162769974879 -7.971907278982485 95
204.3403435487682 -12.945520397859278 95
203.35791580473875 -17.67975408632117 95
200.13457500818814 13.926905117825385 40
200.07428311022818 9.141571701004803 40
206.5489310113485 4.681474328416673 40
206.54980055036225 -0.29254708983358885 40
200.58854717189465 -5.063643818267872 40
199.39129853032577 -9.848345998455361 40
208.9967603494437 20.757041899972315 95
208.9967603494437 20.757041899972315 95
208.9967603494437 20.757041899972315 95
208.9967603494437 20.757041899972315 95
208.9967603494437 20.757041899972315 95
208.9967603494437 20.757041899972315 95
208.9967603494437 20.757041899972315 95
208.9967603494437 20.757041899972315 95
208.9967603494437 20.757041899972315 95
208.9967603494437 20.757041899972315 95
208.9967603494437 20.757041899972315 95
208.9967603494437 20.757041899972315 95
208.9967603494437 20.757041899972315 95
208.9967603494437 20.757041899972315 95
208.9967603494437 20.757041899972315 95
208.9967603494437 20.757041899972315 95
