203.02868466502517 23.637114950640193 95
206.5981791524104 19.32465707091669 95
200.8345824185591 14.043722076536238 95
198.51398475496512 9.155516463066013 95
196.29970401243858 4.443951465644092 95
194.72499275920083 0.053103005408929274 95
194.8951336380614 -4.6248658577502715 95
201.3884573619462 -9.233051574402865 95
205.73434654905486 -14.21721755595656 95
204.40358156964805 -18.89448243536279 95
200.36063917056472 12.743882627901503 40
201.66547121459502 8.180513759038632 40
203.52008407973167 -1.4421012111646423 40
200.31128455279924 -6.0801914412878455 40
204.2647432455447 -11.008236684546178 40
206.5981791524104 19.32465707091669 95
206.5981791524104 19.32465707091669 95
206.5981791524104 19.32465707091669 95
206.5981791524104 19.32465707091669 95
206.5981791524104 19.32465707091669 95
206.5981791524104 19.32465707091669 95
206.5981791524104 19.32465707091669 95
206.5981791524104 19.32465707091669 95
206.5981791524104 19.32465707091669 95
206.5981791524104 19.32465707091669 95
206.5981791524104 19.32465707091669 95
206.5981791524104 19.32465707091669 95
206.5981791524104 19.32465707091669 95
206.5981791524104 19.32465707091669 95
206.5981791524104 19.32465707091669 95
206.5981791524104 19.32465707091669 95
206.5981791524104 19.32465707091669 95
