206.5947856609642 27.370687563527987 95
204.93692435012673 22.331133825008465 95
204.9261906286844 17.53459493162312 95
199.44560289297885 12.307806939344887 95
198.15342084279746 7.62311014594444 95
195.67955911024575 2.8284530082438453 95
196.01753596865416 -1.7106191210700517 95
195.07735078853648 -6.173154325487492 95
203.10355740954085 -10.977475465212652 95
207.65941773363565 -16.001307806782613 95
205.13199349768684 -20.712215445600243 95
200.38940980720645 13.087928797337156 40
201.0069451398327 8.383168154997232 40
203.99744585945845 -1.0406483872931553 40
200.56928476391985 -5.803098574633023 40
202.42900448849542 -10.682886781239144 40
204.93692435012673 22.331133825008465 95
204.93692435012673 22.331133825008465 95
204.93692435012673 22.331133825008465 95
204.93692435012673 22.331133825008465 95
204.93692435012673 22.331133825008465 95
204.93692435012673 22.331133825008465 95
204.93692435012673 22.331133825008465 95
204.93692435012673 22.331133825008465 95
204.93692435012673 22.331133825008465 95
204.93692435012673 22.331133825008465 95
204.93692435012673 22.331133825008465 95
204.93692435012673 22.331133825008465 95
204.93692435012673 22.331133825008465 95
204.93692435012673 22.331133825008465 95
204.93692435012673 22.331133825008465 95
204.93692435012673 22.331133825008465 95
