204.42810320467055 24.3652671879578 95
209.12425913138708 19.963713776461027 95
202.75635931849928 14.511525795298596 95
199.28997349855896 9.6815333467205 95
197.639125983609 4.9056987713401 95
195.82464319668975 0.3738206644233059 95
195.95451604222995 -4.222279319922727 95
202.13243143154938 -8.825292548691284 95
205.69004140909868 -13.763334084562079 95
203.4732619779897 -18.36087307391373 95
200.01514721775388 13.064423178088706 40
200.8025068286251 8.489038053982604 40
210.23964548082057 3.928455855135218 40
203.87244736543758 -1.040034797440322 40
200.46612885873932 -5.914018824073073 40
201.42738338986814 -10.68929775397693 40
209.12425913138708 19.963713776461027 95
209.12425913138708 19.963713776461027 95
209.12425913138708 19.963713776461027 95
209.12425913138708 19.963713776461027 95
209.12425913138708 19.963713776461027 95
209.12425913138708 19.963713776461027 95
209.12425913138708 19.963713776461027 95
209.12425913138708 19.963713776461027 95
209.12425913138708 19.963713776461027 95
209.12425913138708 19.963713776461027 95
209.12425913138708 19.963713776461027 95
209.12425913138708 19.963713776461027 95
209.12425913138708 19.963713776461027 95
209.12425913138708 19.963713776461027 95
209.12425913138708 19.963713776461027 95
209.12425913138708 19.963713776461027 95
