203.57065320515554 23.08148129185604 95
207.63136706246405 18.736089153617897 95
201.17880101678892 13.406365892636453 95
199.21492961549887 8.589052234783162 95
197.38370720071723 4.037667235116198 95
196.0237681367368 -0.6949463827179015 95
195.93142923308505 -5.184114069017313 95
203.10232741367352 -10.033299514564574 95
206.50548123605094 -15.00628933037773 95
204.88815171109187 -19.615705784207925 95
200.64152628778757 15.275912683124641 40
200.20686621138626 10.570075091214365 40
204.2428631080723 5.905309872316932 40
202.66790936945162 -3.6772220363356793 40
199.65345606727607 -8.442322447991215 40
207.63136706246405 18.736089153617897 95
207.63136706246405 18.736089153617897 95
207.63136706246405 18.736089153617897 95
207.63136706246405 18.736089153617897 95
207.63136706246405 18.736089153617897 95
207.63136706246405 18.736089153617897 95
207.63136706246405 18.736089153617897 95
207.63136706246405 18.736089153617897 95
207.63136706246405 18.736089153617897 95
207.63136706246405 18.736089153617897 95
207.63136706246405 18.736089153617897 95
207.63136706246405 18.736089153617897 95
207.63136706246405 18.736089153617897 95
207.63136706246405 18.736089153617897 95
207.63136706246405 18.736089153617897 95
207.63136706246405 18.736089153617897 95
207.63136706246405 18.736089153617897 95
