0.6580750938248603 0.8567606762382132 95
0.5994651561653191 0.7888915797085331 95
0.3887733067349885 0.7121299303491323 95
0.1837544188529235 0.636918681780033 95
0.08131513620411317 0.5636375739374002 95
0.0 0.5001338076394749 95
0.11526021928539557 0.43512128151085894 95
0.06935104841104599 0.36553181638224175 95
0.15329387340350037 0.2977789789419535 95
0.24401134705768032 0.22814746008419975 95
0.33128744300063423 0.15748029129317584 95
0.5899016750077063 0.08614123764229763 95
0.9948087377171752 0.0 95
1.0 1.0 95
0.6580750938248603 0.8567606762382132 40
0.5994651561653191 0.7888915797085331 40
0.3887733067349885 0.7121299303491323 40
0.1837544188529235 0.636918681780033 40
0.08131513620411317 0.5636375739374002 40
0.0 0.5001338076394749 40
0.11526021928539557 0.43512128151085894 40
0.06935104841104599 0.36553181638224175 40
0.15329387340350037 0.2977789789419535 40
0.24401134705768032 0.22814746008419975 40
0.33128744300063423 0.15748029129317584 40
0.5899016750077063 0.08614123764229763 40
0.9948087377171752 0.0 40
1.0 1.0 40
0.0 0.5001338076394749 40
0.1837544188529235 0.636918681780033 40
0.5899016750077063 0.08614123764229763 95
0.5994651561653191 0.7888915797085331 95
0.0 0.5001338076394749 95
0.0 0.5001338076394749 40
0.6580750938248603 0.8567606762382132 95
0.3887733067349885 0.7121299303491323 40
1.0 1.0 95
0.08131513620411317 0.5636375739374002 40
0.6580750938248603 0.8567606762382132 40
0.5994651561653191 0.7888915797085331 95
0.0 0.5001338076394749 40
0.24401134705768032 0.22814746008419975 95
0.5899016750077063 0.08614123764229763 95
0.33128744300063423 0.15748029129317584 95
1.0 1.0 95
0.24401134705768032 0.22814746008419975 95
0.11526021928539557 0.43512128151085894 95
0.3887733067349885 0.7121299303491323 40
0.3887733067349885 0.7121299303491323 95
0.5994651561653191 0.7888915797085331 40
0.5899016750077063 0.08614123764229763 95
0.0 0.5001338076394749 95
0.06935104841104599 0.36553181638224175 95
0.5994651561653191 0.7888915797085331 95
0.5994651561653191 0.7888915797085331 95
0.11526021928539557 0.43512128151085894 95
1.0 1.0 95
1.0 1.0 95
0.1837544188529235 0.636918681780033 95
0.3887733067349885 0.7121299303491323 40
0.11526021928539557 0.43512128151085894 95
0.0 0.5001338076394749 40
1.0 1.0 95
0.0 0.5001338076394749 40
