0.5310468740166135 0.8377040833480693 95
0.5505804256220616 0.7673983766856214 95
0.4034801589962428 0.6950235464662172 95
0.2314130924597998 0.6217686884107199 95
0.1305218828267995 0.5526484521142794 95
0.0 0.48617294224905266 95
0.030644988930061984 0.4198503259558487 95
0.08051657503083808 0.3514627210640083 95
0.12289665383952361 0.2825244217333476 95
0.2058938899200734 0.22320012460436486 95
0.302649369697327 0.14748604101597293 95
0.49388425341134545 0.07970220418919671 95
0.8769555670999494 0.0 95
1.0 1.0 95
0.7237242241676483 0.9138055094602501 95
0.5310468740166135 0.8377040833480693 40
0.5505804256220616 0.7673983766856214 40
0.4034801589962428 0.6950235464662172 40
0.2314130924597998 0.6217686884107199 40
0.1305218828267995 0.5526484521142794 40
0.0 0.48617294224905266 40
0.030644988930061984 0.4198503259558487 40
0.08051657503083808 0.3514627210640083 40
0.12289665383952361 0.2825244217333476 40
0.2058938899200734 0.22320012460436486 40
0.302649369697327 0.14748604101597293 40
0.49388425341134545 0.07970220418919671 40
0.8769555670999494 0.0 40
1.0 1.0 40
0.7237242241676483 0.9138055094602501 40
0.0 0.48617294224905266 40
0.5505804256220616 0.7673983766856214 95
0.8769555670999494 0.0 95
0.5310468740166135 0.8377040833480693 40
0.5505804256220616 0.7673983766856214 40
0.5505804256220616 0.7673983766856214 95
0.030644988930061984 0.4198503259558487 40
1.0 1.0 95
0.1305218828267995 0.5526484521142794 40
0.2314130924597998 0.6217686884107199 40
0.12289665383952361 0.2825244217333476 95
0.5505804256220616 0.7673983766856214 40
0.08051657503083808 0.3514627210640083 95
0.302649369697327 0.14748604101597293 95
0.4034801589962428 0.6950235464662172 40
0.1305218828267995 0.5526484521142794 95
0.7237242241676483 0.9138055094602501 95
0.5310468740166135 0.8377040833480693 95
0.12289665383952361 0.2825244217333476 95
0.030644988930061984 0.4198503259558487 95
0.030644988930061984 0.4198503259558487 40
0.12289665383952361 0.2825244217333476 95
0.2058938899200734 0.22320012460436486 95
0.0 0.48617294224905266 40
0.2314130924597998 0.6217686884107199 40
0.302649369697327 0.14748604101597293 95
0.030644988930061984 0.4198503259558487 95
0.08051657503083808 0.3514627210640083 95
0.0 0.48617294224905266 40
0.0 0.48617294224905266 95
0.12289665383952361 0.2825244217333476 95
0.5310468740166135 0.8377040833480693 95
0.0 0.48617294224905266 95
0.5505804256220616 0.7673983766856214 40
