0.571037990406485 0.8363521003334509 95
0.576859352756445 0.7677837739123674 95
0.41792753262420007 0.6973332708285833 95
0.24030850251710173 0.6191136037513005 95
0.12387550430118209 0.5512551729802225 95
0.0 0.48542907373828426 95
0.03529946345840254 0.41507399471841727 95
0.08689563274278823 0.35568935318233497 95
0.15429896052979153 0.29245318167491896 95
0.2079754726325318 0.22162106617836153 95
0.30750541452553926 0.14965957051118065 95
0.5078651757726111 0.08470561563517265 95
0.8937767527378897 0.0 95
1.0 1.0 95
0.7674526073624356 0.9111561558763176 95
0.571037990406485 0.8363521003334509 40
0.576859352756445 0.7677837739123674 40
0.41792753262420007 0.6973332708285833 40
0.24030850251710173 0.6191136037513005 40
0.12387550430118209 0.5512551729802225 40
0.0 0.48542907373828426 40
0.03529946345840254 0.41507399471841727 40
0.08689563274278823 0.35568935318233497 40
0.15429896052979153 0.29245318167491896 40
0.2079754726325318 0.22162106617836153 40
0.30750541452553926 0.14965957051118065 40
0.5078651757726111 0.08470561563517265 40
0.8937767527378897 0.0 40
1.0 1.0 40
0.7674526073624356 0.9111561558763176 40
0.576859352756445 0.7677837739123674 40
0.30750541452553926 0.14965957051118065 95
0.8937767527378897 0.0 95
0.24030850251710173 0.6191136037513005 40
0.08689563274278823 0.35568935318233497 95
0.03529946345840254 0.41507399471841727 95
0.0 0.48542907373828426 95
0.12387550430118209 0.5512551729802225 95
0.576859352756445 0.7677837739123674 95
0.0 0.48542907373828426 40
0.8937767527378897 0.0 95
0.41792753262420007 0.6973332708285833 40
0.03529946345840254 0.41507399471841727 95
0.03529946345840254 0.41507399471841727 95
0.576859352756445 0.7677837739123674 95
0.12387550430118209 0.5512551729802225 40
0.2079754726325318 0.22162106617836153 95
0.03529946345840254 0.41507399471841727 95
0.5078651757726111 0.08470561563517265 95
0.576859352756445 0.7677837739123674 95
0.15429896052979153 0.29245318167491896 95
0.41792753262420007 0.6973332708285833 95
0.41792753262420007 0.6973332708285833 40
0.571037990406485 0.8363521003334509 40
0.08689563274278823 0.35568935318233497 95
0.571037990406485 0.8363521003334509 95
0.7674526073624356 0.9111561558763176 95
1.0 1.0 95
0.571037990406485 0.8363521003334509 95
0.12387550430118209 0.5512551729802225 95
0.03529946345840254 0.41507399471841727 95
0.08689563274278823 0.35568935318233497 95
0.12387550430118209 0.5512551729802225 40
0.03529946345840254 0.41507399471841727 95
