0.5310942254228904 0.8250858228137216 95
0.5150073798511158 0.7571297440691336 95
0.383871520929825 0.6851132024268576 95
0.22348248954011923 0.6167433345823999 95
0.10670066807250253 0.5498383839230746 95
0.0 0.48355683562449386 95
0.03377379926268176 0.4173404609461119 95
0.07306381408905374 0.3491437113981165 95
0.13625704935555896 0.28700086797649693 95
0.18540234086912558 0.2134485981322354 95
0.28835868658850144 0.14552118324659064 95
0.4638882330639958 0.07481289104174665 95
0.8346035246129346 0.0 95
1.0 1.0 95
0.7428288136361091 0.921130815233348 95
0.5310942254228904 0.8250858228137216 40
0.5150073798511158 0.7571297440691336 40
0.383871520929825 0.6851132024268576 40
0.22348248954011923 0.6167433345823999 40
0.10670066807250253 0.5498383839230746 40
0.0 0.48355683562449386 40
0.03377379926268176 0.4173404609461119 40
0.07306381408905374 0.3491437113981165 40
0.13625704935555896 0.28700086797649693 40
0.18540234086912558 0.2134485981322354 40
0.28835868658850144 0.14552118324659064 40
0.4638882330639958 0.07481289104174665 40
0.8346035246129346 0.0 40
1.0 1.0 40
0.7428288136361091 0.921130815233348 40
0.22348248954011923 0.6167433345823999 95
0.383871520929825 0.6851132024268576 40
0.5150073798511158 0.7571297440691336 40
0.22348248954011923 0.6167433345823999 40
0.4638882330639958 0.07481289104174665 95
0.5150073798511158 0.7571297440691336 95
0.0 0.48355683562449386 40
0.13625704935555896 0.28700086797649693 95
0.5150073798511158 0.7571297440691336 95
0.7428288136361091 0.921130815233348 95
0.07306381408905374 0.3491437113981165 95
0.5310942254228904 0.8250858228137216 95
0.5310942254228904 0.8250858228137216 40
0.07306381408905374 0.3491437113981165 95
0.5150073798511158 0.7571297440691336 40
0.8346035246129346 0.0 95
0.5150073798511158 0.7571297440691336 95
0.10670066807250253 0.5498383839230746 40
0.13625704935555896 0.28700086797649693 95
0.5310942254228904 0.8250858228137216 40
0.0 0.48355683562449386 95
0.10670066807250253 0.5498383839230746 95
0.383871520929825 0.6851132024268576 95
0.03377379926268176 0.4173404609461119 40
0.13625704935555896 0.28700086797649693 95
0.8346035246129346 0.0 95
0.0 0.48355683562449386 40
0.22348248954011923 0.6167433345823999 95
0.10670066807250253 0.5498383839230746 40
0.7428288136361091 0.921130815233348 95
0.4638882330639958 0.07481289104174665 95
0.7428288136361091 0.921130815233348 95
0.22348248954011923 0.6167433345823999 95
0.10670066807250253 0.5498383839230746 40
