0.6617378480922695 0.9049522797123568 95
0.588867207066731 0.8316390263441198 95
0.46743720983831943 0.7532533453778049 95
0.35399640577146213 0.6712878017067061 95
0.03801495328872987 0.5900789540303624 95
0.04708941018838434 0.5196592877207925 95
0.0 0.44762807958724893 95
0.029433774473873964 0.3738297548564274 95
0.06383630889886846 0.31136374370983344 95
0.16774322761015406 0.2372672387211842 95
0.3187974874126101 0.1566758104423162 95
0.547789211438092 0.08715283519570868 95
1.0 0.0 95
0.9306904222873355 1.0 95
0.6617378480922695 0.9049522797123568 40
0.588867207066731 0.8316390263441198 40
0.46743720983831943 0.7532533453778049 40
0.35399640577146213 0.6712878017067061 40
0.03801495328872987 0.5900789540303624 40
0.04708941018838434 0.5196592877207925 40
0.0 0.44762807958724893 40
0.029433774473873964 0.3738297548564274 40
0.06383630889886846 0.31136374370983344 40
0.16774322761015406 0.2372672387211842 40
0.3187974874126101 0.1566758104423162 40
0.547789211438092 0.08715283519570868 40
1.0 0.0 40
0.9306904222873355 1.0 40
0.46743720983831943 0.7532533453778049 95
0.46743720983831943 0.7532533453778049 95
1.0 0.0 95
0.04708941018838434 0.5196592877207925 40
0.6617378480922695 0.9049522797123568 40
0.04708941018838434 0.5196592877207925 95
0.04708941018838434 0.5196592877207925 95
0.04708941018838434 0.5196592877207925 95
0.46743720983831943 0.7532533453778049 40
0.06383630889886846 0.31136374370983344 95
0.35399640577146213 0.6712878017067061 95
0.04708941018838434 0.5196592877207925 95
0.6617378480922695 0.9049522797123568 40
0.16774322761015406 0.2372672387211842 95
0.16774322761015406 0.2372672387211842 95
0.35399640577146213 0.6712878017067061 40
0.46743720983831943 0.7532533453778049 40
0.46743720983831943 0.7532533453778049 40
0.588867207066731 0.8316390263441198 95
0.03801495328872987 0.5900789540303624 40
0.6617378480922695 0.9049522797123568 95
0.3187974874126101 0.1566758104423162 95
0.588867207066731 0.8316390263441198 95
0.35399640577146213 0.6712878017067061 95
0.9306904222873355 1.0 95
0.3187974874126101 0.1566758104423162 95
0.46743720983831943 0.7532533453778049 40
0.16774322761015406 0.2372672387211842 95
0.0 0.44762807958724893 95
0.588867207066731 0.8316390263441198 40
0.03801495328872987 0.5900789540303624 95
0.03801495328872987 0.5900789540303624 95
0.9306904222873355 1.0 95
0.6617378480922695 0.9049522797123568 40
0.35399640577146213 0.6712878017067061 95
0.35399640577146213 0.6712878017067061 40
