0.5805363407474561 0.8337312167528032 95
0.5058713206095203 0.7653868219558687 95
0.41325817662214165 0.6913067416600159 95
0.29881499054216 0.6182227054576105 95
0.05000120025380346 0.5493438180061572 95
0.05860633783762005 0.4809114582311586 95
0.006120976090678898 0.4187509634664138 95
0.0 0.3474894163930805 95
0.055205300083640406 0.28478363530192974 95
0.14741485550173905 0.21685607490061265 95
0.21987349001791964 0.15056669726942154 95
0.4414910555367515 0.0719793369855515 95
0.8089848876862953 0.0 95
1.0 1.0 95
0.7519029395287977 0.9098781719873673 95
0.5805363407474561 0.8337312167528032 40
0.5058713206095203 0.7653868219558687 40
0.41325817662214165 0.6913067416600159 40
0.29881499054216 0.6182227054576105 40
0.05000120025380346 0.5493438180061572 40
0.05860633783762005 0.4809114582311586 40
0.006120976090678898 0.4187509634664138 40
0.0 0.3474894163930805 40
0.055205300083640406 0.28478363530192974 40
0.14741485550173905 0.21685607490061265 40
0.21987349001791964 0.15056669726942154 40
0.4414910555367515 0.0719793369855515 40
0.8089848876862953 0.0 40
1.0 1.0 40
0.7519029395287977 0.9098781719873673 40
0.05000120025380346 0.5493438180061572 40
0.29881499054216 0.6182227054576105 40
0.006120976090678898 0.4187509634664138 95
0.14741485550173905 0.21685607490061265 95
0.05860633783762005 0.4809114582311586 40
0.4414910555367515 0.0719793369855515 95
0.29881499054216 0.6182227054576105 95
0.05000120025380346 0.5493438180061572 40
0.006120976090678898 0.4187509634664138 40
0.29881499054216 0.6182227054576105 95
0.4414910555367515 0.0719793369855515 95
0.05860633783762005 0.4809114582311586 40
0.5058713206095203 0.7653868219558687 95
0.0 0.3474894163930805 95
0.006120976090678898 0.4187509634664138 40
0.05000120025380346 0.5493438180061572 95
0.006120976090678898 0.4187509634664138 40
0.21987349001791964 0.15056669726942154 95
0.5058713206095203 0.7653868219558687 95
0.05000120025380346 0.5493438180061572 95
0.8089848876862953 0.0 95
0.21987349001791964 0.15056669726942154 95
0.006120976090678898 0.4187509634664138 95
1.0 1.0 95
0.21987349001791964 0.15056669726942154 95
0.5058713206095203 0.7653868219558687 95
0.5805363407474561 0.8337312167528032 95
0.05000120025380346 0.5493438180061572 40
0.006120976090678898 0.4187509634664138 95
0.5058713206095203 0.7653868219558687 95
0.21987349001791964 0.15056669726942154 95
0.055205300083640406 0.28478363530192974 95
0.5058713206095203 0.7653868219558687 95
0.05860633783762005 0.4809114582311586 95
