0.6676755166644983 0.894446494897265 95
0.6009568735367672 0.8196954242965251 95
0.472762423529873 0.7422990085537985 95
0.34105262479972226 0.6638219887420747 95
0.033294619893558294 0.58224189421799 95
0.058383471705335255 0.5128646074827478 95
0.0 0.4434576428416815 95
0.030659260211135006 0.37646467729146016 95
0.06862982390996113 0.3048866317083172 95
0.18500934719404297 0.23493778183597971 95
0.2814761636317067 0.16242341646454392 95
0.5211323183594402 0.0809430202978195 95
0.9856903503365603 0.0 95
1.0 1.0 95
0.6676755166644983 0.894446494897265 40
0.6009568735367672 0.8196954242965251 40
0.472762423529873 0.7422990085537985 40
0.34105262479972226 0.6638219887420747 40
0.033294619893558294 0.58224189421799 40
0.058383471705335255 0.5128646074827478 40
0.0 0.4434576428416815 40
0.030659260211135006 0.37646467729146016 40
0.06862982390996113 0.3048866317083172 40
0.18500934719404297 0.23493778183597971 40
0.2814761636317067 0.16242341646454392 40
0.5211323183594402 0.0809430202978195 40
0.9856903503365603 0.0 40
1.0 1.0 40
0.18500934719404297 0.23493778183597971 95
0.6676755166644983 0.894446494897265 40
0.058383471705335255 0.5128646074827478 95
0.472762423529873 0.7422990085537985 95
0.2814761636317067 0.16242341646454392 95
0.5211323183594402 0.0809430202978195 95
0.472762423529873 0.7422990085537985 95
0.34105262479972226 0.6638219887420747 40
0.6676755166644983 0.894446494897265 40
0.472762423529873 0.7422990085537985 40
0.472762423529873 0.7422990085537985 95
0.6676755166644983 0.894446494897265 40
0.18500934719404297 0.23493778183597971 95
0.058383471705335255 0.5128646074827478 95
0.472762423529873 0.7422990085537985 95
0.34105262479972226 0.6638219887420747 40
0.030659260211135006 0.37646467729146016 95
0.033294619893558294 0.58224189421799 95
0.472762423529873 0.7422990085537985 95
0.058383471705335255 0.5128646074827478 40
0.058383471705335255 0.5128646074827478 95
0.6676755166644983 0.894446494897265 40
0.0 0.4434576428416815 95
0.030659260211135006 0.37646467729146016 95
0.9856903503365603 0.0 95
0.6009568735367672 0.8196954242965251 40
0.6009568735367672 0.8196954242965251 95
0.033294619893558294 0.58224189421799 95
0.033294619893558294 0.58224189421799 95
0.030659260211135006 0.37646467729146016 95
0.34105262479972226 0.6638219887420747 40
0.472762423529873 0.7422990085537985 40
0.2814761636317067 0.16242341646454392 95
0.033294619893558294 0.58224189421799 95
0.34105262479972226 0.6638219887420747 95
0.5211323183594402 0.0809430202978195 95
