0.6451491707973322 0.8615897192841735 95
0.6355129522501873 0.7925171469756036 95
0.44932184435836436 0.7150941358808983 95
0.27739841583801594 0.6440074721601577 95
0.1085421828179048 0.5675121286970967 95
0.0 0.5040780185278082 95
0.04046103518324277 0.4270573430429878 95
0.08398382869525804 0.36709917729222485 95
0.11676372669943443 0.29078225811033753 95
0.22706725186233775 0.22959143116881617 95
0.34352121867608726 0.15242717638251838 95
0.5157406816915853 0.08141231339169576 95
0.9997725803540959 0.0 95
1.0 1.0 95
0.7193504292223089 0.91611156980376 95
0.6451491707973322 0.8615897192841735 40
0.6355129522501873 0.7925171469756036 40
0.44932184435836436 0.7150941358808983 40
0.27739841583801594 0.6440074721601577 40
0.1085421828179048 0.5675121286970967 40
0.0 0.5040780185278082 40
0.04046103518324277 0.4270573430429878 40
0.08398382869525804 0.36709917729222485 40
0.11676372669943443 0.29078225811033753 40
0.22706725186233775 0.22959143116881617 40
0.34352121867608726 0.15242717638251838 40
0.5157406816915853 0.08141231339169576 40
0.9997725803540959 0.0 40
1.0 1.0 40
0.7193504292223089 0.91611156980376 40
0.44932184435836436 0.7150941358808983 95
0.6355129522501873 0.7925171469756036 40
0.0 0.5040780185278082 95
1.0 1.0 95
1.0 1.0 95
0.04046103518324277 0.4270573430429878 95
0.22706725186233775 0.22959143116881617 95
0.04046103518324277 0.4270573430429878 95
0.04046103518324277 0.4270573430429878 95
0.6451491707973322 0.8615897192841735 40
0.6451491707973322 0.8615897192841735 95
0.08398382869525804 0.36709917729222485 95
0.0 0.5040780185278082 95
0.6451491707973322 0.8615897192841735 40
0.0 0.5040780185278082 40
0.04046103518324277 0.4270573430429878 95
0.1085421828179048 0.5675121286970967 95
0.6355129522501873 0.7925171469756036 95
0.0 0.5040780185278082 40
0.6355129522501873 0.7925171469756036 95
0.44932184435836436 0.7150941358808983 40
0.6451491707973322 0.8615897192841735 95
0.0 0.5040780185278082 95
0.6355129522501873 0.7925171469756036 40
0.6451491707973322 0.8615897192841735 95
0.5157406816915853 0.08141231339169576 95
0.6355129522501873 0.7925171469756036 95
0.27739841583801594 0.6440074721601577 95
0.04046103518324277 0.4270573430429878 95
0.0 0.5040780185278082 95
0.08398382869525804 0.36709917729222485 95
0.6355129522501873 0.7925171469756036 95
0.34352121867608726 0.15242717638251838 95
0.7193504292223089 0.91611156980376 95
