0.7014938535518991 0.885638069647232 95
0.5911609779612896 0.8024474098410163 95
0.6094199597559452 0.7291252172866369 95
0.3057400587706467 0.654071616330288 95
0.125638764710795 0.5822714868629577 95
0.027736219619440197 0.5077303654806402 95
0.0 0.43174626314458664 95
0.08576891197152973 0.36608669431226387 95
0.11014412005293256 0.2960608171670642 95
0.16228480133753817 0.2227937814030058 95
0.26244744145254134 0.15709678332015992 95
0.5003447917422371 0.08300039745403028 95
0.7188040877610535 0.0 95
1.0 1.0 95
0.7431934579869047 0.908638838755445 95
0.7014938535518991 0.885638069647232 40
0.5911609779612896 0.8024474098410163 40
0.6094199597559452 0.7291252172866369 40
0.3057400587706467 0.654071616330288 40
0.125638764710795 0.5822714868629577 40
0.027736219619440197 0.5077303654806402 40
0.0 0.43174626314458664 40
0.08576891197152973 0.36608669431226387 40
0.11014412005293256 0.2960608171670642 40
0.16228480133753817 0.2227937814030058 40
0.26244744145254134 0.15709678332015992 40
0.5003447917422371 0.08300039745403028 40
0.7188040877610535 0.0 40
1.0 1.0 40
0.7431934579869047 0.908638838755445 40
0.3057400587706467 0.654071616330288 95
0.08576891197152973 0.36608669431226387 95
0.0 0.43174626314458664 95
0.16228480133753817 0.2227937814030058 95
0.027736219619440197 0.5077303654806402 95
0.16228480133753817 0.2227937814030058 95
0.11014412005293256 0.2960608171670642 95
0.0 0.43174626314458664 40
0.0 0.43174626314458664 40
0.125638764710795 0.5822714868629577 95
1.0 1.0 95
0.027736219619440197 0.5077303654806402 40
0.11014412005293256 0.2960608171670642 95
0.6094199597559452 0.7291252172866369 40
0.5911609779612896 0.8024474098410163 95
0.0 0.43174626314458664 95
0.6094199597559452 0.7291252172866369 40
0.6094199597559452 0.7291252172866369 95
0.125638764710795 0.5822714868629577 40
0.7014938535518991 0.885638069647232 40
0.7188040877610535 0.0 95
0.125638764710795 0.5822714868629577 95
0.11014412005293256 0.2960608171670642 95
0.0 0.43174626314458664 40
0.3057400587706467 0.654071616330288 40
0.7014938535518991 0.885638069647232 40
0.6094199597559452 0.7291252172866369 95
1.0 1.0 95
0.7014938535518991 0.885638069647232 95
0.5911609779612896 0.8024474098410163 95
0.3057400587706467 0.654071616330288 40
0.125638764710795 0.5822714868629577 95
0.3057400587706467 0.654071616330288 95
0.027736219619440197 0.5077303654806402 40
