0.556699069553805 0.8303482383655358 95
0.5482121053119516 0.7619453373461142 95
0.3755805737008994 0.682459250481654 95
0.18501478983489641 0.6197230482359486 95
0.13185993317678987 0.552229912945329 95
0.0 0.48600106882466143 95
0.06100820864077982 0.4144214119979878 95
0.08392245153421192 0.35087107514525046 95
0.15351018122383586 0.2863519249895792 95
0.1966164917434321 0.21679662988660411 95
0.298065897833184 0.15373375683121535 95
0.543290437710329 0.07815765263060545 95
0.8739614125195816 0.0 95
1.0 1.0 95
0.7512867310999334 0.9184692075672869 95
0.556699069553805 0.8303482383655358 40
0.5482121053119516 0.7619453373461142 40
0.3755805737008994 0.682459250481654 40
0.18501478983489641 0.6197230482359486 40
0.13185993317678987 0.552229912945329 40
0.0 0.48600106882466143 40
0.06100820864077982 0.4144214119979878 40
0.08392245153421192 0.35087107514525046 40
0.15351018122383586 0.2863519249895792 40
0.1966164917434321 0.21679662988660411 40
0.298065897833184 0.15373375683121535 40
0.543290437710329 0.07815765263060545 40
0.8739614125195816 0.0 40
1.0 1.0 40
0.7512867310999334 0.9184692075672869 40
0.5482121053119516 0.7619453373461142 40
0.556699069553805 0.8303482383655358 40
0.18501478983489641 0.6197230482359486 95
0.0 0.48600106882466143 40
0.18501478983489641 0.6197230482359486 40
0.3755805737008994 0.682459250481654 40
0.06100820864077982 0.4144214119979878 95
0.556699069553805 0.8303482383655358 40
0.08392245153421192 0.35087107514525046 95
0.556699069553805 0.8303482383655358 40
0.0 0.48600106882466143 40
0.08392245153421192 0.35087107514525046 95
0.556699069553805 0.8303482383655358 40
0.298065897833184 0.15373375683121535 95
0.543290437710329 0.07815765263060545 95
0.556699069553805 0.8303482383655358 95
0.13185993317678987 0.552229912945329 40
0.08392245153421192 0.35087107514525046 95
0.06100820864077982 0.4144214119979878 95
0.7512867310999334 0.9184692075672869 95
0.3755805737008994 0.682459250481654 40
0.556699069553805 0.8303482383655358 95
0.556699069553805 0.8303482383655358 95
0.08392245153421192 0.35087107514525046 95
0.8739614125195816 0.0 95
0.5482121053119516 0.7619453373461142 40
0.8739614125195816 0.0 95
0.3755805737008994 0.682459250481654 40
0.06100820864077982 0.4144214119979878 95
0.15351018122383586 0.2863519249895792 95
0.0 0.48600106882466143 95
0.543290437710329 0.07815765263060545 95
0.5482121053119516 0.7619453373461142 40
0.08392245153421192 0.35087107514525046 95
