0.6586128369008419 0.8933378791585636 95
0.6066682515186678 0.8246832296531014 95
0.4917074524390643 0.7409890105562368 95
0.34347752922807995 0.6635322566026721 95
0.02465983225974423 0.5863750968183901 95
0.0762136234946572 0.5152893824225133 95
0.0 0.4505658616901334 95
0.025107658801474513 0.3776625445252355 95
0.13503312754294383 0.30350970672446115 95
0.1749126637761379 0.23255508891223872 95
0.250882092419816 0.16620245617317222 95
0.4944539615296296 0.08454467180981629 95
0.8899767297401102 0.0 95
1.0 1.0 95
0.6586128369008419 0.8933378791585636 40
0.6066682515186678 0.8246832296531014 40
0.4917074524390643 0.7409890105562368 40
0.34347752922807995 0.6635322566026721 40
0.02465983225974423 0.5863750968183901 40
0.0762136234946572 0.5152893824225133 40
0.0 0.4505658616901334 40
0.025107658801474513 0.3776625445252355 40
0.13503312754294383 0.30350970672446115 40
0.1749126637761379 0.23255508891223872 40
0.250882092419816 0.16620245617317222 40
0.4944539615296296 0.08454467180981629 40
0.8899767297401102 0.0 40
1.0 1.0 40
0.4944539615296296 0.08454467180981629 95
0.0762136234946572 0.5152893824225133 40
0.025107658801474513 0.3776625445252355 95
1.0 1.0 95
0.4944539615296296 0.08454467180981629 95
0.025107658801474513 0.3776625445252355 95
0.0762136234946572 0.5152893824225133 95
0.6586128369008419 0.8933378791585636 40
0.6066682515186678 0.8246832296531014 95
0.0 0.4505658616901334 95
0.4917074524390643 0.7409890105562368 95
0.02465983225974423 0.5863750968183901 95
0.6066682515186678 0.8246832296531014 40
0.1749126637761379 0.23255508891223872 95
0.13503312754294383 0.30350970672446115 95
0.025107658801474513 0.3776625445252355 95
0.4917074524390643 0.7409890105562368 40
0.13503312754294383 0.30350970672446115 95
0.6066682515186678 0.8246832296531014 95
0.250882092419816 0.16620245617317222 95
1.0 1.0 95
0.4944539615296296 0.08454467180981629 95
0.34347752922807995 0.6635322566026721 95
0.8899767297401102 0.0 95
0.6066682515186678 0.8246832296531014 40
0.4917074524390643 0.7409890105562368 40
0.0762136234946572 0.5152893824225133 40
0.6066682515186678 0.8246832296531014 95
0.13503312754294383 0.30350970672446115 95
0.4944539615296296 0.08454467180981629 95
0.4917074524390643 0.7409890105562368 95
0.02465983225974423 0.5863750968183901 40
0.250882092419816 0.16620245617317222 95
0.0 0.4505658616901334 95
0.4917074524390643 0.7409890105562368 40
0.250882092419816 0.16620245617317222 95
