0.5766541571770679 0.8068153559435468 95
0.5096377067058903 0.7372643027394393 95
0.3575394424371447 0.6742061201094368 95
0.1759430884252337 0.6049288650829514 95
0.10447162291580737 0.5355077533015862 95
0.0 0.4721328176684551 95
0.12806982651562734 0.41111312889741985 95
0.09849500891956939 0.34646146187159704 95
0.15742873206363414 0.2776929374777593 95
0.22860505825978317 0.21612417419378685 95
0.32350242037498705 0.14612705547334517 95
0.5253561048012111 0.0831648308145649 95
0.8735477812768431 0.0 95
1.0 1.0 95
0.7529471434994405 0.9171687721543819 95
0.5766541571770679 0.8068153559435468 40
0.5096377067058903 0.7372643027394393 40
0.3575394424371447 0.6742061201094368 40
0.1759430884252337 0.6049288650829514 40
0.10447162291580737 0.5355077533015862 40
0.0 0.4721328176684551 40
0.12806982651562734 0.41111312889741985 40
0.09849500891956939 0.34646146187159704 40
0.15742873206363414 0.2776929374777593 40
0.22860505825978317 0.21612417419378685 40
0.32350242037498705 0.14612705547334517 40
0.5253561048012111 0.0831648308145649 40
0.8735477812768431 0.0 40
1.0 1.0 40
0.7529471434994405 0.9171687721543819 40
0.09849500891956939 0.34646146187159704 95
0.22860505825978317 0.21612417419378685 95
0.5096377067058903 0.7372643027394393 40
1.0 1.0 95
0.22860505825978317 0.21612417419378685 95
0.5096377067058903 0.7372643027394393 95
0.5096377067058903 0.7372643027394393 95
0.10447162291580737 0.5355077533015862 95
0.3575394424371447 0.6742061201094368 40
0.5253561048012111 0.0831648308145649 95
0.5766541571770679 0.8068153559435468 95
0.32350242037498705 0.14612705547334517 95
0.32350242037498705 0.14612705547334517 95
0.10447162291580737 0.5355077533015862 95
0.7529471434994405 0.9171687721543819 95
1.0 1.0 95
0.32350242037498705 0.14612705547334517 95
0.3575394424371447 0.6742061201094368 95
0.3575394424371447 0.6742061201094368 95
0.10447162291580737 0.5355077533015862 95
0.3575394424371447 0.6742061201094368 95
0.5253561048012111 0.0831648308145649 95
0.22860505825978317 0.21612417419378685 95
0.3575394424371447 0.6742061201094368 40
0.5766541571770679 0.8068153559435468 40
0.5253561048012111 0.0831648308145649 95
0.5253561048012111 0.0831648308145649 95
0.5096377067058903 0.7372643027394393 95
0.8735477812768431 0.0 95
0.5253561048012111 0.0831648308145649 95
0.12806982651562734 0.41111312889741985 95
0.09849500891956939 0.34646146187159704 95
0.15742873206363414 0.2776929374777593 95
0.5096377067058903 0.7372643027394393 95
