0.5228577535701339 0.8372762654996392 95
0.5046885549313633 0.7668112625623608 95
0.3111437962990154 0.6947859418459184 95
0.1403095380083746 0.6237524967816854 95
0.03916853369298418 0.5566508487720137 95
0.0 0.4876647410553839 95
0.16555754903669337 0.4296226763333555 95
0.09164393825623442 0.36370637105483955 95
0.15354224703768063 0.2987195943579129 95
0.31911719187705223 0.22766872927871554 95
0.349066989417507 0.1596134396423623 95
0.5459042369734671 0.08410793673414939 95
1.0 0.0 95
0.8616433403248118 1.0 95
0.6262412806644002 0.9127533394453723 95
0.5228577535701339 0.8372762654996392 40
0.5046885549313633 0.7668112625623608 40
0.3111437962990154 0.6947859418459184 40
0.1403095380083746 0.6237524967816854 40
0.03916853369298418 0.5566508487720137 40
0.0 0.4876647410553839 40
0.16555754903669337 0.4296226763333555 40
0.09164393825623442 0.36370637105483955 40
0.15354224703768063 0.2987195943579129 40
0.31911719187705223 0.22766872927871554 40
0.349066989417507 0.1596134396423623 40
0.5459042369734671 0.08410793673414939 40
1.0 0.0 40
0.8616433403248118 1.0 40
0.6262412806644002 0.9127533394453723 40
0.16555754903669337 0.4296226763333555 40
0.15354224703768063 0.2987195943579129 95
0.16555754903669337 0.4296226763333555 95
0.15354224703768063 0.2987195943579129 95
0.31911719187705223 0.22766872927871554 95
0.03916853369298418 0.5566508487720137 40
0.16555754903669337 0.4296226763333555 95
0.3111437962990154 0.6947859418459184 95
0.15354224703768063 0.2987195943579129 95
0.03916853369298418 0.5566508487720137 95
0.31911719187705223 0.22766872927871554 95
0.349066989417507 0.1596134396423623 95
0.8616433403248118 1.0 95
0.0 0.4876647410553839 40
1.0 0.0 95
0.3111437962990154 0.6947859418459184 40
0.5459042369734671 0.08410793673414939 95
0.8616433403248118 1.0 95
0.8616433403248118 1.0 95
0.5046885549313633 0.7668112625623608 40
0.3111437962990154 0.6947859418459184 95
0.1403095380083746 0.6237524967816854 95
0.31911719187705223 0.22766872927871554 95
0.3111437962990154 0.6947859418459184 95
0.16555754903669337 0.4296226763333555 95
0.15354224703768063 0.2987195943579129 95
0.8616433403248118 1.0 95
0.03916853369298418 0.5566508487720137 40
0.0 0.4876647410553839 95
0.03916853369298418 0.5566508487720137 40
0.3111437962990154 0.6947859418459184 95
0.5228577535701339 0.8372762654996392 40
0.5046885549313633 0.7668112625623608 40
0.1403095380083746 0.6237524967816854 95
