0.7439666836928376 0.9057838684529971 95
0.653626556251276 0.8269091122302655 95
0.5329264224023106 0.7556967897275445 95
0.3508490337924309 0.6755455937122614 95
0.03321988662936128 0.6004930497220093 95
0.09005871953561531 0.523739437250875 95
0.01846969532600467 0.45257260615673905 95
0.0 0.38086904146507616 95
0.09081993575953662 0.3081169730180496 95
0.18464100810696069 0.23688057271435117 95
0.27656515205595644 0.16720170517754776 95
0.5459128468003208 0.08544868632220995 95
0.9738226833644074 0.0 95
1.0 1.0 95
0.7439666836928376 0.9057838684529971 40
0.653626556251276 0.8269091122302655 40
0.5329264224023106 0.7556967897275445 40
0.3508490337924309 0.6755455937122614 40
0.03321988662936128 0.6004930497220093 40
0.09005871953561531 0.523739437250875 40
0.01846969532600467 0.45257260615673905 40
0.0 0.38086904146507616 40
0.09081993575953662 0.3081169730180496 40
0.18464100810696069 0.23688057271435117 40
0.27656515205595644 0.16720170517754776 40
0.5459128468003208 0.08544868632220995 40
0.9738226833644074 0.0 40
1.0 1.0 40
0.0 0.38086904146507616 95
0.3508490337924309 0.6755455937122614 95
0.653626556251276 0.8269091122302655 95
0.27656515205595644 0.16720170517754776 95
0.03321988662936128 0.6004930497220093 95
0.5329264224023106 0.7556967897275445 40
0.3508490337924309 0.6755455937122614 40
0.18464100810696069 0.23688057271435117 95
0.653626556251276 0.8269091122302655 40
0.653626556251276 0.8269091122302655 95
0.5329264224023106 0.7556967897275445 95
0.27656515205595644 0.16720170517754776 95
0.653626556251276 0.8269091122302655 95
0.653626556251276 0.8269091122302655 40
0.03321988662936128 0.6004930497220093 95
0.27656515205595644 0.16720170517754776 95
0.5329264224023106 0.7556967897275445 40
0.03321988662936128 0.6004930497220093 95
0.5459128468003208 0.08544868632220995 95
1.0 1.0 95
0.03321988662936128 0.6004930497220093 40
0.653626556251276 0.8269091122302655 40
0.09081993575953662 0.3081169730180496 95
0.03321988662936128 0.6004930497220093 40
0.18464100810696069 0.23688057271435117 95
0.09005871953561531 0.523739437250875 95
0.5459128468003208 0.08544868632220995 95
0.653626556251276 0.8269091122302655 40
0.09005871953561531 0.523739437250875 95
0.03321988662936128 0.6004930497220093 95
0.7439666836928376 0.9057838684529971 95
0.3508490337924309 0.6755455937122614 95
0.03321988662936128 0.6004930497220093 95
0.27656515205595644 0.16720170517754776 95
0.09081993575953662 0.3081169730180496 95
0.5329264224023106 0.7556967897275445 40
