0.6330237984950038 0.8528878073805516 95
0.5987276005166361 0.7816900186935528 95
0.45513225123127116 0.7134620368418852 95
0.33629429318875725 0.6421527087819439 95
0.07374500068384904 0.5678992661352588 95
0.00481881250513823 0.4975025748102758 95
0.0 0.4284377151087704 95
0.0545320450131812 0.3605616847073614 95
0.08054553913448632 0.29477659991971733 95
0.17631826379492338 0.22673317292727088 95
0.3189648862566516 0.1534355246908814 95
0.5421491575704823 0.08804194774036736 95
0.9840224248644311 0.0 95
1.0 1.0 95
0.7681293839304281 0.9126175803801699 95
0.6330237984950038 0.8528878073805516 40
0.5987276005166361 0.7816900186935528 40
0.45513225123127116 0.7134620368418852 40
0.33629429318875725 0.6421527087819439 40
0.07374500068384904 0.5678992661352588 40
0.00481881250513823 0.4975025748102758 40
0.0 0.4284377151087704 40
0.0545320450131812 0.3605616847073614 40
0.08054553913448632 0.29477659991971733 40
0.17631826379492338 0.22673317292727088 40
0.3189648862566516 0.1534355246908814 40
0.5421491575704823 0.08804194774036736 40
0.9840224248644311 0.0 40
1.0 1.0 40
0.7681293839304281 0.9126175803801699 40
0.6330237984950038 0.8528878073805516 40
0.33629429318875725 0.6421527087819439 95
0.5987276005166361 0.7816900186935528 95
0.33629429318875725 0.6421527087819439 95
0.5987276005166361 0.7816900186935528 95
0.00481881250513823 0.4975025748102758 40
0.7681293839304281 0.9126175803801699 95
0.5987276005166361 0.7816900186935528 95
0.08054553913448632 0.29477659991971733 95
0.45513225123127116 0.7134620368418852 40
0.00481881250513823 0.4975025748102758 40
0.9840224248644311 0.0 95
0.7681293839304281 0.9126175803801699 95
0.08054553913448632 0.29477659991971733 95
0.6330237984950038 0.8528878073805516 95
0.9840224248644311 0.0 95
0.0545320450131812 0.3605616847073614 95
0.9840224248644311 0.0 95
0.08054553913448632 0.29477659991971733 95
0.5987276005166361 0.7816900186935528 40
0.33629429318875725 0.6421527087819439 40
0.5987276005166361 0.7816900186935528 40
0.0 0.4284377151087704 40
0.3189648862566516 0.1534355246908814 95
0.17631826379492338 0.22673317292727088 95
1.0 1.0 95
0.00481881250513823 0.4975025748102758 40
0.0 0.4284377151087704 95
0.07374500068384904 0.5678992661352588 95
0.45513225123127116 0.7134620368418852 40
0.7681293839304281 0.9126175803801699 95
0.45513225123127116 0.7134620368418852 95
0.0545320450131812 0.3605616847073614 95
0.45513225123127116 0.7134620368418852 40
