0.6571129017041225 0.8826581571047526 95
0.5739950694751693 0.8089271864563529 95
0.44901383410435564 0.7313395537413401 95
0.35153899735483785 0.6506258518684859 95
0.041125047595097976 0.5729061677664601 95
0.059804912532203436 0.5033701895148877 95
0.0 0.4379337151250574 95
0.034111565809236015 0.3707943387745194 95
0.0707353676442232 0.3024009935090261 95
0.17255172240925892 0.2250145552626249 95
0.3093805807235155 0.15478999731676088 95
0.5209614452810276 0.0768370597566935 95
0.9346777911174332 0.0 95
1.0 1.0 95
0.6571129017041225 0.8826581571047526 40
0.5739950694751693 0.8089271864563529 40
0.44901383410435564 0.7313395537413401 40
0.35153899735483785 0.6506258518684859 40
0.041125047595097976 0.5729061677664601 40
0.059804912532203436 0.5033701895148877 40
0.0 0.4379337151250574 40
0.034111565809236015 0.3707943387745194 40
0.0707353676442232 0.3024009935090261 40
0.17255172240925892 0.2250145552626249 40
0.3093805807235155 0.15478999731676088 40
0.5209614452810276 0.0768370597566935 40
0.9346777911174332 0.0 40
1.0 1.0 40
0.44901383410435564 0.7313395537413401 95
0.5209614452810276 0.0768370597566935 95
0.041125047595097976 0.5729061677664601 40
0.9346777911174332 0.0 95
0.44901383410435564 0.7313395537413401 95
0.35153899735483785 0.6506258518684859 40
0.17255172240925892 0.2250145552626249 95
0.059804912532203436 0.5033701895148877 95
0.5209614452810276 0.0768370597566935 95
0.44901383410435564 0.7313395537413401 95
0.059804912532203436 0.5033701895148877 40
1.0 1.0 95
0.35153899735483785 0.6506258518684859 40
0.35153899735483785 0.6506258518684859 40
0.041125047595097976 0.5729061677664601 40
0.059804912532203436 0.5033701895148877 40
0.0707353676442232 0.3024009935090261 95
0.041125047595097976 0.5729061677664601 95
0.9346777911174332 0.0 95
0.059804912532203436 0.5033701895148877 95
0.44901383410435564 0.7313395537413401 40
0.35153899735483785 0.6506258518684859 40
0.6571129017041225 0.8826581571047526 95
0.059804912532203436 0.5033701895148877 40
0.35153899735483785 0.6506258518684859 95
0.5739950694751693 0.8089271864563529 40
0.35153899735483785 0.6506258518684859 40
0.6571129017041225 0.8826581571047526 40
0.35153899735483785 0.6506258518684859 95
0.44901383410435564 0.7313395537413401 40
0.059804912532203436 0.5033701895148877 95
0.041125047595097976 0.5729061677664601 40
1.0 1.0 95
0.3093805807235155 0.15478999731676088 95
0.5209614452810276 0.0768370597566935 95
0.9346777911174332 0.0 95
