0.6607077589701408 0.8960522671007243 95
0.6198081051880672 0.8152545818206508 95
0.4675357544326237 0.742852883275047 95
0.30762232042410576 0.6703040221191374 95
0.11420141791412164 0.5966797244207814 95
0.0 0.5194992308517548 95
0.0462484328483434 0.44803244353077193 95
0.07924411016218282 0.37782685564534874 95
0.13101803556903557 0.3111242685830969 95
0.21522729939423735 0.23992802983589578 95
0.34441947810146456 0.16080710980024593 95
0.5509728106520053 0.08743640824170155 95
1.0 0.0 95
0.9497055630350033 1.0 95
0.6607077589701408 0.8960522671007243 40
0.6198081051880672 0.8152545818206508 40
0.4675357544326237 0.742852883275047 40
0.30762232042410576 0.6703040221191374 40
0.11420141791412164 0.5966797244207814 40
0.0 0.5194992308517548 40
0.0462484328483434 0.44803244353077193 40
0.07924411016218282 0.37782685564534874 40
0.13101803556903557 0.3111242685830969 40
0.21522729939423735 0.23992802983589578 40
0.34441947810146456 0.16080710980024593 40
0.5509728106520053 0.08743640824170155 40
1.0 0.0 40
0.9497055630350033 1.0 40
0.0462484328483434 0.44803244353077193 95
0.6198081051880672 0.8152545818206508 95
0.4675357544326237 0.742852883275047 95
0.6198081051880672 0.8152545818206508 95
0.07924411016218282 0.37782685564534874 95
0.07924411016218282 0.37782685564534874 95
0.4675357544326237 0.742852883275047 40
0.5509728106520053 0.08743640824170155 95
0.11420141791412164 0.5966797244207814 40
0.11420141791412164 0.5966797244207814 40
0.11420141791412164 0.5966797244207814 95
0.5509728106520053 0.08743640824170155 95
0.11420141791412164 0.5966797244207814 40
0.07924411016218282 0.37782685564534874 95
0.0 0.5194992308517548 95
0.07924411016218282 0.37782685564534874 95
0.6198081051880672 0.8152545818206508 40
0.0462484328483434 0.44803244353077193 95
0.07924411016218282 0.37782685564534874 95
0.6607077589701408 0.8960522671007243 95
0.13101803556903557 0.3111242685830969 95
0.11420141791412164 0.5966797244207814 95
0.0 0.5194992308517548 95
0.13101803556903557 0.3111242685830969 95
0.4675357544326237 0.742852883275047 95
0.30762232042410576 0.6703040221191374 95
0.5509728106520053 0.08743640824170155 95
0.6198081051880672 0.8152545818206508 95
0.30762232042410576 0.6703040221191374 40
0.4675357544326237 0.742852883275047 40
0.6198081051880672 0.8152545818206508 40
0.11420141791412164 0.5966797244207814 95
0.6198081051880672 0.8152545818206508 40
0.07924411016218282 0.37782685564534874 95
0.0462484328483434 0.44803244353077193 95
0.5509728106520053 0.08743640824170155 95
