0.6352933011661542 0.9004623547681703 95
0.5850776911662314 0.825278492527995 95
0.45276928215677636 0.7495085825754185 95
0.34387442575073074 0.6729835629995284 95
0.09463328533351464 0.595795550289766 95
0.009661410272864015 0.5207905732706555 95
0.0 0.4506813506713715 95
0.02857617462159667 0.3736925959653946 95
0.07067916142385684 0.30369023930524414 95
0.17493596719486942 0.2372224693595085 95
0.3118121566381636 0.15438042452519274 95
0.5365838011020022 0.08405928150489465 95
1.0 0.0 95
0.9401593401588043 1.0 95
0.6352933011661542 0.9004623547681703 40
0.5850776911662314 0.825278492527995 40
0.45276928215677636 0.7495085825754185 40
0.34387442575073074 0.6729835629995284 40
0.09463328533351464 0.595795550289766 40
0.009661410272864015 0.5207905732706555 40
0.0 0.4506813506713715 40
0.02857617462159667 0.3736925959653946 40
0.07067916142385684 0.30369023930524414 40
0.17493596719486942 0.2372224693595085 40
0.3118121566381636 0.15438042452519274 40
0.5365838011020022 0.08405928150489465 40
1.0 0.0 40
0.9401593401588043 1.0 40
0.5850776911662314 0.825278492527995 40
0.07067916142385684 0.30369023930524414 95
0.009661410272864015 0.5207905732706555 40
0.17493596719486942 0.2372224693595085 95
0.0 0.4506813506713715 95
0.17493596719486942 0.2372224693595085 95
0.5850776911662314 0.825278492527995 95
0.3118121566381636 0.15438042452519274 95
0.09463328533351464 0.595795550289766 40
0.02857617462159667 0.3736925959653946 95
0.5850776911662314 0.825278492527995 95
0.02857617462159667 0.3736925959653946 95
0.5850776911662314 0.825278492527995 40
0.5850776911662314 0.825278492527995 95
1.0 0.0 95
1.0 0.0 95
0.09463328533351464 0.595795550289766 95
0.009661410272864015 0.5207905732706555 95
0.07067916142385684 0.30369023930524414 95
0.9401593401588043 1.0 95
0.07067916142385684 0.30369023930524414 95
1.0 0.0 95
0.45276928215677636 0.7495085825754185 95
0.09463328533351464 0.595795550289766 40
0.45276928215677636 0.7495085825754185 40
0.17493596719486942 0.2372224693595085 95
0.9401593401588043 1.0 95
0.009661410272864015 0.5207905732706555 40
0.5850776911662314 0.825278492527995 95
0.07067916142385684 0.30369023930524414 95
0.45276928215677636 0.7495085825754185 95
0.34387442575073074 0.6729835629995284 95
0.5850776911662314 0.825278492527995 95
0.6352933011661542 0.9004623547681703 95
0.02857617462159667 0.3736925959653946 95
0.3118121566381636 0.15438042452519274 95
