0.697953931182337 0.9006625963397641 95
0.6356451255096861 0.820997264506131 95
0.5133022073145747 0.7456278014873794 95
0.28805405262357325 0.6635299565811739 95
0.030492469096421875 0.5844951171165151 95
0.10516757100310992 0.5116262363133732 95
0.0 0.44998724644808413 95
0.010199081164365855 0.3778381812819316 95
0.15087106423008798 0.30501513870865266 95
0.19247692323332288 0.23386221423100695 95
0.26743126356983976 0.1597518791185692 95
0.5356868680118372 0.08085727103009803 95
0.8968376370395847 0.0 95
1.0 1.0 95
0.697953931182337 0.9006625963397641 40
0.6356451255096861 0.820997264506131 40
0.5133022073145747 0.7456278014873794 40
0.28805405262357325 0.6635299565811739 40
0.030492469096421875 0.5844951171165151 40
0.10516757100310992 0.5116262363133732 40
0.0 0.44998724644808413 40
0.010199081164365855 0.3778381812819316 40
0.15087106423008798 0.30501513870865266 40
0.19247692323332288 0.23386221423100695 40
0.26743126356983976 0.1597518791185692 40
0.5356868680118372 0.08085727103009803 40
0.8968376370395847 0.0 40
1.0 1.0 40
0.010199081164365855 0.3778381812819316 95
0.030492469096421875 0.5844951171165151 40
0.5133022073145747 0.7456278014873794 95
0.030492469096421875 0.5844951171165151 95
0.19247692323332288 0.23386221423100695 95
0.8968376370395847 0.0 95
0.030492469096421875 0.5844951171165151 95
0.5356868680118372 0.08085727103009803 95
0.5356868680118372 0.08085727103009803 95
0.030492469096421875 0.5844951171165151 95
0.6356451255096861 0.820997264506131 95
0.030492469096421875 0.5844951171165151 40
0.030492469096421875 0.5844951171165151 95
0.5133022073145747 0.7456278014873794 95
0.697953931182337 0.9006625963397641 95
0.19247692323332288 0.23386221423100695 95
0.697953931182337 0.9006625963397641 40
0.19247692323332288 0.23386221423100695 95
0.5133022073145747 0.7456278014873794 40
0.697953931182337 0.9006625963397641 40
0.5356868680118372 0.08085727103009803 95
0.8968376370395847 0.0 95
0.10516757100310992 0.5116262363133732 40
0.010199081164365855 0.3778381812819316 95
0.28805405262357325 0.6635299565811739 40
0.28805405262357325 0.6635299565811739 95
0.10516757100310992 0.5116262363133732 40
0.28805405262357325 0.6635299565811739 40
0.28805405262357325 0.6635299565811739 95
0.26743126356983976 0.1597518791185692 95
0.5133022073145747 0.7456278014873794 40
0.697953931182337 0.9006625963397641 95
0.6356451255096861 0.820997264506131 40
0.030492469096421875 0.5844951171165151 40
0.28805405262357325 0.6635299565811739 95
0.030492469096421875 0.5844951171165151 40
