0.6952430954899271 0.9017675889836788 95
0.6109542479432479 0.8243706730041805 95
0.5452095427106244 0.7433566909134267 95
0.2869713512140221 0.6657769928169491 95
0.0924632876069405 0.5815045254956035 95
0.052752278169995254 0.5092927798311463 95
0.0 0.44253808350096685 95
0.07638359089156288 0.37560174467581614 95
0.12948599360322094 0.3030750484103722 95
0.17233555566649475 0.22409482698636307 95
0.24490136282512734 0.1531394335900183 95
0.5248815824156198 0.07605311157166555 95
0.7880227591408223 0.0 95
1.0 1.0 95
0.6952430954899271 0.9017675889836788 40
0.6109542479432479 0.8243706730041805 40
0.5452095427106244 0.7433566909134267 40
0.2869713512140221 0.6657769928169491 40
0.0924632876069405 0.5815045254956035 40
0.052752278169995254 0.5092927798311463 40
0.0 0.44253808350096685 40
0.07638359089156288 0.37560174467581614 40
0.12948599360322094 0.3030750484103722 40
0.17233555566649475 0.22409482698636307 40
0.24490136282512734 0.1531394335900183 40
0.5248815824156198 0.07605311157166555 40
0.7880227591408223 0.0 40
1.0 1.0 40
0.17233555566649475 0.22409482698636307 95
0.17233555566649475 0.22409482698636307 95
0.5248815824156198 0.07605311157166555 95
0.6952430954899271 0.9017675889836788 95
0.24490136282512734 0.1531394335900183 95
0.052752278169995254 0.5092927798311463 40
0.6109542479432479 0.8243706730041805 95
0.0924632876069405 0.5815045254956035 40
0.0 0.44253808350096685 95
0.6109542479432479 0.8243706730041805 40
0.6109542479432479 0.8243706730041805 40
0.2869713512140221 0.6657769928169491 40
0.6109542479432479 0.8243706730041805 40
0.0 0.44253808350096685 95
0.12948599360322094 0.3030750484103722 95
0.2869713512140221 0.6657769928169491 95
0.24490136282512734 0.1531394335900183 95
0.5248815824156198 0.07605311157166555 95
0.6952430954899271 0.9017675889836788 95
0.0924632876069405 0.5815045254956035 40
0.24490136282512734 0.1531394335900183 95
0.6109542479432479 0.8243706730041805 40
0.6952430954899271 0.9017675889836788 40
0.6109542479432479 0.8243706730041805 95
0.052752278169995254 0.5092927798311463 40
1.0 1.0 95
0.0 0.44253808350096685 95
0.0 0.44253808350096685 95
0.7880227591408223 0.0 95
0.5248815824156198 0.07605311157166555 95
0.052752278169995254 0.5092927798311463 95
1.0 1.0 95
0.6952430954899271 0.9017675889836788 40
0.07638359089156288 0.37560174467581614 95
0.5452095427106244 0.7433566909134267 95
0.5452095427106244 0.7433566909134267 40
