0.7009104824606115 0.8905042561129701 95
0.573220585701527 0.8119994741821985 95
0.6164651259078685 0.7409950967338812 95
0.31999312713442996 0.6615278569504982 95
0.1355177946534286 0.5779039274325423 95
0.05388906521363526 0.5042808632664305 95
0.0 0.43397927279985543 95
0.13126141548271802 0.36574704382996176 95
0.12374856226170176 0.2942233727843434 95
0.19344797972137098 0.22822111969770106 95
0.2665757738926197 0.15036995222932983 95
0.5076560439692294 0.07950640160036299 95
0.72031223330789 0.0 95
1.0 1.0 95
0.7225414859617122 0.9043528438403258 95
0.7009104824606115 0.8905042561129701 40
0.573220585701527 0.8119994741821985 40
0.6164651259078685 0.7409950967338812 40
0.31999312713442996 0.6615278569504982 40
0.1355177946534286 0.5779039274325423 40
0.05388906521363526 0.5042808632664305 40
0.0 0.43397927279985543 40
0.13126141548271802 0.36574704382996176 40
0.12374856226170176 0.2942233727843434 40
0.19344797972137098 0.22822111969770106 40
0.2665757738926197 0.15036995222932983 40
0.5076560439692294 0.07950640160036299 40
0.72031223330789 0.0 40
1.0 1.0 40
0.7225414859617122 0.9043528438403258 40
0.5076560439692294 0.07950640160036299 95
0.19344797972137098 0.22822111969770106 95
0.2665757738926197 0.15036995222932983 95
0.72031223330789 0.0 95
0.7009104824606115 0.8905042561129701 95
0.2665757738926197 0.15036995222932983 95
0.1355177946534286 0.5779039274325423 95
0.5076560439692294 0.07950640160036299 95
0.05388906521363526 0.5042808632664305 40
0.7225414859617122 0.9043528438403258 95
0.0 0.43397927279985543 95
1.0 1.0 95
0.05388906521363526 0.5042808632664305 40
0.573220585701527 0.8119994741821985 95
0.7225414859617122 0.9043528438403258 95
0.05388906521363526 0.5042808632664305 40
0.7225414859617122 0.9043528438403258 95
0.19344797972137098 0.22822111969770106 95
0.6164651259078685 0.7409950967338812 95
0.13126141548271802 0.36574704382996176 95
0.05388906521363526 0.5042808632664305 95
0.7225414859617122 0.9043528438403258 95
1.0 1.0 95
0.573220585701527 0.8119994741821985 95
0.7225414859617122 0.9043528438403258 95
0.13126141548271802 0.36574704382996176 95
1.0 1.0 95
0.7009104824606115 0.8905042561129701 40
0.573220585701527 0.8119994741821985 95
0.7009104824606115 0.8905042561129701 95
0.19344797972137098 0.22822111969770106 95
0.05388906521363526 0.5042808632664305 40
0.31999312713442996 0.6615278569504982 95
0.05388906521363526 0.5042808632664305 40
