0.6519034469666712 0.8393943304362754 95
0.6305047743598221 0.7683044436744599 95
0.3910781086551396 0.6854367298404617 95
0.19509145361774796 0.6056410661742352 95
0.043362250119314584 0.5264586255668194 95
0.0 0.449762651617381 95
0.15143136713196892 0.37517122285482746 95
0.1407600404598544 0.30926195060400036 95
0.17999815576290362 0.23568902646770387 95
0.3846758546276069 0.15318328206663384 95
0.46710020933837265 0.08100526576684673 95
0.6985280805322422 0.0 95
1.0 1.0 95
0.6519034469666712 0.8393943304362754 40
0.6305047743598221 0.7683044436744599 40
0.3910781086551396 0.6854367298404617 40
0.19509145361774796 0.6056410661742352 40
0.043362250119314584 0.5264586255668194 40
0.0 0.449762651617381 40
0.15143136713196892 0.37517122285482746 40
0.1407600404598544 0.30926195060400036 40
0.17999815576290362 0.23568902646770387 40
0.3846758546276069 0.15318328206663384 40
0.46710020933837265 0.08100526576684673 40
0.6985280805322422 0.0 40
1.0 1.0 40
0.6985280805322422 0.0 95
0.15143136713196892 0.37517122285482746 95
0.3846758546276069 0.15318328206663384 95
0.043362250119314584 0.5264586255668194 40
0.0 0.449762651617381 95
0.17999815576290362 0.23568902646770387 95
0.46710020933837265 0.08100526576684673 95
0.15143136713196892 0.37517122285482746 95
0.6519034469666712 0.8393943304362754 95
0.6305047743598221 0.7683044436744599 40
0.6519034469666712 0.8393943304362754 95
0.19509145361774796 0.6056410661742352 95
0.19509145361774796 0.6056410661742352 40
0.6305047743598221 0.7683044436744599 95
0.19509145361774796 0.6056410661742352 40
0.6305047743598221 0.7683044436744599 95
0.19509145361774796 0.6056410661742352 40
0.043362250119314584 0.5264586255668194 40
0.043362250119314584 0.5264586255668194 40
0.46710020933837265 0.08100526576684673 95
0.6519034469666712 0.8393943304362754 95
0.1407600404598544 0.30926195060400036 95
0.17999815576290362 0.23568902646770387 95
0.6519034469666712 0.8393943304362754 95
0.6305047743598221 0.7683044436744599 40
0.043362250119314584 0.5264586255668194 40
0.1407600404598544 0.30926195060400036 95
0.1407600404598544 0.30926195060400036 95
0.19509145361774796 0.6056410661742352 95
0.3846758546276069 0.15318328206663384 95
0.19509145361774796 0.6056410661742352 40
0.6305047743598221 0.7683044436744599 95
0.3910781086551396 0.6854367298404617 95
0.1407600404598544 0.30926195060400036 95
0.3910781086551396 0.6854367298404617 40
0.043362250119314584 0.5264586255668194 40
0.0 0.449762651617381 95
0.043362250119314584 0.5264586255668194 95
