0.6879070535382195 0.9033522099936809 95
0.585301492549867 0.829402531940472 95
0.45481207708362464 0.7493649769533086 95
0.34070590715188226 0.6727642892077189 95
0.035453344290547174 0.5927420758621331 95
0.0 0.5295955550722541 95
0.0014269794744499297 0.45598213890080247 95
0.020736313305074586 0.3805561275694359 95
0.03190057034796286 0.31073296336786804 95
0.15735059914233715 0.2431139224468326 95
0.303284270648902 0.1653382442906649 95
0.52746411079416 0.08567587326425401 95
1.0 0.0 95
0.9364097893490333 1.0 95
0.6879070535382195 0.9033522099936809 40
0.585301492549867 0.829402531940472 40
0.45481207708362464 0.7493649769533086 40
0.34070590715188226 0.6727642892077189 40
0.035453344290547174 0.5927420758621331 40
0.0 0.5295955550722541 40
0.0014269794744499297 0.45598213890080247 40
0.020736313305074586 0.3805561275694359 40
0.03190057034796286 0.31073296336786804 40
0.15735059914233715 0.2431139224468326 40
0.303284270648902 0.1653382442906649 40
0.52746411079416 0.08567587326425401 40
1.0 0.0 40
0.9364097893490333 1.0 40
0.035453344290547174 0.5927420758621331 40
0.34070590715188226 0.6727642892077189 95
0.6879070535382195 0.9033522099936809 95
0.34070590715188226 0.6727642892077189 95
0.9364097893490333 1.0 95
0.303284270648902 0.1653382442906649 95
0.585301492549867 0.829402531940472 40
0.035453344290547174 0.5927420758621331 95
1.0 0.0 95
0.0 0.5295955550722541 40
0.6879070535382195 0.9033522099936809 95
0.6879070535382195 0.9033522099936809 40
0.34070590715188226 0.6727642892077189 95
0.6879070535382195 0.9033522099936809 95
0.303284270648902 0.1653382442906649 95
0.03190057034796286 0.31073296336786804 95
0.303284270648902 0.1653382442906649 95
0.52746411079416 0.08567587326425401 95
0.0 0.5295955550722541 40
0.020736313305074586 0.3805561275694359 95
0.15735059914233715 0.2431139224468326 95
0.45481207708362464 0.7493649769533086 40
0.303284270648902 0.1653382442906649 95
0.303284270648902 0.1653382442906649 95
0.34070590715188226 0.6727642892077189 40
0.52746411079416 0.08567587326425401 95
0.15735059914233715 0.2431139224468326 95
0.303284270648902 0.1653382442906649 95
1.0 0.0 95
0.0014269794744499297 0.45598213890080247 95
0.0 0.5295955550722541 40
0.9364097893490333 1.0 95
0.15735059914233715 0.2431139224468326 95
0.585301492549867 0.829402531940472 95
0.303284270648902 0.1653382442906649 95
0.34070590715188226 0.6727642892077189 95
