0.6950154114202783 0.8684798275250317 95
0.6035281021930572 0.795745691101439 95
0.5115121844984926 0.71747957035136 95
0.3332892696170379 0.6468123528563648 95
0.02776274493853191 0.5671860237979167 95
0.08451888682889325 0.5013559159138263 95
0.01786629822618669 0.43522603540704663 95
0.0 0.3597443562722674 95
0.13984555052510728 0.29963352362557744 95
0.17510653131274237 0.22997111948294868 95
0.25177878558186945 0.1540169985955204 95
0.49655671970220444 0.08213831233933153 95
0.8965257122723582 0.0 95
1.0 1.0 95
0.7130545727997019 0.9092478420192609 95
0.6950154114202783 0.8684798275250317 40
0.6035281021930572 0.795745691101439 40
0.5115121844984926 0.71747957035136 40
0.3332892696170379 0.6468123528563648 40
0.02776274493853191 0.5671860237979167 40
0.08451888682889325 0.5013559159138263 40
0.01786629822618669 0.43522603540704663 40
0.0 0.3597443562722674 40
0.13984555052510728 0.29963352362557744 40
0.17510653131274237 0.22997111948294868 40
0.25177878558186945 0.1540169985955204 40
0.49655671970220444 0.08213831233933153 40
0.8965257122723582 0.0 40
1.0 1.0 40
0.7130545727997019 0.9092478420192609 40
0.01786629822618669 0.43522603540704663 95
0.5115121844984926 0.71747957035136 40
0.3332892696170379 0.6468123528563648 40
0.02776274493853191 0.5671860237979167 95
0.6950154114202783 0.8684798275250317 40
0.5115121844984926 0.71747957035136 95
0.25177878558186945 0.1540169985955204 95
0.01786629822618669 0.43522603540704663 95
0.6950154114202783 0.8684798275250317 95
0.02776274493853191 0.5671860237979167 95
0.5115121844984926 0.71747957035136 95
0.6035281021930572 0.795745691101439 40
0.13984555052510728 0.29963352362557744 95
0.01786629822618669 0.43522603540704663 40
0.8965257122723582 0.0 95
0.3332892696170379 0.6468123528563648 40
0.49655671970220444 0.08213831233933153 95
0.02776274493853191 0.5671860237979167 95
0.02776274493853191 0.5671860237979167 40
0.3332892696170379 0.6468123528563648 40
0.17510653131274237 0.22997111948294868 95
1.0 1.0 95
0.01786629822618669 0.43522603540704663 95
0.6035281021930572 0.795745691101439 95
0.01786629822618669 0.43522603540704663 40
0.6950154114202783 0.8684798275250317 40
0.7130545727997019 0.9092478420192609 95
0.25177878558186945 0.1540169985955204 95
1.0 1.0 95
0.02776274493853191 0.5671860237979167 40
0.17510653131274237 0.22997111948294868 95
0.17510653131274237 0.22997111948294868 95
0.25177878558186945 0.1540169985955204 95
0.02776274493853191 0.5671860237979167 95
