0.6764408888575306 0.8716827288299629 95
0.6069158072665154 0.798665330400698 95
0.4886542401176968 0.7215417431480065 95
0.2502293719625975 0.6442962412429825 95
0.06374788825913581 0.576489848301491 95
0.03388133762652443 0.5021550119985111 95
0.0 0.43792250394331883 95
0.03638169889175238 0.360632263873409 95
0.10839311812788228 0.29723681302387395 95
0.1593579252243874 0.22351952344570356 95
0.24055487701029526 0.15430447046462556 95
0.5286158197492473 0.08016548317242025 95
0.7729045038970306 0.0 95
1.0 1.0 95
0.7492535133977546 0.9101352580200088 95
0.6764408888575306 0.8716827288299629 40
0.6069158072665154 0.798665330400698 40
0.4886542401176968 0.7215417431480065 40
0.2502293719625975 0.6442962412429825 40
0.06374788825913581 0.576489848301491 40
0.03388133762652443 0.5021550119985111 40
0.0 0.43792250394331883 40
0.03638169889175238 0.360632263873409 40
0.10839311812788228 0.29723681302387395 40
0.1593579252243874 0.22351952344570356 40
0.24055487701029526 0.15430447046462556 40
0.5286158197492473 0.08016548317242025 40
0.7729045038970306 0.0 40
1.0 1.0 40
0.7492535133977546 0.9101352580200088 40
0.2502293719625975 0.6442962412429825 95
0.6069158072665154 0.798665330400698 40
0.7729045038970306 0.0 95
1.0 1.0 95
0.6764408888575306 0.8716827288299629 95
0.6069158072665154 0.798665330400698 95
0.6764408888575306 0.8716827288299629 95
0.6069158072665154 0.798665330400698 40
0.06374788825913581 0.576489848301491 95
0.6069158072665154 0.798665330400698 40
0.2502293719625975 0.6442962412429825 95
0.03388133762652443 0.5021550119985111 95
0.6069158072665154 0.798665330400698 95
0.03638169889175238 0.360632263873409 95
0.6764408888575306 0.8716827288299629 40
0.06374788825913581 0.576489848301491 40
0.5286158197492473 0.08016548317242025 95
0.03388133762652443 0.5021550119985111 95
1.0 1.0 95
0.2502293719625975 0.6442962412429825 95
1.0 1.0 95
0.2502293719625975 0.6442962412429825 40
0.03388133762652443 0.5021550119985111 95
0.2502293719625975 0.6442962412429825 95
0.03388133762652443 0.5021550119985111 40
0.24055487701029526 0.15430447046462556 95
0.4886542401176968 0.7215417431480065 95
0.6069158072665154 0.798665330400698 40
0.7492535133977546 0.9101352580200088 95
0.1593579252243874 0.22351952344570356 95
0.5286158197492473 0.08016548317242025 95
1.0 1.0 95
0.2502293719625975 0.6442962412429825 40
1.0 1.0 95
