0.0 1.0 40
0.017611430338855937 0.8513099608144651 40
0.027844819417695663 0.7112660837665372 40
0.03182261029319683 0.5700642028354682 40
0.05007912628422425 0.4404138291066411 40
0.08818226563488667 0.32297194369453286 40
0.1565878878662709 0.23230784029038729 40
0.24058784628810692 0.15687189579175442 40
0.39405158475929664 0.12328334166176567 40
0.54743139420287 0.07747250283914961 40
0.6562822807055255 0.0 40
1.0 0.04685145725885395 40
0.0 1.0 95
0.017611430338855937 0.8513099608144651 95
0.027844819417695663 0.7112660837665372 95
0.03182261029319683 0.5700642028354682 95
0.05007912628422425 0.4404138291066411 95
0.08818226563488667 0.32297194369453286 95
0.1565878878662709 0.23230784029038729 95
0.24058784628810692 0.15687189579175442 95
0.39405158475929664 0.12328334166176567 95
0.54743139420287 0.07747250283914961 95
0.6562822807055255 0.0 95
1.0 0.04685145725885395 95
0.017611430338855937 0.8513099608144651 40
0.017611430338855937 0.8513099608144651 40
0.017611430338855937 0.8513099608144651 40
0.017611430338855937 0.8513099608144651 40
0.017611430338855937 0.8513099608144651 40
0.017611430338855937 0.8513099608144651 40
0.017611430338855937 0.8513099608144651 40
0.017611430338855937 0.8513099608144651 40
