0.6622472693080252 0.8679504384033302 95
0.5840882010527034 0.7895594275000065 95
0.45264969960149387 0.7131320994102472 95
0.3469013389203085 0.6426164257774327 95
0.05771921477896857 0.5750961139753851 95
0.020407976842305737 0.5005566487632912 95
0.0 0.43276840484807116 95
0.024066905409706504 0.3640536940701413 95
0.05526207649602266 0.2941368626676957 95
0.1689148385695419 0.22652943859591937 95
0.3172763038613003 0.1586746909179859 95
0.5323362701286553 0.08184179257762306 95
0.9590787968412822 0.0 95
1.0 1.0 95
0.6840165471848504 0.9109569580264758 95
0.6622472693080252 0.8679504384033302 40
0.5840882010527034 0.7895594275000065 40
0.45264969960149387 0.7131320994102472 40
0.3469013389203085 0.6426164257774327 40
0.05771921477896857 0.5750961139753851 40
0.020407976842305737 0.5005566487632912 40
0.0 0.43276840484807116 40
0.024066905409706504 0.3640536940701413 40
0.05526207649602266 0.2941368626676957 40
0.1689148385695419 0.22652943859591937 40
0.3172763038613003 0.1586746909179859 40
0.5323362701286553 0.08184179257762306 40
0.9590787968412822 0.0 40
1.0 1.0 40
0.6840165471848504 0.9109569580264758 40
0.6622472693080252 0.8679504384033302 95
0.024066905409706504 0.3640536940701413 95
0.05771921477896857 0.5750961139753851 95
0.020407976842305737 0.5005566487632912 40
0.3469013389203085 0.6426164257774327 95
0.3172763038613003 0.1586746909179859 95
0.6622472693080252 0.8679504384033302 40
0.5840882010527034 0.7895594275000065 40
0.0 0.43276840484807116 40
0.05771921477896857 0.5750961139753851 95
0.020407976842305737 0.5005566487632912 40
0.5840882010527034 0.7895594275000065 95
0.45264969960149387 0.7131320994102472 95
0.0 0.43276840484807116 95
0.3469013389203085 0.6426164257774327 95
0.6622472693080252 0.8679504384033302 40
0.0 0.43276840484807116 40
0.05771921477896857 0.5750961139753851 40
0.05771921477896857 0.5750961139753851 95
0.45264969960149387 0.7131320994102472 40
0.45264969960149387 0.7131320994102472 40
1.0 1.0 95
0.05526207649602266 0.2941368626676957 95
0.05526207649602266 0.2941368626676957 95
0.6622472693080252 0.8679504384033302 40
0.024066905409706504 0.3640536940701413 95
0.05526207649602266 0.2941368626676957 95
0.05526207649602266 0.2941368626676957 95
0.45264969960149387 0.7131320994102472 40
0.45264969960149387 0.7131320994102472 40
0.6622472693080252 0.8679504384033302 40
0.9590787968412822 0.0 95
0.5840882010527034 0.7895594275000065 95
0.05771921477896857 0.5750961139753851 40
