0.6330827678317373 0.8623096469924096 95
0.6183128724236673 0.7888921176219746 95
0.37450763836120526 0.7173663082899668 95
0.1835454934207652 0.6440144218033914 95
0.07391897673714873 0.5699783212452252 95
0.0 0.49956440630558774 95
0.12224182619748553 0.4323235795361087 95
0.09247813282407268 0.3651602588807636 95
0.16450896269682072 0.29682079455196314 95
0.21768889307601436 0.22550292417789125 95
0.3364918643500967 0.16093991229868634 95
0.6059255562873466 0.08267793565176551 95
1.0 0.0 95
0.9476639229733217 1.0 95
0.6330827678317373 0.8623096469924096 40
0.6183128724236673 0.7888921176219746 40
0.37450763836120526 0.7173663082899668 40
0.1835454934207652 0.6440144218033914 40
0.07391897673714873 0.5699783212452252 40
0.0 0.49956440630558774 40
0.12224182619748553 0.4323235795361087 40
0.09247813282407268 0.3651602588807636 40
0.16450896269682072 0.29682079455196314 40
0.21768889307601436 0.22550292417789125 40
0.3364918643500967 0.16093991229868634 40
0.6059255562873466 0.08267793565176551 40
1.0 0.0 40
0.9476639229733217 1.0 40
0.6183128724236673 0.7888921176219746 40
0.6330827678317373 0.8623096469924096 95
0.6330827678317373 0.8623096469924096 40
0.37450763836120526 0.7173663082899668 95
0.0 0.49956440630558774 40
0.07391897673714873 0.5699783212452252 95
0.37450763836120526 0.7173663082899668 95
0.1835454934207652 0.6440144218033914 95
0.21768889307601436 0.22550292417789125 95
0.1835454934207652 0.6440144218033914 40
0.6183128724236673 0.7888921176219746 40
0.6330827678317373 0.8623096469924096 95
0.07391897673714873 0.5699783212452252 40
0.07391897673714873 0.5699783212452252 40
1.0 0.0 95
0.12224182619748553 0.4323235795361087 95
0.6183128724236673 0.7888921176219746 95
0.0 0.49956440630558774 40
0.07391897673714873 0.5699783212452252 40
1.0 0.0 95
0.6183128724236673 0.7888921176219746 95
0.07391897673714873 0.5699783212452252 40
0.1835454934207652 0.6440144218033914 95
0.6183128724236673 0.7888921176219746 40
1.0 0.0 95
0.0 0.49956440630558774 40
0.16450896269682072 0.29682079455196314 95
0.6330827678317373 0.8623096469924096 95
0.12224182619748553 0.4323235795361087 95
0.6059255562873466 0.08267793565176551 95
0.1835454934207652 0.6440144218033914 40
0.0 0.49956440630558774 40
0.6330827678317373 0.8623096469924096 95
0.6183128724236673 0.7888921176219746 95
0.0 0.49956440630558774 40
0.0 0.49956440630558774 40
