0.6221754485271255 0.8678544099204849 95
0.5332412920441421 0.7927737283740384 95
0.49231225567262876 0.7208050357397857 95
0.2646103255089154 0.6433699076231422 95
0.1003673845323743 0.5634840660798477 95
0.04391750583915579 0.49898663291910833 95
0.0 0.42540734154397153 95
0.07187839065867468 0.3581105131404838 95
0.11726142136127637 0.28867758895615625 95
0.1606197372924956 0.22112680153185488 95
0.2285319052199209 0.149148892194709 95
0.4595666506347561 0.07457214896135557 95
0.6595054382554519 0.0 95
1.0 1.0 95
0.7527868870572598 0.9152782412142909 95
0.6221754485271255 0.8678544099204849 40
0.5332412920441421 0.7927737283740384 40
0.49231225567262876 0.7208050357397857 40
0.2646103255089154 0.6433699076231422 40
0.1003673845323743 0.5634840660798477 40
0.04391750583915579 0.49898663291910833 40
0.0 0.42540734154397153 40
0.07187839065867468 0.3581105131404838 40
0.11726142136127637 0.28867758895615625 40
0.1606197372924956 0.22112680153185488 40
0.2285319052199209 0.149148892194709 40
0.4595666506347561 0.07457214896135557 40
0.6595054382554519 0.0 40
1.0 1.0 40
0.7527868870572598 0.9152782412142909 40
0.1003673845323743 0.5634840660798477 40
0.11726142136127637 0.28867758895615625 95
0.0 0.42540734154397153 95
1.0 1.0 95
0.2285319052199209 0.149148892194709 95
0.2285319052199209 0.149148892194709 95
0.0 0.42540734154397153 95
0.0 0.42540734154397153 40
0.2646103255089154 0.6433699076231422 95
0.5332412920441421 0.7927737283740384 95
0.1003673845323743 0.5634840660798477 40
0.1003673845323743 0.5634840660798477 95
0.4595666506347561 0.07457214896135557 95
0.5332412920441421 0.7927737283740384 40
0.2285319052199209 0.149148892194709 95
0.1003673845323743 0.5634840660798477 95
0.2285319052199209 0.149148892194709 95
0.07187839065867468 0.3581105131404838 95
0.1606197372924956 0.22112680153185488 95
0.5332412920441421 0.7927737283740384 95
0.1606197372924956 0.22112680153185488 95
0.07187839065867468 0.3581105131404838 95
0.49231225567262876 0.7208050357397857 40
0.11726142136127637 0.28867758895615625 95
0.5332412920441421 0.7927737283740384 40
0.6595054382554519 0.0 95
0.6221754485271255 0.8678544099204849 95
0.11726142136127637 0.28867758895615625 95
0.2646103255089154 0.6433699076231422 95
0.11726142136127637 0.28867758895615625 95
0.6595054382554519 0.0 95
0.0 0.42540734154397153 95
0.49231225567262876 0.7208050357397857 95
0.7527868870572598 0.9152782412142909 95
