0.6586817040530034 0.8761454828343989 95
0.5633126450963718 0.7930371441720006 95
0.5496436194316019 0.7223293064501852 95
0.2974864276116029 0.6484766051896865 95
0.12115625553745353 0.5682674283858512 95
0.04466157786543793 0.5027227431393068 95
0.0 0.43069727351553677 95
0.09768856179367799 0.3680972991974617 95
0.11976115017682894 0.2962981618711267 95
0.1863138118369431 0.2226215689923209 95
0.2567804304693272 0.15455421332092362 95
0.44607306616944437 0.07671402516106479 95
0.6620524389066484 0.0 95
1.0 1.0 95
0.7657360530222229 0.9115591598425897 95
0.6586817040530034 0.8761454828343989 40
0.5633126450963718 0.7930371441720006 40
0.5496436194316019 0.7223293064501852 40
0.2974864276116029 0.6484766051896865 40
0.12115625553745353 0.5682674283858512 40
0.04466157786543793 0.5027227431393068 40
0.0 0.43069727351553677 40
0.09768856179367799 0.3680972991974617 40
0.11976115017682894 0.2962981618711267 40
0.1863138118369431 0.2226215689923209 40
0.2567804304693272 0.15455421332092362 40
0.44607306616944437 0.07671402516106479 40
0.6620524389066484 0.0 40
1.0 1.0 40
0.7657360530222229 0.9115591598425897 40
0.11976115017682894 0.2962981618711267 95
0.5496436194316019 0.7223293064501852 40
0.7657360530222229 0.9115591598425897 95
0.5496436194316019 0.7223293064501852 40
0.2567804304693272 0.15455421332092362 95
0.2974864276116029 0.6484766051896865 95
0.5633126450963718 0.7930371441720006 40
0.12115625553745353 0.5682674283858512 95
0.5633126450963718 0.7930371441720006 40
0.0 0.43069727351553677 95
0.12115625553745353 0.5682674283858512 40
0.5496436194316019 0.7223293064501852 95
0.04466157786543793 0.5027227431393068 95
0.5633126450963718 0.7930371441720006 40
0.2974864276116029 0.6484766051896865 95
0.2567804304693272 0.15455421332092362 95
0.04466157786543793 0.5027227431393068 95
0.7657360530222229 0.9115591598425897 95
0.0 0.43069727351553677 95
0.6586817040530034 0.8761454828343989 40
0.2567804304693272 0.15455421332092362 95
0.2974864276116029 0.6484766051896865 95
0.0 0.43069727351553677 40
0.0 0.43069727351553677 40
0.1863138118369431 0.2226215689923209 95
0.12115625553745353 0.5682674283858512 95
0.12115625553745353 0.5682674283858512 40
0.2974864276116029 0.6484766051896865 95
0.7657360530222229 0.9115591598425897 95
0.44607306616944437 0.07671402516106479 95
0.2974864276116029 0.6484766051896865 95
0.1863138118369431 0.2226215689923209 95
0.12115625553745353 0.5682674283858512 40
0.1863138118369431 0.2226215689923209 95
