0.7206565869369179 0.8896812931758331 95
0.604398300951716 0.8175252303053568 95
0.5474822209424045 0.7417479810494163 95
0.2966558238516518 0.6658878501694038 95
0.10448229067301062 0.5805102664730214 95
0.034510093975398455 0.5118329137368329 95
0.0 0.4446440929896649 95
0.03823358764783293 0.3699493257382429 95
0.14468375362321578 0.30166902351828123 95
0.17578450577161925 0.22662380202939006 95
0.26586938982213304 0.15756358369740828 95
0.5505321344555527 0.07960703927843377 95
0.7873502533339264 0.0 95
1.0 1.0 95
0.7115153194054559 0.9168088311491694 95
0.7206565869369179 0.8896812931758331 40
0.604398300951716 0.8175252303053568 40
0.5474822209424045 0.7417479810494163 40
0.2966558238516518 0.6658878501694038 40
0.10448229067301062 0.5805102664730214 40
0.034510093975398455 0.5118329137368329 40
0.0 0.4446440929896649 40
0.03823358764783293 0.3699493257382429 40
0.14468375362321578 0.30166902351828123 40
0.17578450577161925 0.22662380202939006 40
0.26586938982213304 0.15756358369740828 40
0.5505321344555527 0.07960703927843377 40
0.7873502533339264 0.0 40
1.0 1.0 40
0.7115153194054559 0.9168088311491694 40
0.7115153194054559 0.9168088311491694 95
0.17578450577161925 0.22662380202939006 95
0.5505321344555527 0.07960703927843377 95
0.03823358764783293 0.3699493257382429 95
0.7206565869369179 0.8896812931758331 95
0.7206565869369179 0.8896812931758331 40
0.2966558238516518 0.6658878501694038 40
0.604398300951716 0.8175252303053568 95
0.0 0.4446440929896649 95
0.7873502533339264 0.0 95
0.10448229067301062 0.5805102664730214 95
0.17578450577161925 0.22662380202939006 95
0.5505321344555527 0.07960703927843377 95
0.7115153194054559 0.9168088311491694 95
1.0 1.0 95
0.03823358764783293 0.3699493257382429 95
0.5505321344555527 0.07960703927843377 95
0.604398300951716 0.8175252303053568 95
1.0 1.0 95
1.0 1.0 95
0.17578450577161925 0.22662380202939006 95
0.10448229067301062 0.5805102664730214 40
0.17578450577161925 0.22662380202939006 95
0.0 0.4446440929896649 40
0.26586938982213304 0.15756358369740828 95
0.0 0.4446440929896649 95
0.604398300951716 0.8175252303053568 95
0.7206565869369179 0.8896812931758331 95
0.0 0.4446440929896649 95
0.26586938982213304 0.15756358369740828 95
1.0 1.0 95
0.7206565869369179 0.8896812931758331 40
0.604398300951716 0.8175252303053568 40
0.2966558238516518 0.6658878501694038 95
