0.6130768783022031 0.8383846923674723 95
0.5634951953125206 0.7705181560760143 95
0.3833994696730907 0.6989333140451388 95
0.1764716277410061 0.6266694312309011 95
0.07544519219679346 0.558028616853094 95
0.0 0.4866405062383391 95
0.15025640470364252 0.4181894168724439 95
0.08822170098431695 0.3555459822925315 95
0.16758252867675485 0.2922706243076956 95
0.2761339199912155 0.2228399440298583 95
0.3375608543421828 0.15155261178063903 95
0.6060591083058406 0.0775902511530809 95
1.0 0.0 95
0.9210824651821856 1.0 95
0.6822853900451632 0.9159344684391924 95
0.6130768783022031 0.8383846923674723 40
0.5634951953125206 0.7705181560760143 40
0.3833994696730907 0.6989333140451388 40
0.1764716277410061 0.6266694312309011 40
0.07544519219679346 0.558028616853094 40
0.0 0.4866405062383391 40
0.15025640470364252 0.4181894168724439 40
0.08822170098431695 0.3555459822925315 40
0.16758252867675485 0.2922706243076956 40
0.2761339199912155 0.2228399440298583 40
0.3375608543421828 0.15155261178063903 40
0.6060591083058406 0.0775902511530809 40
1.0 0.0 40
0.9210824651821856 1.0 40
0.6822853900451632 0.9159344684391924 40
0.5634951953125206 0.7705181560760143 95
0.5634951953125206 0.7705181560760143 40
0.15025640470364252 0.4181894168724439 40
0.3375608543421828 0.15155261178063903 95
0.5634951953125206 0.7705181560760143 40
0.08822170098431695 0.3555459822925315 95
0.1764716277410061 0.6266694312309011 40
0.07544519219679346 0.558028616853094 40
0.3833994696730907 0.6989333140451388 40
0.5634951953125206 0.7705181560760143 95
0.0 0.4866405062383391 95
0.6822853900451632 0.9159344684391924 95
1.0 0.0 95
1.0 0.0 95
0.9210824651821856 1.0 95
0.3833994696730907 0.6989333140451388 95
0.0 0.4866405062383391 40
0.07544519219679346 0.558028616853094 40
0.15025640470364252 0.4181894168724439 40
0.1764716277410061 0.6266694312309011 95
0.5634951953125206 0.7705181560760143 95
0.9210824651821856 1.0 95
0.5634951953125206 0.7705181560760143 40
0.6130768783022031 0.8383846923674723 95
0.07544519219679346 0.558028616853094 95
0.3833994696730907 0.6989333140451388 95
0.6060591083058406 0.0775902511530809 95
0.16758252867675485 0.2922706243076956 95
1.0 0.0 95
0.3833994696730907 0.6989333140451388 40
0.1764716277410061 0.6266694312309011 40
0.1764716277410061 0.6266694312309011 95
1.0 0.0 95
0.6822853900451632 0.9159344684391924 95
