0.6973684757210405 0.8854366226575668 95
0.6172749275013596 0.8099455621725437 95
0.5375866150253976 0.7262784251948731 95
0.294958282367408 0.6550244091725136 95
0.13368973146645108 0.5745893005337839 95
0.07286973912478731 0.5094604131195277 95
0.0 0.4376089270294211 95
0.056230316923796084 0.36578184428825533 95
0.13091465990370682 0.299706239203331 95
0.18500731928085687 0.22402474307750328 95
0.25699447188491314 0.15134384895707867 95
0.5317196082959241 0.07955011920735557 95
0.7377387807132199 0.0 95
1.0 1.0 95
0.7816608714002716 0.9184538968315318 95
0.6973684757210405 0.8854366226575668 40
0.6172749275013596 0.8099455621725437 40
0.5375866150253976 0.7262784251948731 40
0.294958282367408 0.6550244091725136 40
0.13368973146645108 0.5745893005337839 40
0.07286973912478731 0.5094604131195277 40
0.0 0.4376089270294211 40
0.056230316923796084 0.36578184428825533 40
0.13091465990370682 0.299706239203331 40
0.18500731928085687 0.22402474307750328 40
0.25699447188491314 0.15134384895707867 40
0.5317196082959241 0.07955011920735557 40
0.7377387807132199 0.0 40
1.0 1.0 40
0.7816608714002716 0.9184538968315318 40
0.13368973146645108 0.5745893005337839 95
0.13091465990370682 0.299706239203331 95
0.5317196082959241 0.07955011920735557 95
0.056230316923796084 0.36578184428825533 95
0.6973684757210405 0.8854366226575668 40
0.07286973912478731 0.5094604131195277 40
0.0 0.4376089270294211 40
0.7816608714002716 0.9184538968315318 95
0.6172749275013596 0.8099455621725437 95
0.07286973912478731 0.5094604131195277 40
0.5375866150253976 0.7262784251948731 40
0.294958282367408 0.6550244091725136 95
0.13368973146645108 0.5745893005337839 40
0.6172749275013596 0.8099455621725437 95
0.294958282367408 0.6550244091725136 40
0.5375866150253976 0.7262784251948731 40
0.056230316923796084 0.36578184428825533 95
0.294958282367408 0.6550244091725136 95
0.294958282367408 0.6550244091725136 40
0.07286973912478731 0.5094604131195277 95
0.7377387807132199 0.0 95
0.6172749275013596 0.8099455621725437 40
0.25699447188491314 0.15134384895707867 95
0.7377387807132199 0.0 95
0.6172749275013596 0.8099455621725437 40
0.056230316923796084 0.36578184428825533 95
0.13368973146645108 0.5745893005337839 40
0.07286973912478731 0.5094604131195277 40
0.6172749275013596 0.8099455621725437 95
0.6172749275013596 0.8099455621725437 95
0.18500731928085687 0.22402474307750328 95
0.0 0.4376089270294211 95
0.13091465990370682 0.299706239203331 95
0.6973684757210405 0.8854366226575668 95
