0.6787071819513646 0.8855294063473726 95
0.5822762477412733 0.807669752326998 95
0.46091641842389214 0.7315582116354562 95
0.2736477793785911 0.6594060554396264 95
0.032851073894379135 0.5870587913615041 95
0.023839059181233142 0.5073511118467364 95
0.0 0.44258007316210674 95
0.008757887488532214 0.36880097429924247 95
0.1380186434779045 0.3025929598632925 95
0.16184049072074377 0.23168540380540542 95
0.22854899124194875 0.16028229402442346 95
0.47287111835287254 0.08181666987489136 95
0.8248770257135107 0.0 95
1.0 1.0 95
0.7032235826436509 0.909822824966169 95
0.6787071819513646 0.8855294063473726 40
0.5822762477412733 0.807669752326998 40
0.46091641842389214 0.7315582116354562 40
0.2736477793785911 0.6594060554396264 40
0.032851073894379135 0.5870587913615041 40
0.023839059181233142 0.5073511118467364 40
0.0 0.44258007316210674 40
0.008757887488532214 0.36880097429924247 40
0.1380186434779045 0.3025929598632925 40
0.16184049072074377 0.23168540380540542 40
0.22854899124194875 0.16028229402442346 40
0.47287111835287254 0.08181666987489136 40
0.8248770257135107 0.0 40
1.0 1.0 40
0.7032235826436509 0.909822824966169 40
0.6787071819513646 0.8855294063473726 40
0.16184049072074377 0.23168540380540542 95
0.46091641842389214 0.7315582116354562 40
0.16184049072074377 0.23168540380540542 95
0.0 0.44258007316210674 40
0.46091641842389214 0.7315582116354562 95
0.1380186434779045 0.3025929598632925 95
0.6787071819513646 0.8855294063473726 40
0.032851073894379135 0.5870587913615041 40
0.46091641842389214 0.7315582116354562 40
0.22854899124194875 0.16028229402442346 95
0.0 0.44258007316210674 95
0.7032235826436509 0.909822824966169 95
0.0 0.44258007316210674 95
0.8248770257135107 0.0 95
0.46091641842389214 0.7315582116354562 40
0.46091641842389214 0.7315582116354562 95
0.2736477793785911 0.6594060554396264 95
0.6787071819513646 0.8855294063473726 40
0.023839059181233142 0.5073511118467364 40
0.0 0.44258007316210674 95
0.22854899124194875 0.16028229402442346 95
0.16184049072074377 0.23168540380540542 95
0.16184049072074377 0.23168540380540542 95
0.023839059181233142 0.5073511118467364 95
0.2736477793785911 0.6594060554396264 40
0.023839059181233142 0.5073511118467364 95
0.22854899124194875 0.16028229402442346 95
0.22854899124194875 0.16028229402442346 95
0.032851073894379135 0.5870587913615041 40
0.2736477793785911 0.6594060554396264 95
0.2736477793785911 0.6594060554396264 40
0.008757887488532214 0.36880097429924247 95
0.7032235826436509 0.909822824966169 95
