0.6653232682430366 0.8885250028113616 95
0.580642329690002 0.8080356215767159 95
0.4672634710717758 0.7359522874654564 95
0.3569597643532225 0.6618690017881055 95
0.039342927629882764 0.5848755146443618 95
0.07482787058668154 0.5147519993333485 95
0.0 0.4444935806533026 95
0.02431499068546143 0.37432199083833106 95
0.06996931622391739 0.2994889133045604 95
0.18050223296996026 0.2304064976815329 95
0.251785665806385 0.15920357082137102 95
0.5134911454595076 0.0839601926538085 95
0.9163246744676502 0.0 95
1.0 1.0 95
0.6653232682430366 0.8885250028113616 40
0.580642329690002 0.8080356215767159 40
0.4672634710717758 0.7359522874654564 40
0.3569597643532225 0.6618690017881055 40
0.039342927629882764 0.5848755146443618 40
0.07482787058668154 0.5147519993333485 40
0.0 0.4444935806533026 40
0.02431499068546143 0.37432199083833106 40
0.06996931622391739 0.2994889133045604 40
0.18050223296996026 0.2304064976815329 40
0.251785665806385 0.15920357082137102 40
0.5134911454595076 0.0839601926538085 40
0.9163246744676502 0.0 40
1.0 1.0 40
0.18050223296996026 0.2304064976815329 95
0.6653232682430366 0.8885250028113616 95
0.5134911454595076 0.0839601926538085 95
0.02431499068546143 0.37432199083833106 95
0.4672634710717758 0.7359522874654564 95
0.039342927629882764 0.5848755146443618 95
0.06996931622391739 0.2994889133045604 95
0.5134911454595076 0.0839601926538085 95
0.07482787058668154 0.5147519993333485 95
0.07482787058668154 0.5147519993333485 40
0.4672634710717758 0.7359522874654564 95
0.4672634710717758 0.7359522874654564 40
0.0 0.4444935806533026 95
0.039342927629882764 0.5848755146443618 40
0.4672634710717758 0.7359522874654564 95
0.02431499068546143 0.37432199083833106 95
0.3569597643532225 0.6618690017881055 40
0.6653232682430366 0.8885250028113616 40
0.07482787058668154 0.5147519993333485 40
0.4672634710717758 0.7359522874654564 95
0.06996931622391739 0.2994889133045604 95
0.580642329690002 0.8080356215767159 95
0.3569597643532225 0.6618690017881055 95
0.3569597643532225 0.6618690017881055 40
0.6653232682430366 0.8885250028113616 40
0.07482787058668154 0.5147519993333485 40
0.3569597643532225 0.6618690017881055 95
0.07482787058668154 0.5147519993333485 95
0.9163246744676502 0.0 95
0.4672634710717758 0.7359522874654564 40
0.6653232682430366 0.8885250028113616 95
0.06996931622391739 0.2994889133045604 95
0.5134911454595076 0.0839601926538085 95
0.251785665806385 0.15920357082137102 95
0.3569597643532225 0.6618690017881055 95
0.07482787058668154 0.5147519993333485 40
