0.6366350028120009 0.8736594499518179 95
0.49888650809270213 0.803609196527857 95
0.5280181281428167 0.7243437371391487 95
0.25704931148716725 0.6447979011389071 95
0.10234929365754537 0.573642223372497 95
0.02961615233616299 0.49892812704008577 95
0.0 0.4347769388336889 95
0.08986412178221048 0.3646292008052684 95
0.08277324779584777 0.2920265238105951 95
0.15328014166093476 0.22304324368916062 95
0.2674053780672362 0.15141107110503876 95
0.41308851473365604 0.08174266154276785 95
0.6156304369189854 0.0 95
1.0 1.0 95
0.7202706301834048 0.9181019918995327 95
0.6366350028120009 0.8736594499518179 40
0.49888650809270213 0.803609196527857 40
0.5280181281428167 0.7243437371391487 40
0.25704931148716725 0.6447979011389071 40
0.10234929365754537 0.573642223372497 40
0.02961615233616299 0.49892812704008577 40
0.0 0.4347769388336889 40
0.08986412178221048 0.3646292008052684 40
0.08277324779584777 0.2920265238105951 40
0.15328014166093476 0.22304324368916062 40
0.2674053780672362 0.15141107110503876 40
0.41308851473365604 0.08174266154276785 40
0.6156304369189854 0.0 40
1.0 1.0 40
0.7202706301834048 0.9181019918995327 40
0.0 0.4347769388336889 40
0.5280181281428167 0.7243437371391487 40
0.0 0.4347769388336889 40
0.08277324779584777 0.2920265238105951 95
0.41308851473365604 0.08174266154276785 95
1.0 1.0 95
1.0 1.0 95
0.41308851473365604 0.08174266154276785 95
0.2674053780672362 0.15141107110503876 95
0.5280181281428167 0.7243437371391487 95
0.6366350028120009 0.8736594499518179 40
0.02961615233616299 0.49892812704008577 40
0.49888650809270213 0.803609196527857 40
0.25704931148716725 0.6447979011389071 95
0.15328014166093476 0.22304324368916062 95
0.5280181281428167 0.7243437371391487 95
0.08986412178221048 0.3646292008052684 95
0.5280181281428167 0.7243437371391487 95
0.0 0.4347769388336889 95
0.6366350028120009 0.8736594499518179 95
0.41308851473365604 0.08174266154276785 95
0.5280181281428167 0.7243437371391487 40
0.6366350028120009 0.8736594499518179 40
0.5280181281428167 0.7243437371391487 40
1.0 1.0 95
0.0 0.4347769388336889 95
0.49888650809270213 0.803609196527857 40
0.10234929365754537 0.573642223372497 95
0.41308851473365604 0.08174266154276785 95
0.5280181281428167 0.7243437371391487 95
0.08277324779584777 0.2920265238105951 95
0.0 0.4347769388336889 95
0.10234929365754537 0.573642223372497 40
0.2674053780672362 0.15141107110503876 95
