0.0 1.0 40
0.014115496791483162 0.8595875470488223 40
0.025472625772434473 0.7153860572709517 40
0.028162404365478486 0.571857505797952 40
0.04832025774981057 0.4405094792223866 40
0.08580908077438303 0.3292027718156673 40
0.15494923365059152 0.23211550289678828 40
0.24903836965844292 0.16278704456881943 40
0.4023934063851286 0.11631313569423016 40
0.5610212069023508 0.074046618606686 40
0.6836149085491163 0.0 40
1.0 0.02987084392567161 40
0.0 1.0 95
0.014115496791483162 0.8595875470488223 95
0.025472625772434473 0.7153860572709517 95
0.028162404365478486 0.571857505797952 95
0.04832025774981057 0.4405094792223866 95
0.08580908077438303 0.3292027718156673 95
0.15494923365059152 0.23211550289678828 95
0.24903836965844292 0.16278704456881943 95
0.4023934063851286 0.11631313569423016 95
0.5610212069023508 0.074046618606686 95
0.6836149085491163 0.0 95
1.0 0.02987084392567161 95
0.014115496791483162 0.8595875470488223 40
0.014115496791483162 0.8595875470488223 40
0.014115496791483162 0.8595875470488223 40
0.014115496791483162 0.8595875470488223 40
0.014115496791483162 0.8595875470488223 40
0.014115496791483162 0.8595875470488223 40
0.014115496791483162 0.8595875470488223 40
0.014115496791483162 0.8595875470488223 40
