0.6005904352081937 0.8541900361697634 95
0.5212844821675319 0.7848002668996393 95
0.5004355471656412 0.7062843916859047 95
0.26815671150574066 0.6356429393536078 95
0.11789856201868475 0.5573318664080537 95
0.062142054766999626 0.49170561455785744 95
0.0 0.42198849540961125 95
0.10017924321282215 0.3527782346742672 95
0.10747079053785716 0.2890248309290635 95
0.16819680366783105 0.22019537166481967 95
0.26641877633942923 0.15292462088079584 95
0.42697865679673547 0.08271539910360799 95
0.600085530735775 0.0 95
1.0 1.0 95
0.7608800398617311 0.9055566131371006 95
0.6005904352081937 0.8541900361697634 40
0.5212844821675319 0.7848002668996393 40
0.5004355471656412 0.7062843916859047 40
0.26815671150574066 0.6356429393536078 40
0.11789856201868475 0.5573318664080537 40
0.062142054766999626 0.49170561455785744 40
0.0 0.42198849540961125 40
0.10017924321282215 0.3527782346742672 40
0.10747079053785716 0.2890248309290635 40
0.16819680366783105 0.22019537166481967 40
0.26641877633942923 0.15292462088079584 40
0.42697865679673547 0.08271539910360799 40
0.600085530735775 0.0 40
1.0 1.0 40
0.7608800398617311 0.9055566131371006 40
0.26641877633942923 0.15292462088079584 95
0.600085530735775 0.0 95
0.16819680366783105 0.22019537166481967 95
0.16819680366783105 0.22019537166481967 95
0.5004355471656412 0.7062843916859047 40
0.10017924321282215 0.3527782346742672 95
1.0 1.0 95
0.10747079053785716 0.2890248309290635 95
0.26815671150574066 0.6356429393536078 40
0.26815671150574066 0.6356429393536078 95
0.10017924321282215 0.3527782346742672 95
0.26641877633942923 0.15292462088079584 95
0.5004355471656412 0.7062843916859047 95
0.11789856201868475 0.5573318664080537 40
0.26815671150574066 0.6356429393536078 40
0.26815671150574066 0.6356429393536078 95
0.6005904352081937 0.8541900361697634 95
0.6005904352081937 0.8541900361697634 40
0.11789856201868475 0.5573318664080537 40
0.7608800398617311 0.9055566131371006 95
0.6005904352081937 0.8541900361697634 40
0.11789856201868475 0.5573318664080537 95
0.26641877633942923 0.15292462088079584 95
0.6005904352081937 0.8541900361697634 95
0.11789856201868475 0.5573318664080537 40
0.0 0.42198849540961125 95
0.0 0.42198849540961125 40
0.5212844821675319 0.7848002668996393 40
0.42697865679673547 0.08271539910360799 95
0.10017924321282215 0.3527782346742672 95
0.11789856201868475 0.5573318664080537 40
1.0 1.0 95
0.600085530735775 0.0 95
0.26641877633942923 0.15292462088079584 95
