0.6707243169317769 0.9040616495677762 95
0.6214710059928986 0.8288188663118065 95
0.49878515904311915 0.7530938771870532 95
0.262889798318644 0.6670568375186927 95
0.05658060886622594 0.5923275205356684 95
0.04603677138982038 0.5203393091111261 95
0.0 0.45187701835387634 95
0.015771967430399735 0.3801481938853377 95
0.15236094942870199 0.3078167345798882 95
0.1605827650724059 0.23255013080732412 95
0.2436939009840351 0.1631552755328336 95
0.542033085406343 0.08510634582023531 95
0.8543818589314952 0.0 95
1.0 1.0 95
0.6707243169317769 0.9040616495677762 40
0.6214710059928986 0.8288188663118065 40
0.49878515904311915 0.7530938771870532 40
0.262889798318644 0.6670568375186927 40
0.05658060886622594 0.5923275205356684 40
0.04603677138982038 0.5203393091111261 40
0.0 0.45187701835387634 40
0.015771967430399735 0.3801481938853377 40
0.15236094942870199 0.3078167345798882 40
0.1605827650724059 0.23255013080732412 40
0.2436939009840351 0.1631552755328336 40
0.542033085406343 0.08510634582023531 40
0.8543818589314952 0.0 40
1.0 1.0 40
0.49878515904311915 0.7530938771870532 95
0.015771967430399735 0.3801481938853377 95
0.2436939009840351 0.1631552755328336 95
0.2436939009840351 0.1631552755328336 95
0.6214710059928986 0.8288188663118065 95
0.04603677138982038 0.5203393091111261 95
0.04603677138982038 0.5203393091111261 40
0.04603677138982038 0.5203393091111261 40
0.49878515904311915 0.7530938771870532 95
0.04603677138982038 0.5203393091111261 40
0.0 0.45187701835387634 95
1.0 1.0 95
1.0 1.0 95
0.04603677138982038 0.5203393091111261 40
0.49878515904311915 0.7530938771870532 95
0.6214710059928986 0.8288188663118065 95
0.15236094942870199 0.3078167345798882 95
0.262889798318644 0.6670568375186927 40
0.05658060886622594 0.5923275205356684 40
0.6707243169317769 0.9040616495677762 40
0.6214710059928986 0.8288188663118065 95
0.6707243169317769 0.9040616495677762 95
0.04603677138982038 0.5203393091111261 95
0.15236094942870199 0.3078167345798882 95
0.04603677138982038 0.5203393091111261 40
0.6214710059928986 0.8288188663118065 95
0.6707243169317769 0.9040616495677762 95
0.8543818589314952 0.0 95
0.1605827650724059 0.23255013080732412 95
0.2436939009840351 0.1631552755328336 95
0.6214710059928986 0.8288188663118065 95
0.05658060886622594 0.5923275205356684 40
0.6707243169317769 0.9040616495677762 40
0.2436939009840351 0.1631552755328336 95
0.542033085406343 0.08510634582023531 95
0.6707243169317769 0.9040616495677762 95
