0.6846308743821131 0.8923349180712684 95
0.5837904141362393 0.8151625479241721 95
0.5538023296078061 0.7433203591168339 95
0.31166796494770976 0.6579149614209014 95
0.11738739616811521 0.5858229445555714 95
0.058096171541322295 0.509664935075696 95
0.0 0.4465891043506986 95
0.0659183520154124 0.3676696832239129 95
0.15126829291769028 0.30446944874365656 95
0.17974710084878512 0.226924931702992 95
0.2590449477036274 0.1579659161066203 95
0.5223750162339321 0.07403301543250924 95
0.7628348794808248 0.0 95
1.0 1.0 95
0.7129481260773348 0.9108409944110195 95
0.6846308743821131 0.8923349180712684 40
0.5837904141362393 0.8151625479241721 40
0.5538023296078061 0.7433203591168339 40
0.31166796494770976 0.6579149614209014 40
0.11738739616811521 0.5858229445555714 40
0.058096171541322295 0.509664935075696 40
0.0 0.4465891043506986 40
0.0659183520154124 0.3676696832239129 40
0.15126829291769028 0.30446944874365656 40
0.17974710084878512 0.226924931702992 40
0.2590449477036274 0.1579659161066203 40
0.5223750162339321 0.07403301543250924 40
0.7628348794808248 0.0 40
1.0 1.0 40
0.7129481260773348 0.9108409944110195 40
0.31166796494770976 0.6579149614209014 40
0.7129481260773348 0.9108409944110195 95
0.15126829291769028 0.30446944874365656 95
1.0 1.0 95
0.31166796494770976 0.6579149614209014 40
0.7129481260773348 0.9108409944110195 95
0.5538023296078061 0.7433203591168339 95
0.31166796494770976 0.6579149614209014 95
0.11738739616811521 0.5858229445555714 40
0.7129481260773348 0.9108409944110195 95
0.0 0.4465891043506986 40
0.31166796494770976 0.6579149614209014 95
0.15126829291769028 0.30446944874365656 95
0.17974710084878512 0.226924931702992 95
0.0 0.4465891043506986 95
0.17974710084878512 0.226924931702992 95
0.17974710084878512 0.226924931702992 95
0.31166796494770976 0.6579149614209014 95
0.7129481260773348 0.9108409944110195 95
0.5538023296078061 0.7433203591168339 95
0.5837904141362393 0.8151625479241721 95
0.11738739616811521 0.5858229445555714 40
0.5538023296078061 0.7433203591168339 40
0.0659183520154124 0.3676696832239129 95
0.5538023296078061 0.7433203591168339 95
0.31166796494770976 0.6579149614209014 95
0.11738739616811521 0.5858229445555714 40
1.0 1.0 95
0.11738739616811521 0.5858229445555714 95
0.5837904141362393 0.8151625479241721 40
0.5837904141362393 0.8151625479241721 40
0.5223750162339321 0.07403301543250924 95
0.0659183520154124 0.3676696832239129 95
0.11738739616811521 0.5858229445555714 95
