0.6499186732905252 0.8731873796910596 95
0.5850784987531725 0.8037618274798517 95
0.45566010802096807 0.7282722558327699 95
0.2967198114123024 0.6564408987674762 95
0.11500496035055041 0.5845073348414611 95
0.0 0.5066220396225184 95
0.04991537751617543 0.44560095256947235 95
0.0761536507123276 0.3681431970747332 95
0.12214001797671627 0.30704300130652973 95
0.2090111912119653 0.23822491366330115 95
0.34858838866317937 0.15978111199010211 95
0.5340252509405887 0.08924843771764451 95
0.9803095566297059 0.0 95
1.0 1.0 95
0.6499186732905252 0.8731873796910596 40
0.5850784987531725 0.8037618274798517 40
0.45566010802096807 0.7282722558327699 40
0.2967198114123024 0.6564408987674762 40
0.11500496035055041 0.5845073348414611 40
0.0 0.5066220396225184 40
0.04991537751617543 0.44560095256947235 40
0.0761536507123276 0.3681431970747332 40
0.12214001797671627 0.30704300130652973 40
0.2090111912119653 0.23822491366330115 40
0.34858838866317937 0.15978111199010211 40
0.5340252509405887 0.08924843771764451 40
0.9803095566297059 0.0 40
1.0 1.0 40
0.04991537751617543 0.44560095256947235 95
0.5850784987531725 0.8037618274798517 40
0.0761536507123276 0.3681431970747332 95
0.5850784987531725 0.8037618274798517 95
0.12214001797671627 0.30704300130652973 95
0.2967198114123024 0.6564408987674762 95
0.5850784987531725 0.8037618274798517 40
0.04991537751617543 0.44560095256947235 95
0.11500496035055041 0.5845073348414611 95
0.11500496035055041 0.5845073348414611 40
0.2967198114123024 0.6564408987674762 40
0.0 0.5066220396225184 40
0.11500496035055041 0.5845073348414611 95
0.0 0.5066220396225184 95
0.6499186732905252 0.8731873796910596 40
0.6499186732905252 0.8731873796910596 95
0.6499186732905252 0.8731873796910596 40
0.11500496035055041 0.5845073348414611 40
0.45566010802096807 0.7282722558327699 95
1.0 1.0 95
0.2090111912119653 0.23822491366330115 95
0.2090111912119653 0.23822491366330115 95
0.0 0.5066220396225184 95
0.34858838866317937 0.15978111199010211 95
0.45566010802096807 0.7282722558327699 95
0.45566010802096807 0.7282722558327699 40
0.0 0.5066220396225184 95
0.0 0.5066220396225184 40
0.0761536507123276 0.3681431970747332 95
0.45566010802096807 0.7282722558327699 40
0.45566010802096807 0.7282722558327699 95
0.5850784987531725 0.8037618274798517 95
0.2967198114123024 0.6564408987674762 40
0.5850784987531725 0.8037618274798517 95
0.11500496035055041 0.5845073348414611 40
0.34858838866317937 0.15978111199010211 95
