0.24442693866915852 0.7065984111707282 95
0.20402861014640641 0.6422674589272077 95
0.2077274405260705 0.5865804029000828 95
0.10851644190840953 0.5208929829243626 95
0.04501544197609134 0.4630706572707692 95
0.020409171639115372 0.40449611670298163 95
0.0 0.35177531503397674 95
0.04010732993925894 0.29028059223334685 95
0.03729292838570933 0.2320713528292389 95
0.06863033644321632 0.1793295377637203 95
0.0926349421190021 0.12006232551559833 95
0.16853328060128703 0.06131458328951982 95
0.255708220583324 0.0 95
1.0 1.0 95
0.7242474272683393 0.8993658262658207 95
0.3421589731538115 0.7960919076110553 95
0.2529023842239099 0.7317458240416099 95
0.10851644190840953 0.5208929829243626 95
0.04010732993925894 0.29028059223334685 95
0.10851644190840953 0.5208929829243626 95
0.20402861014640641 0.6422674589272077 95
0.2077274405260705 0.5865804029000828 95
0.10851644190840953 0.5208929829243626 95
0.03729292838570933 0.2320713528292389 95
0.24442693866915852 0.7065984111707282 95
0.0 0.35177531503397674 95
0.24442693866915852 0.7065984111707282 95
0.0 0.35177531503397674 95
0.04010732993925894 0.29028059223334685 95
0.10851644190840953 0.5208929829243626 95
0.0 0.35177531503397674 95
0.04501544197609134 0.4630706572707692 95
0.0 0.35177531503397674 95
0.03729292838570933 0.2320713528292389 95
0.2077274405260705 0.5865804029000828 95
0.20402861014640641 0.6422674589272077 95
0.04501544197609134 0.4630706572707692 95
0.10851644190840953 0.5208929829243626 95
0.20402861014640641 0.6422674589272077 95
0.03729292838570933 0.2320713528292389 95
0.04501544197609134 0.4630706572707692 95
0.020409171639115372 0.40449611670298163 95
0.10851644190840953 0.5208929829243626 95
0.20402861014640641 0.6422674589272077 95
0.020409171639115372 0.40449611670298163 95
0.04010732993925894 0.29028059223334685 95
0.10851644190840953 0.5208929829243626 95
0.03729292838570933 0.2320713528292389 95
0.0 0.35177531503397674 95
0.24442693866915852 0.7065984111707282 95
0.0 0.35177531503397674 95
0.24442693866915852 0.7065984111707282 95
0.24442693866915852 0.7065984111707282 95
0.24442693866915852 0.7065984111707282 95
0.020409171639115372 0.40449611670298163 95
0.20402861014640641 0.6422674589272077 95
0.04010732993925894 0.29028059223334685 95
0.2077274405260705 0.5865804029000828 95
0.020409171639115372 0.40449611670298163 95
0.10851644190840953 0.5208929829243626 95
0.10851644190840953 0.5208929829243626 95
0.2077274405260705 0.5865804029000828 95
0.24442693866915852 0.7065984111707282 95
0.04010732993925894 0.29028059223334685 95
