0.5282861780787873 0.8189338401429916 95
0.5439203322842268 0.7553232455644505 95
0.3810953637406911 0.6769053008721237 95
0.17570835055923614 0.6086334976604136 95
0.08738418838069348 0.5387963450543437 95
0.0 0.47076369654614886 95
0.06955812049272225 0.41446162923161045 95
0.07831736067894474 0.3434701333139199 95
0.14811396363529183 0.28214140539944127 95
0.209004281721325 0.2131737389843099 95
0.28314849543542325 0.15001957462870164 95
0.5234446865130079 0.06915289509165341 95
0.8575961604298445 0.0 95
1.0 1.0 95
0.7653428734565701 0.9212930378882669 95
0.5282861780787873 0.8189338401429916 40
0.5439203322842268 0.7553232455644505 40
0.3810953637406911 0.6769053008721237 40
0.17570835055923614 0.6086334976604136 40
0.08738418838069348 0.5387963450543437 40
0.0 0.47076369654614886 40
0.06955812049272225 0.41446162923161045 40
0.07831736067894474 0.3434701333139199 40
0.14811396363529183 0.28214140539944127 40
0.209004281721325 0.2131737389843099 40
0.28314849543542325 0.15001957462870164 40
0.5234446865130079 0.06915289509165341 40
0.8575961604298445 0.0 40
1.0 1.0 40
0.7653428734565701 0.9212930378882669 40
0.08738418838069348 0.5387963450543437 40
0.08738418838069348 0.5387963450543437 40
0.0 0.47076369654614886 95
0.08738418838069348 0.5387963450543437 40
0.06955812049272225 0.41446162923161045 95
0.8575961604298445 0.0 95
0.5439203322842268 0.7553232455644505 95
0.14811396363529183 0.28214140539944127 95
0.3810953637406911 0.6769053008721237 40
0.06955812049272225 0.41446162923161045 40
0.17570835055923614 0.6086334976604136 95
0.5439203322842268 0.7553232455644505 95
1.0 1.0 95
0.14811396363529183 0.28214140539944127 95
0.5439203322842268 0.7553232455644505 40
1.0 1.0 95
0.17570835055923614 0.6086334976604136 95
0.3810953637406911 0.6769053008721237 95
1.0 1.0 95
0.17570835055923614 0.6086334976604136 40
0.28314849543542325 0.15001957462870164 95
0.5439203322842268 0.7553232455644505 95
0.5282861780787873 0.8189338401429916 40
0.0 0.47076369654614886 40
0.17570835055923614 0.6086334976604136 95
0.5282861780787873 0.8189338401429916 40
0.08738418838069348 0.5387963450543437 40
0.17570835055923614 0.6086334976604136 40
0.06955812049272225 0.41446162923161045 95
0.14811396363529183 0.28214140539944127 95
0.209004281721325 0.2131737389843099 95
0.14811396363529183 0.28214140539944127 95
0.0 0.47076369654614886 95
0.0 0.47076369654614886 95
