0.03266719940686322 1.0 40
0.022873163461515973 0.8463154162101687 40
0.029892724847854227 0.7119524422886452 40
0.0 0.5569903646556574 40
0.049933887704562877 0.44939001159537256 40
0.09314108895973776 0.3440677112362444 40
0.1563851710832627 0.25007987127478243 40
0.24238437476183897 0.1728171825864573 40
0.373453102424292 0.10869965139467982 40
0.677645710218973 0.12066987309409431 40
0.7761134567918362 0.03521675701188081 40
1.0 0.0 40
0.03266719940686322 1.0 95
0.022873163461515973 0.8463154162101687 95
0.029892724847854227 0.7119524422886452 95
0.0 0.5569903646556574 95
0.049933887704562877 0.44939001159537256 95
0.09314108895973776 0.3440677112362444 95
0.1563851710832627 0.25007987127478243 95
0.24238437476183897 0.1728171825864573 95
0.373453102424292 0.10869965139467982 95
0.677645710218973 0.12066987309409431 95
0.7761134567918362 0.03521675701188081 95
1.0 0.0 95
0.022873163461515973 0.8463154162101687 40
0.022873163461515973 0.8463154162101687 40
0.022873163461515973 0.8463154162101687 40
0.022873163461515973 0.8463154162101687 40
0.022873163461515973 0.8463154162101687 40
0.022873163461515973 0.8463154162101687 40
0.022873163461515973 0.8463154162101687 40
0.022873163461515973 0.8463154162101687 40
