0.23159049052381928 0.7082563756962285 95
0.2104993575932133 0.6561632727525046 95
0.12912395677153918 0.598717499705648 95
0.053645653893185125 0.5408345327892795 95
0.009326851924704827 0.49417176706457266 95
0.0 0.4420204208558046 95
0.05521822468958515 0.39533254832237774 95
0.02263253140650607 0.34152408296328746 95
0.04593463423199823 0.2943150100007576 95
0.11776694873369728 0.24011622375822467 95
0.13254809519676342 0.18870323222362573 95
0.23092257945549616 0.1359154320656462 95
0.4173572792923088 0.07249889162860271 95
0.705283894607462 0.0 95
1.0 1.0 95
0.7212909822950034 0.9200894194506475 95
0.35496996665246267 0.8325907706573781 95
0.24887071883937514 0.7676018111893789 95
0.04593463423199823 0.2943150100007576 95
0.11776694873369728 0.24011622375822467 95
0.12912395677153918 0.598717499705648 95
0.053645653893185125 0.5408345327892795 95
0.05521822468958515 0.39533254832237774 95
0.2104993575932133 0.6561632727525046 95
0.12912395677153918 0.598717499705648 95
0.12912395677153918 0.598717499705648 95
0.009326851924704827 0.49417176706457266 95
0.02263253140650607 0.34152408296328746 95
0.04593463423199823 0.2943150100007576 95
0.2104993575932133 0.6561632727525046 95
0.11776694873369728 0.24011622375822467 95
0.02263253140650607 0.34152408296328746 95
