0.244825164116274 0.7340950364648443 95
0.24109777167989388 0.6847837726339422 95
0.14417812971739435 0.6194859023712929 95
0.06539664176838886 0.5655010640273666 95
0.03315175031559254 0.5136012848298991 95
0.0 0.45560365254416946 95
0.03504248503858993 0.40513827056414187 95
0.029008349709870682 0.3509567260042939 95
0.059979645900963253 0.2995655426110392 95
0.0798747552853738 0.2472326725828256 95
0.1265172021338754 0.19383237745374612 95
0.2438244917187992 0.1324661143640067 95
0.3919029832061335 0.07065606796122022 95
0.6745238218979969 0.0 95
1.0 1.0 95
0.46873528689544997 0.8955925602004821 95
0.3449827446903717 0.8237363034051146 95
0.244825164116274 0.7340950364648443 95
0.06539664176838886 0.5655010640273666 95
0.24109777167989388 0.6847837726339422 95
0.14417812971739435 0.6194859023712929 95
0.03504248503858993 0.40513827056414187 95
0.244825164116274 0.7340950364648443 95
0.0 0.45560365254416946 95
0.244825164116274 0.7340950364648443 95
0.244825164116274 0.7340950364648443 95
0.0 0.45560365254416946 95
0.06539664176838886 0.5655010640273666 95
0.03315175031559254 0.5136012848298991 95
0.14417812971739435 0.6194859023712929 95
0.03504248503858993 0.40513827056414187 95
0.03504248503858993 0.40513827056414187 95
0.06539664176838886 0.5655010640273666 95
0.059979645900963253 0.2995655426110392 95
0.14417812971739435 0.6194859023712929 95
0.03504248503858993 0.40513827056414187 95
0.06539664176838886 0.5655010640273666 95
0.03315175031559254 0.5136012848298991 95
0.03504248503858993 0.40513827056414187 95
0.244825164116274 0.7340950364648443 95
0.03504248503858993 0.40513827056414187 95
0.059979645900963253 0.2995655426110392 95
0.03504248503858993 0.40513827056414187 95
0.03315175031559254 0.5136012848298991 95
0.03504248503858993 0.40513827056414187 95
0.029008349709870682 0.3509567260042939 95
0.029008349709870682 0.3509567260042939 95
0.24109777167989388 0.6847837726339422 95
0.244825164116274 0.7340950364648443 95
0.06539664176838886 0.5655010640273666 95
0.24109777167989388 0.6847837726339422 95
0.03504248503858993 0.40513827056414187 95
0.14417812971739435 0.6194859023712929 95
0.244825164116274 0.7340950364648443 95
0.03504248503858993 0.40513827056414187 95
0.059979645900963253 0.2995655426110392 95
0.03504248503858993 0.40513827056414187 95
0.029008349709870682 0.3509567260042939 95
0.0 0.45560365254416946 95
0.14417812971739435 0.6194859023712929 95
0.059979645900963253 0.2995655426110392 95
0.14417812971739435 0.6194859023712929 95
0.06539664176838886 0.5655010640273666 95
0.03504248503858993 0.40513827056414187 95
