0.6166020144307397 0.8343663226122383 95
0.6065191816420942 0.764506943109713 95
0.3891616165262074 0.6920093054424276 95
0.17830511670938626 0.6202246273981782 95
0.07113525951012525 0.5472692146403879 95
0.0 0.485451321601616 95
0.11035827610086577 0.4190518157672665 95
0.05985398635616931 0.35518229704161797 95
0.12209064472640396 0.28406418316153087 95
0.20832316694442524 0.2179917630805521 95
0.3109151846106563 0.14897732177330672 95
0.5919791137455732 0.07410879203900796 95
1.0 0.0 95
0.9658409735921508 1.0 95
0.7460605288612168 0.9188341481358109 95
0.6166020144307397 0.8343663226122383 40
0.6065191816420942 0.764506943109713 40
0.3891616165262074 0.6920093054424276 40
0.17830511670938626 0.6202246273981782 40
0.07113525951012525 0.5472692146403879 40
0.0 0.485451321601616 40
0.11035827610086577 0.4190518157672665 40
0.05985398635616931 0.35518229704161797 40
0.12209064472640396 0.28406418316153087 40
0.20832316694442524 0.2179917630805521 40
0.3109151846106563 0.14897732177330672 40
0.5919791137455732 0.07410879203900796 40
1.0 0.0 40
0.9658409735921508 1.0 40
0.7460605288612168 0.9188341481358109 40
0.6065191816420942 0.764506943109713 40
0.6065191816420942 0.764506943109713 95
0.6166020144307397 0.8343663226122383 40
0.11035827610086577 0.4190518157672665 40
0.17830511670938626 0.6202246273981782 95
0.6166020144307397 0.8343663226122383 40
0.7460605288612168 0.9188341481358109 95
0.11035827610086577 0.4190518157672665 40
0.9658409735921508 1.0 95
0.20832316694442524 0.2179917630805521 95
0.6166020144307397 0.8343663226122383 95
0.17830511670938626 0.6202246273981782 40
0.3891616165262074 0.6920093054424276 95
0.12209064472640396 0.28406418316153087 95
0.07113525951012525 0.5472692146403879 40
0.17830511670938626 0.6202246273981782 40
0.07113525951012525 0.5472692146403879 40
0.6065191816420942 0.764506943109713 95
0.6065191816420942 0.764506943109713 95
0.6166020144307397 0.8343663226122383 95
0.17830511670938626 0.6202246273981782 95
0.3109151846106563 0.14897732177330672 95
0.6065191816420942 0.764506943109713 40
0.12209064472640396 0.28406418316153087 95
0.0 0.485451321601616 95
0.6065191816420942 0.764506943109713 95
0.07113525951012525 0.5472692146403879 40
0.20832316694442524 0.2179917630805521 95
0.6065191816420942 0.764506943109713 40
0.0 0.485451321601616 95
0.07113525951012525 0.5472692146403879 40
0.7460605288612168 0.9188341481358109 95
0.07113525951012525 0.5472692146403879 95
0.5919791137455732 0.07410879203900796 95
