0.025124230431011838 1.0 40
0.009404778536503724 0.842213463094783 40
0.012411178781182242 0.7017253485142566 40
0.0 0.560275141309957 40
0.024811272244646583 0.4437231184440063 40
0.07231083262449593 0.34575741613512323 40
0.12490416813989544 0.24686642857860097 40
0.22977817595332775 0.17417268898828153 40
0.3651503995042446 0.11127155956796152 40
0.6726656841759818 0.12015446547257512 40
0.7738968919610812 0.03734511647014549 40
1.0 0.0 40
0.025124230431011838 1.0 95
0.009404778536503724 0.842213463094783 95
0.012411178781182242 0.7017253485142566 95
0.0 0.560275141309957 95
0.024811272244646583 0.4437231184440063 95
0.07231083262449593 0.34575741613512323 95
0.12490416813989544 0.24686642857860097 95
0.22977817595332775 0.17417268898828153 95
0.3651503995042446 0.11127155956796152 95
0.6726656841759818 0.12015446547257512 95
0.7738968919610812 0.03734511647014549 95
1.0 0.0 95
0.009404778536503724 0.842213463094783 40
0.009404778536503724 0.842213463094783 40
0.009404778536503724 0.842213463094783 40
0.009404778536503724 0.842213463094783 40
0.009404778536503724 0.842213463094783 40
0.009404778536503724 0.842213463094783 40
0.009404778536503724 0.842213463094783 40
0.009404778536503724 0.842213463094783 40
