0.7004689976140646 0.8946319132234712 95
0.6202672725250684 0.8095491642624855 95
0.5396815254411512 0.7360987820970422 95
0.28379020799043503 0.6562306422645744 95
0.0939899720435705 0.5779065679192841 95
0.03420370802698691 0.5136156535622112 95
0.0 0.4374883670866998 95
0.028061476168934858 0.3721088171640513 95
0.11675711533258575 0.29505452503884994 95
0.1600923474832572 0.22515013059048494 95
0.23548081490508563 0.14813327885055969 95
0.5183043934530445 0.07642840018398704 95
0.7797082121865488 0.0 95
1.0 1.0 95
0.7104184795338291 0.9178173186473622 95
0.7004689976140646 0.8946319132234712 40
0.6202672725250684 0.8095491642624855 40
0.5396815254411512 0.7360987820970422 40
0.28379020799043503 0.6562306422645744 40
0.0939899720435705 0.5779065679192841 40
0.03420370802698691 0.5136156535622112 40
0.0 0.4374883670866998 40
0.028061476168934858 0.3721088171640513 40
0.11675711533258575 0.29505452503884994 40
0.1600923474832572 0.22515013059048494 40
0.23548081490508563 0.14813327885055969 40
0.5183043934530445 0.07642840018398704 40
0.7797082121865488 0.0 40
1.0 1.0 40
0.7104184795338291 0.9178173186473622 40
0.1600923474832572 0.22515013059048494 95
0.28379020799043503 0.6562306422645744 95
0.7104184795338291 0.9178173186473622 95
0.7004689976140646 0.8946319132234712 40
1.0 1.0 95
0.28379020799043503 0.6562306422645744 95
0.0 0.4374883670866998 95
0.7004689976140646 0.8946319132234712 40
0.0939899720435705 0.5779065679192841 40
0.0 0.4374883670866998 40
0.0939899720435705 0.5779065679192841 40
0.7004689976140646 0.8946319132234712 95
0.28379020799043503 0.6562306422645744 95
0.5396815254411512 0.7360987820970422 95
0.0939899720435705 0.5779065679192841 95
0.7797082121865488 0.0 95
0.5183043934530445 0.07642840018398704 95
0.6202672725250684 0.8095491642624855 40
0.0 0.4374883670866998 95
0.6202672725250684 0.8095491642624855 95
0.0 0.4374883670866998 95
0.7004689976140646 0.8946319132234712 40
0.5396815254411512 0.7360987820970422 40
0.5396815254411512 0.7360987820970422 40
0.0939899720435705 0.5779065679192841 95
0.5396815254411512 0.7360987820970422 95
0.0939899720435705 0.5779065679192841 95
0.03420370802698691 0.5136156535622112 95
0.5183043934530445 0.07642840018398704 95
0.6202672725250684 0.8095491642624855 40
0.5396815254411512 0.7360987820970422 95
0.03420370802698691 0.5136156535622112 95
0.7104184795338291 0.9178173186473622 95
0.0 0.4374883670866998 40
