0.5428948348010336 0.8285716312958508 95
0.5378949768214268 0.7610778323692124 95
0.3311020254703323 0.6819065840577615 95
0.14780657733345368 0.6163825267862545 95
0.0666475174596432 0.5465566023540551 95
0.0 0.47769828321391883 95
0.08848203910744071 0.4188480511788257 95
0.05662556498747632 0.34941882747676795 95
0.1267391909293554 0.2856801701105586 95
0.1785550867699383 0.21521249041175777 95
0.2790579227643815 0.14900236927895144 95
0.5493567746548046 0.0814743926118006 95
0.8814261257688397 0.0 95
1.0 1.0 95
0.7273962399923324 0.9219292708314628 95
0.5428948348010336 0.8285716312958508 40
0.5378949768214268 0.7610778323692124 40
0.3311020254703323 0.6819065840577615 40
0.14780657733345368 0.6163825267862545 40
0.0666475174596432 0.5465566023540551 40
0.0 0.47769828321391883 40
0.08848203910744071 0.4188480511788257 40
0.05662556498747632 0.34941882747676795 40
0.1267391909293554 0.2856801701105586 40
0.1785550867699383 0.21521249041175777 40
0.2790579227643815 0.14900236927895144 40
0.5493567746548046 0.0814743926118006 40
0.8814261257688397 0.0 40
1.0 1.0 40
0.7273962399923324 0.9219292708314628 40
0.0666475174596432 0.5465566023540551 40
0.08848203910744071 0.4188480511788257 95
0.8814261257688397 0.0 95
0.2790579227643815 0.14900236927895144 95
0.08848203910744071 0.4188480511788257 40
0.05662556498747632 0.34941882747676795 95
0.5378949768214268 0.7610778323692124 95
0.5493567746548046 0.0814743926118006 95
0.14780657733345368 0.6163825267862545 95
0.0 0.47769828321391883 40
0.08848203910744071 0.4188480511788257 95
0.08848203910744071 0.4188480511788257 95
0.05662556498747632 0.34941882747676795 95
0.08848203910744071 0.4188480511788257 95
0.3311020254703323 0.6819065840577615 40
0.08848203910744071 0.4188480511788257 95
0.14780657733345368 0.6163825267862545 40
0.1267391909293554 0.2856801701105586 95
0.05662556498747632 0.34941882747676795 95
1.0 1.0 95
0.5493567746548046 0.0814743926118006 95
0.0 0.47769828321391883 40
0.05662556498747632 0.34941882747676795 95
0.0666475174596432 0.5465566023540551 95
0.8814261257688397 0.0 95
1.0 1.0 95
0.3311020254703323 0.6819065840577615 95
0.8814261257688397 0.0 95
0.0 0.47769828321391883 40
0.5378949768214268 0.7610778323692124 95
0.08848203910744071 0.4188480511788257 40
0.0666475174596432 0.5465566023540551 95
0.14780657733345368 0.6163825267862545 40
0.3311020254703323 0.6819065840577615 40
