0.5622756846077465 0.809514982899974 95
0.607498761202038 0.733399456073155 95
0.32523527516093836 0.6558431151346693 95
0.14633114355425478 0.5830710413592474 95
0.05215126283918724 0.506790349508015 95
0.0 0.4348428612904903 95
0.1557283655012182 0.3699028372668717 95
0.12356926106189554 0.2976826903984823 95
0.14902455055463493 0.22314232728723266 95
0.33125702127824064 0.15020258837223766 95
0.4256921803865538 0.08162086638743633 95
0.6650486788747872 0.0 95
1.0 1.0 95
0.7569923486551446 0.9139379300619548 95
0.5622756846077465 0.809514982899974 40
0.607498761202038 0.733399456073155 40
0.32523527516093836 0.6558431151346693 40
0.14633114355425478 0.5830710413592474 40
0.05215126283918724 0.506790349508015 40
0.0 0.4348428612904903 40
0.1557283655012182 0.3699028372668717 40
0.12356926106189554 0.2976826903984823 40
0.14902455055463493 0.22314232728723266 40
0.33125702127824064 0.15020258837223766 40
0.4256921803865538 0.08162086638743633 40
0.6650486788747872 0.0 40
1.0 1.0 40
0.7569923486551446 0.9139379300619548 40
0.14633114355425478 0.5830710413592474 95
0.33125702127824064 0.15020258837223766 95
0.12356926106189554 0.2976826903984823 95
0.5622756846077465 0.809514982899974 95
0.4256921803865538 0.08162086638743633 95
0.5622756846077465 0.809514982899974 95
0.6650486788747872 0.0 95
0.14902455055463493 0.22314232728723266 95
0.1557283655012182 0.3699028372668717 95
0.607498761202038 0.733399456073155 95
0.6650486788747872 0.0 95
0.5622756846077465 0.809514982899974 40
0.0 0.4348428612904903 40
0.4256921803865538 0.08162086638743633 95
0.05215126283918724 0.506790349508015 40
0.4256921803865538 0.08162086638743633 95
0.12356926106189554 0.2976826903984823 95
0.0 0.4348428612904903 95
0.32523527516093836 0.6558431151346693 95
0.14633114355425478 0.5830710413592474 40
1.0 1.0 95
0.5622756846077465 0.809514982899974 95
0.32523527516093836 0.6558431151346693 95
0.05215126283918724 0.506790349508015 40
0.05215126283918724 0.506790349508015 95
0.12356926106189554 0.2976826903984823 95
0.0 0.4348428612904903 40
0.1557283655012182 0.3699028372668717 95
0.607498761202038 0.733399456073155 95
0.5622756846077465 0.809514982899974 95
0.05215126283918724 0.506790349508015 40
0.4256921803865538 0.08162086638743633 95
0.32523527516093836 0.6558431151346693 95
0.32523527516093836 0.6558431151346693 40
0.05215126283918724 0.506790349508015 40
0.0 0.4348428612904903 40
