0.5962164792506867 0.8784223040618233 95
0.6190022143102538 0.8019171779533192 95
0.41806501312141436 0.7287313405248911 95
0.23060450844007757 0.6520100380214399 95
0.12942594138102945 0.5811775161709433 95
0.0 0.5097320533919966 95
0.08492587744217696 0.4389128770459547 95
0.10637661983924004 0.3701768282920768 95
0.17683606030266982 0.30463100961819944 95
0.25569090666070726 0.22652526460325761 95
0.35172582260216523 0.16032159893146652 95
0.5992947223598107 0.07789810337839566 95
1.0 0.0 95
0.9339364681898229 1.0 95
0.5962164792506867 0.8784223040618233 40
0.6190022143102538 0.8019171779533192 40
0.41806501312141436 0.7287313405248911 40
0.23060450844007757 0.6520100380214399 40
0.12942594138102945 0.5811775161709433 40
0.0 0.5097320533919966 40
0.08492587744217696 0.4389128770459547 40
0.10637661983924004 0.3701768282920768 40
0.17683606030266982 0.30463100961819944 40
0.25569090666070726 0.22652526460325761 40
0.35172582260216523 0.16032159893146652 40
0.5992947223598107 0.07789810337839566 40
1.0 0.0 40
0.9339364681898229 1.0 40
0.0 0.5097320533919966 95
0.08492587744217696 0.4389128770459547 95
0.41806501312141436 0.7287313405248911 40
0.35172582260216523 0.16032159893146652 95
0.5992947223598107 0.07789810337839566 95
0.0 0.5097320533919966 95
0.17683606030266982 0.30463100961819944 95
0.0 0.5097320533919966 95
0.5962164792506867 0.8784223040618233 40
0.0 0.5097320533919966 40
0.08492587744217696 0.4389128770459547 95
0.9339364681898229 1.0 95
0.9339364681898229 1.0 95
0.41806501312141436 0.7287313405248911 40
0.17683606030266982 0.30463100961819944 95
0.12942594138102945 0.5811775161709433 40
0.12942594138102945 0.5811775161709433 40
0.0 0.5097320533919966 95
0.6190022143102538 0.8019171779533192 95
0.25569090666070726 0.22652526460325761 95
0.17683606030266982 0.30463100961819944 95
0.0 0.5097320533919966 40
1.0 0.0 95
0.41806501312141436 0.7287313405248911 40
0.17683606030266982 0.30463100961819944 95
0.35172582260216523 0.16032159893146652 95
0.17683606030266982 0.30463100961819944 95
0.6190022143102538 0.8019171779533192 40
0.9339364681898229 1.0 95
0.5962164792506867 0.8784223040618233 95
0.6190022143102538 0.8019171779533192 95
0.10637661983924004 0.3701768282920768 95
1.0 0.0 95
0.5962164792506867 0.8784223040618233 40
0.6190022143102538 0.8019171779533192 95
0.5962164792506867 0.8784223040618233 40
