0.6801645753820978 0.8828573173389245 95
0.6201155263300205 0.8061776107155747 95
0.49806042271330997 0.731893829244717 95
0.308380395848101 0.6490489355265582 95
0.06519230135312921 0.573713189289976 95
0.05919825238716259 0.5113426279732647 95
0.0 0.43700647047112445 95
0.06110444329759219 0.36817626680639287 95
0.1653544219642174 0.29743165787673265 95
0.18124500535570004 0.23342706302103539 95
0.2521341147480348 0.15813178487090046 95
0.5180548731396966 0.08547674333119361 95
0.8352318475630063 0.0 95
1.0 1.0 95
0.6816936511981717 0.9095481770667072 95
0.6801645753820978 0.8828573173389245 40
0.6201155263300205 0.8061776107155747 40
0.49806042271330997 0.731893829244717 40
0.308380395848101 0.6490489355265582 40
0.06519230135312921 0.573713189289976 40
0.05919825238716259 0.5113426279732647 40
0.0 0.43700647047112445 40
0.06110444329759219 0.36817626680639287 40
0.1653544219642174 0.29743165787673265 40
0.18124500535570004 0.23342706302103539 40
0.2521341147480348 0.15813178487090046 40
0.5180548731396966 0.08547674333119361 40
0.8352318475630063 0.0 40
1.0 1.0 40
0.6816936511981717 0.9095481770667072 40
0.05919825238716259 0.5113426279732647 95
0.6801645753820978 0.8828573173389245 95
0.6816936511981717 0.9095481770667072 95
1.0 1.0 95
0.18124500535570004 0.23342706302103539 95
0.06519230135312921 0.573713189289976 40
0.18124500535570004 0.23342706302103539 95
0.05919825238716259 0.5113426279732647 95
0.06519230135312921 0.573713189289976 40
0.8352318475630063 0.0 95
0.6801645753820978 0.8828573173389245 40
0.6801645753820978 0.8828573173389245 95
0.8352318475630063 0.0 95
0.49806042271330997 0.731893829244717 95
0.1653544219642174 0.29743165787673265 95
0.308380395848101 0.6490489355265582 40
0.2521341147480348 0.15813178487090046 95
0.6201155263300205 0.8061776107155747 40
0.5180548731396966 0.08547674333119361 95
0.6801645753820978 0.8828573173389245 95
0.0 0.43700647047112445 40
0.6801645753820978 0.8828573173389245 40
0.6801645753820978 0.8828573173389245 40
0.8352318475630063 0.0 95
0.0 0.43700647047112445 95
0.6201155263300205 0.8061776107155747 40
1.0 1.0 95
0.06110444329759219 0.36817626680639287 95
0.05919825238716259 0.5113426279732647 40
0.2521341147480348 0.15813178487090046 95
0.0 0.43700647047112445 95
0.1653544219642174 0.29743165787673265 95
0.6801645753820978 0.8828573173389245 95
0.6201155263300205 0.8061776107155747 95
