0.5367639575810317 0.8163221698723577 95
0.5242923278555897 0.7473374343584956 95
0.32946861268875144 0.6757531960814074 95
0.1482087316111628 0.6073491743141227 95
0.06480406869497811 0.5393445636507239 95
0.0 0.4745797170688865 95
0.09879277540099028 0.40685671838191273 95
0.050352305902313634 0.34240564424613434 95
0.12816290969118208 0.28335439672776414 95
0.17374674435909027 0.21256645738693977 95
0.29878606937301233 0.14908643659804988 95
0.5208836023760075 0.07342961299729414 95
0.8567222923326318 0.0 95
1.0 1.0 95
0.7387193071431292 0.9138661449261787 95
0.5367639575810317 0.8163221698723577 40
0.5242923278555897 0.7473374343584956 40
0.32946861268875144 0.6757531960814074 40
0.1482087316111628 0.6073491743141227 40
0.06480406869497811 0.5393445636507239 40
0.0 0.4745797170688865 40
0.09879277540099028 0.40685671838191273 40
0.050352305902313634 0.34240564424613434 40
0.12816290969118208 0.28335439672776414 40
0.17374674435909027 0.21256645738693977 40
0.29878606937301233 0.14908643659804988 40
0.5208836023760075 0.07342961299729414 40
0.8567222923326318 0.0 40
1.0 1.0 40
0.7387193071431292 0.9138661449261787 40
0.17374674435909027 0.21256645738693977 95
0.8567222923326318 0.0 95
0.5208836023760075 0.07342961299729414 95
0.8567222923326318 0.0 95
0.050352305902313634 0.34240564424613434 95
0.1482087316111628 0.6073491743141227 95
0.0 0.4745797170688865 40
0.0 0.4745797170688865 95
0.050352305902313634 0.34240564424613434 95
0.09879277540099028 0.40685671838191273 40
0.5367639575810317 0.8163221698723577 40
0.06480406869497811 0.5393445636507239 95
0.06480406869497811 0.5393445636507239 40
0.06480406869497811 0.5393445636507239 40
0.09879277540099028 0.40685671838191273 40
0.32946861268875144 0.6757531960814074 40
0.32946861268875144 0.6757531960814074 95
0.09879277540099028 0.40685671838191273 40
0.0 0.4745797170688865 40
0.5242923278555897 0.7473374343584956 95
0.32946861268875144 0.6757531960814074 40
0.5367639575810317 0.8163221698723577 40
0.0 0.4745797170688865 40
0.32946861268875144 0.6757531960814074 95
0.17374674435909027 0.21256645738693977 95
0.1482087316111628 0.6073491743141227 40
0.5242923278555897 0.7473374343584956 40
0.0 0.4745797170688865 95
0.32946861268875144 0.6757531960814074 40
0.29878606937301233 0.14908643659804988 95
0.5242923278555897 0.7473374343584956 40
0.5242923278555897 0.7473374343584956 95
0.5208836023760075 0.07342961299729414 95
0.0 0.4745797170688865 40
