0.2474501415289813 0.7515874552891099 95
0.2319153016720934 0.6955602844519467 95
0.17622214031752978 0.6315159152581612 95
0.13302673215177602 0.5788652621298136 95
0.036776288345290634 0.52052292309043 95
0.0 0.46001994025104614 95
0.018338935743082704 0.40696398524570276 95
0.02365579884414877 0.3562592067882698 95
0.033089956461390534 0.2970306008496982 95
0.07948135584334376 0.24779926973559321 95
0.13401778927679833 0.19212692411139745 95
0.2111548235580422 0.13344764634074457 95
0.3987666062447316 0.06588881887900783 95
0.5776958103441315 0.0 95
1.0 1.0 95
0.4700271823718797 0.8931457066410472 95
0.34805616841517356 0.8182458169521583 95
0.2474501415289813 0.7515874552891099 95
0.2474501415289813 0.7515874552891099 95
0.2474501415289813 0.7515874552891099 95
0.033089956461390534 0.2970306008496982 95
0.02365579884414877 0.3562592067882698 95
0.13302673215177602 0.5788652621298136 95
0.0 0.46001994025104614 95
0.2474501415289813 0.7515874552891099 95
0.2319153016720934 0.6955602844519467 95
0.033089956461390534 0.2970306008496982 95
0.036776288345290634 0.52052292309043 95
0.02365579884414877 0.3562592067882698 95
0.2319153016720934 0.6955602844519467 95
0.0 0.46001994025104614 95
0.02365579884414877 0.3562592067882698 95
