0.5300719217170464 0.8361026694102097 95
0.4725533614774772 0.7620923883297106 95
0.3753503311490768 0.6875667381608346 95
0.2626501541148393 0.6220161573299887 95
0.031410498902068644 0.553611748864901 95
0.0 0.4799384688959577 95
0.014050808501509799 0.4157252790119288 95
0.02193869459503302 0.3559850698716851 95
0.031183541861134728 0.28916617615211704 95
0.128237935488881 0.2237007504155792 95
0.27519775274045355 0.15361630584424865 95
0.42385820045064215 0.08326690834139729 95
0.815628538691391 0.0 95
1.0 1.0 95
0.7746496708296263 0.9168355721645817 95
0.5300719217170464 0.8361026694102097 40
0.4725533614774772 0.7620923883297106 40
0.3753503311490768 0.6875667381608346 40
0.2626501541148393 0.6220161573299887 40
0.031410498902068644 0.553611748864901 40
0.0 0.4799384688959577 40
0.014050808501509799 0.4157252790119288 40
0.02193869459503302 0.3559850698716851 40
0.031183541861134728 0.28916617615211704 40
0.128237935488881 0.2237007504155792 40
0.27519775274045355 0.15361630584424865 40
0.42385820045064215 0.08326690834139729 40
0.815628538691391 0.0 40
1.0 1.0 40
0.7746496708296263 0.9168355721645817 40
0.128237935488881 0.2237007504155792 95
0.128237935488881 0.2237007504155792 95
1.0 1.0 95
0.3753503311490768 0.6875667381608346 40
0.0 0.4799384688959577 95
0.815628538691391 0.0 95
0.4725533614774772 0.7620923883297106 95
0.014050808501509799 0.4157252790119288 95
0.0 0.4799384688959577 40
0.2626501541148393 0.6220161573299887 40
0.031410498902068644 0.553611748864901 95
0.2626501541148393 0.6220161573299887 95
0.128237935488881 0.2237007504155792 95
0.031410498902068644 0.553611748864901 40
0.42385820045064215 0.08326690834139729 95
0.2626501541148393 0.6220161573299887 40
0.02193869459503302 0.3559850698716851 95
0.014050808501509799 0.4157252790119288 40
0.27519775274045355 0.15361630584424865 95
0.4725533614774772 0.7620923883297106 40
0.4725533614774772 0.7620923883297106 95
0.4725533614774772 0.7620923883297106 95
0.031183541861134728 0.28916617615211704 95
0.3753503311490768 0.6875667381608346 95
0.42385820045064215 0.08326690834139729 95
0.5300719217170464 0.8361026694102097 40
0.4725533614774772 0.7620923883297106 40
0.3753503311490768 0.6875667381608346 95
0.7746496708296263 0.9168355721645817 95
0.7746496708296263 0.9168355721645817 95
0.031410498902068644 0.553611748864901 40
0.0 0.4799384688959577 95
0.42385820045064215 0.08326690834139729 95
0.0 0.4799384688959577 40
