0.6326189422204547 0.8947280964126877 95
0.5887542603515425 0.8167544888867547 95
0.48664161525028227 0.7351164121457786 95
0.25647655515622575 0.6582531298856108 95
0.043129769582907346 0.5815148487449011 95
0.03291095019017536 0.5135867256162371 95
0.0 0.4392283670365645 95
0.02028894050278741 0.37394921294637007 95
0.1388281076583906 0.3024279010297807 95
0.15666394499172603 0.22693657658723418 95
0.22753793976534012 0.15328269149364412 95
0.49797973266438755 0.07703915729458422 95
0.8167696059435856 0.0 95
1.0 1.0 95
0.6945881794954559 0.9088454339736398 95
0.6326189422204547 0.8947280964126877 40
0.5887542603515425 0.8167544888867547 40
0.48664161525028227 0.7351164121457786 40
0.25647655515622575 0.6582531298856108 40
0.043129769582907346 0.5815148487449011 40
0.03291095019017536 0.5135867256162371 40
0.0 0.4392283670365645 40
0.02028894050278741 0.37394921294637007 40
0.1388281076583906 0.3024279010297807 40
0.15666394499172603 0.22693657658723418 40
0.22753793976534012 0.15328269149364412 40
0.49797973266438755 0.07703915729458422 40
0.8167696059435856 0.0 40
1.0 1.0 40
0.6945881794954559 0.9088454339736398 40
1.0 1.0 95
0.043129769582907346 0.5815148487449011 95
0.043129769582907346 0.5815148487449011 95
1.0 1.0 95
1.0 1.0 95
0.0 0.4392283670365645 95
0.22753793976534012 0.15328269149364412 95
0.15666394499172603 0.22693657658723418 95
0.15666394499172603 0.22693657658723418 95
0.1388281076583906 0.3024279010297807 95
0.25647655515622575 0.6582531298856108 95
0.48664161525028227 0.7351164121457786 95
0.5887542603515425 0.8167544888867547 95
0.15666394499172603 0.22693657658723418 95
0.0 0.4392283670365645 40
0.6945881794954559 0.9088454339736398 95
0.02028894050278741 0.37394921294637007 95
0.6945881794954559 0.9088454339736398 95
0.5887542603515425 0.8167544888867547 40
0.03291095019017536 0.5135867256162371 95
1.0 1.0 95
0.043129769582907346 0.5815148487449011 40
0.02028894050278741 0.37394921294637007 95
0.043129769582907346 0.5815148487449011 95
0.0 0.4392283670365645 95
0.49797973266438755 0.07703915729458422 95
0.15666394499172603 0.22693657658723418 95
0.8167696059435856 0.0 95
0.25647655515622575 0.6582531298856108 40
0.5887542603515425 0.8167544888867547 40
0.8167696059435856 0.0 95
0.15666394499172603 0.22693657658723418 95
0.8167696059435856 0.0 95
0.043129769582907346 0.5815148487449011 40
