0.7037967114810288 0.8807431785904604 95
0.6211905424742772 0.7997155617933213 95
0.5098424808875774 0.7228300836179351 95
0.3069661533420613 0.6478175997247615 95
0.02483986363448726 0.5717667102382115 95
0.019209520867086816 0.5042335848512766 95
0.0 0.43194783455054664 95
0.015479432053278723 0.3636857595439488 95
0.15395055555152537 0.2997430953452463 95
0.1413551573747752 0.22753914972294048 95
0.24435466325211122 0.15470581513910886 95
0.5034785236906908 0.07532380794768488 95
0.860447688587238 0.0 95
1.0 1.0 95
0.7436119751578238 0.9147625399027264 95
0.7037967114810288 0.8807431785904604 40
0.6211905424742772 0.7997155617933213 40
0.5098424808875774 0.7228300836179351 40
0.3069661533420613 0.6478175997247615 40
0.02483986363448726 0.5717667102382115 40
0.019209520867086816 0.5042335848512766 40
0.0 0.43194783455054664 40
0.015479432053278723 0.3636857595439488 40
0.15395055555152537 0.2997430953452463 40
0.1413551573747752 0.22753914972294048 40
0.24435466325211122 0.15470581513910886 40
0.5034785236906908 0.07532380794768488 40
0.860447688587238 0.0 40
1.0 1.0 40
0.7436119751578238 0.9147625399027264 40
0.5098424808875774 0.7228300836179351 95
0.02483986363448726 0.5717667102382115 40
0.0 0.43194783455054664 40
0.5098424808875774 0.7228300836179351 95
0.019209520867086816 0.5042335848512766 40
0.02483986363448726 0.5717667102382115 40
0.15395055555152537 0.2997430953452463 95
0.5098424808875774 0.7228300836179351 95
0.7436119751578238 0.9147625399027264 95
0.019209520867086816 0.5042335848512766 40
0.3069661533420613 0.6478175997247615 40
0.15395055555152537 0.2997430953452463 95
0.3069661533420613 0.6478175997247615 40
0.6211905424742772 0.7997155617933213 40
0.24435466325211122 0.15470581513910886 95
0.15395055555152537 0.2997430953452463 95
0.7037967114810288 0.8807431785904604 40
0.3069661533420613 0.6478175997247615 95
0.5034785236906908 0.07532380794768488 95
0.02483986363448726 0.5717667102382115 95
0.7037967114810288 0.8807431785904604 95
0.5034785236906908 0.07532380794768488 95
0.15395055555152537 0.2997430953452463 95
0.0 0.43194783455054664 40
0.24435466325211122 0.15470581513910886 95
0.0 0.43194783455054664 40
0.15395055555152537 0.2997430953452463 95
0.015479432053278723 0.3636857595439488 95
0.3069661533420613 0.6478175997247615 40
0.0 0.43194783455054664 95
0.3069661533420613 0.6478175997247615 95
0.15395055555152537 0.2997430953452463 95
1.0 1.0 95
0.15395055555152537 0.2997430953452463 95
