0.6554940407755891 0.8673476715666396 95
0.5837848892899562 0.7973120530065055 95
0.4551574010825659 0.7197944551422407 95
0.35191938739327194 0.6474098536306775 95
0.05833399007753098 0.5683131664457998 95
0.03057255867544679 0.5008620980832217 95
0.0 0.4321085490838989 95
0.03410846088464747 0.3623871772096816 95
0.06601746872297379 0.29628816720298007 95
0.1660560265029594 0.2230280947325192 95
0.31981756936013045 0.158984565746113 95
0.5342892133239753 0.08447165621715336 95
0.9549225927142179 0.0 95
1.0 1.0 95
0.6963798101916594 0.9058732157378205 95
0.6554940407755891 0.8673476715666396 40
0.5837848892899562 0.7973120530065055 40
0.4551574010825659 0.7197944551422407 40
0.35191938739327194 0.6474098536306775 40
0.05833399007753098 0.5683131664457998 40
0.03057255867544679 0.5008620980832217 40
0.0 0.4321085490838989 40
0.03410846088464747 0.3623871772096816 40
0.06601746872297379 0.29628816720298007 40
0.1660560265029594 0.2230280947325192 40
0.31981756936013045 0.158984565746113 40
0.5342892133239753 0.08447165621715336 40
0.9549225927142179 0.0 40
1.0 1.0 40
0.6963798101916594 0.9058732157378205 40
0.03410846088464747 0.3623871772096816 95
0.03410846088464747 0.3623871772096816 95
0.35191938739327194 0.6474098536306775 40
0.35191938739327194 0.6474098536306775 95
0.6554940407755891 0.8673476715666396 40
0.0 0.4321085490838989 40
0.03057255867544679 0.5008620980832217 40
0.0 0.4321085490838989 95
0.5837848892899562 0.7973120530065055 95
0.4551574010825659 0.7197944551422407 95
0.03057255867544679 0.5008620980832217 95
0.4551574010825659 0.7197944551422407 40
0.6554940407755891 0.8673476715666396 95
0.35191938739327194 0.6474098536306775 40
0.0 0.4321085490838989 95
0.5837848892899562 0.7973120530065055 95
0.31981756936013045 0.158984565746113 95
0.35191938739327194 0.6474098536306775 40
0.9549225927142179 0.0 95
0.06601746872297379 0.29628816720298007 95
0.03057255867544679 0.5008620980832217 40
0.35191938739327194 0.6474098536306775 40
0.0 0.4321085490838989 40
0.35191938739327194 0.6474098536306775 95
0.05833399007753098 0.5683131664457998 95
0.06601746872297379 0.29628816720298007 95
0.31981756936013045 0.158984565746113 95
0.05833399007753098 0.5683131664457998 95
0.0 0.4321085490838989 95
0.0 0.4321085490838989 95
0.1660560265029594 0.2230280947325192 95
0.6554940407755891 0.8673476715666396 95
0.5342892133239753 0.08447165621715336 95
0.05833399007753098 0.5683131664457998 40
