0.7283928350144953 0.8978951539260678 95
0.6332753697116034 0.8213383184817625 95
0.5143238376000958 0.7404567594499117 95
0.38286656486646076 0.6659887558934446 95
0.08243498980381055 0.5891207322977708 95
0.09788455409712345 0.5218480478319982 95
0.0 0.44304027633128623 95
0.03253790540352381 0.3816975840421323 95
0.08203840981283256 0.30488635668622943 95
0.18600555126593074 0.23666276043757734 95
0.2765471434134051 0.157413455325825 95
0.5374108855274202 0.08146952447282421 95
0.9982740734108927 0.0 95
1.0 1.0 95
0.7283928350144953 0.8978951539260678 40
0.6332753697116034 0.8213383184817625 40
0.5143238376000958 0.7404567594499117 40
0.38286656486646076 0.6659887558934446 40
0.08243498980381055 0.5891207322977708 40
0.09788455409712345 0.5218480478319982 40
0.0 0.44304027633128623 40
0.03253790540352381 0.3816975840421323 40
0.08203840981283256 0.30488635668622943 40
0.18600555126593074 0.23666276043757734 40
0.2765471434134051 0.157413455325825 40
0.5374108855274202 0.08146952447282421 40
0.9982740734108927 0.0 40
1.0 1.0 40
1.0 1.0 95
0.08243498980381055 0.5891207322977708 40
0.0 0.44304027633128623 95
0.38286656486646076 0.6659887558934446 40
0.18600555126593074 0.23666276043757734 95
0.08243498980381055 0.5891207322977708 95
0.08203840981283256 0.30488635668622943 95
0.6332753697116034 0.8213383184817625 40
0.08243498980381055 0.5891207322977708 95
0.38286656486646076 0.6659887558934446 95
0.38286656486646076 0.6659887558934446 95
0.5143238376000958 0.7404567594499117 95
0.38286656486646076 0.6659887558934446 95
0.5143238376000958 0.7404567594499117 95
0.5374108855274202 0.08146952447282421 95
0.5374108855274202 0.08146952447282421 95
0.5374108855274202 0.08146952447282421 95
0.08243498980381055 0.5891207322977708 95
0.6332753697116034 0.8213383184817625 40
0.0 0.44304027633128623 95
0.09788455409712345 0.5218480478319982 40
0.9982740734108927 0.0 95
0.18600555126593074 0.23666276043757734 95
0.38286656486646076 0.6659887558934446 40
0.6332753697116034 0.8213383184817625 95
0.0 0.44304027633128623 95
0.09788455409712345 0.5218480478319982 95
1.0 1.0 95
0.7283928350144953 0.8978951539260678 40
0.09788455409712345 0.5218480478319982 95
0.18600555126593074 0.23666276043757734 95
0.08243498980381055 0.5891207322977708 40
0.09788455409712345 0.5218480478319982 95
1.0 1.0 95
0.09788455409712345 0.5218480478319982 95
0.6332753697116034 0.8213383184817625 40
