0.7108378436602917 0.8860831392342963 95
0.6440248065671254 0.80457018311572 95
0.5160463416179933 0.7248272815448342 95
0.2665959222948383 0.6484644410340447 95
0.07289389858600535 0.5766543856359906 95
0.035483598065905696 0.5048128188448788 95
0.0 0.4309148020032139 95
0.049548407178028275 0.3650871535586034 95
0.1334132601808923 0.2910048280153536 95
0.166030017548395 0.22252533670707367 95
0.24934609388424708 0.15010644687772814 95
0.5466500448423085 0.07091243047783992 95
0.813595770800271 0.0 95
1.0 1.0 95
0.7353570864817665 0.9121208009728902 95
0.7108378436602917 0.8860831392342963 40
0.6440248065671254 0.80457018311572 40
0.5160463416179933 0.7248272815448342 40
0.2665959222948383 0.6484644410340447 40
0.07289389858600535 0.5766543856359906 40
0.035483598065905696 0.5048128188448788 40
0.0 0.4309148020032139 40
0.049548407178028275 0.3650871535586034 40
0.1334132601808923 0.2910048280153536 40
0.166030017548395 0.22252533670707367 40
0.24934609388424708 0.15010644687772814 40
0.5466500448423085 0.07091243047783992 40
0.813595770800271 0.0 40
1.0 1.0 40
0.7353570864817665 0.9121208009728902 40
0.0 0.4309148020032139 95
0.7353570864817665 0.9121208009728902 95
0.2665959222948383 0.6484644410340447 40
0.6440248065671254 0.80457018311572 95
0.07289389858600535 0.5766543856359906 40
0.6440248065671254 0.80457018311572 95
0.2665959222948383 0.6484644410340447 40
0.2665959222948383 0.6484644410340447 95
0.049548407178028275 0.3650871535586034 95
0.0 0.4309148020032139 95
0.2665959222948383 0.6484644410340447 95
0.1334132601808923 0.2910048280153536 95
0.07289389858600535 0.5766543856359906 95
0.813595770800271 0.0 95
0.0 0.4309148020032139 40
0.6440248065671254 0.80457018311572 40
0.035483598065905696 0.5048128188448788 95
0.6440248065671254 0.80457018311572 95
0.6440248065671254 0.80457018311572 40
0.813595770800271 0.0 95
0.6440248065671254 0.80457018311572 40
0.7108378436602917 0.8860831392342963 95
0.7108378436602917 0.8860831392342963 40
0.2665959222948383 0.6484644410340447 40
0.813595770800271 0.0 95
0.07289389858600535 0.5766543856359906 40
0.5160463416179933 0.7248272815448342 40
0.0 0.4309148020032139 40
0.2665959222948383 0.6484644410340447 40
0.6440248065671254 0.80457018311572 40
0.1334132601808923 0.2910048280153536 95
0.0 0.4309148020032139 40
0.049548407178028275 0.3650871535586034 95
0.7353570864817665 0.9121208009728902 95
