0.6302734404028201 0.8858316681317071 95
0.6256845461471856 0.811515452338033 95
0.3936984639397247 0.7347398979703429 95
0.20472333983045857 0.6526717765111923 95
0.09835958608318596 0.5856550758548502 95
0.0 0.5172597828776396 95
0.10310744646844577 0.4434428765437156 95
0.08271857190150378 0.3687483775964436 95
0.16517803123093208 0.30015065365683347 95
0.22125087580787753 0.23356654610328761 95
0.33350219057789826 0.15314545245565891 95
0.6286369779478964 0.07453893813845844 95
1.0 0.0 95
0.8743181566718886 1.0 95
0.6302734404028201 0.8858316681317071 40
0.6256845461471856 0.811515452338033 40
0.3936984639397247 0.7347398979703429 40
0.20472333983045857 0.6526717765111923 40
0.09835958608318596 0.5856550758548502 40
0.0 0.5172597828776396 40
0.10310744646844577 0.4434428765437156 40
0.08271857190150378 0.3687483775964436 40
0.16517803123093208 0.30015065365683347 40
0.22125087580787753 0.23356654610328761 40
0.33350219057789826 0.15314545245565891 40
0.6286369779478964 0.07453893813845844 40
1.0 0.0 40
0.8743181566718886 1.0 40
0.20472333983045857 0.6526717765111923 40
1.0 0.0 95
0.6256845461471856 0.811515452338033 40
0.6302734404028201 0.8858316681317071 40
0.8743181566718886 1.0 95
0.3936984639397247 0.7347398979703429 40
0.10310744646844577 0.4434428765437156 95
0.0 0.5172597828776396 40
0.6286369779478964 0.07453893813845844 95
0.6302734404028201 0.8858316681317071 95
0.09835958608318596 0.5856550758548502 40
0.09835958608318596 0.5856550758548502 95
0.22125087580787753 0.23356654610328761 95
0.09835958608318596 0.5856550758548502 95
1.0 0.0 95
0.09835958608318596 0.5856550758548502 95
0.16517803123093208 0.30015065365683347 95
0.6256845461471856 0.811515452338033 95
0.09835958608318596 0.5856550758548502 40
0.8743181566718886 1.0 95
0.0 0.5172597828776396 40
0.09835958608318596 0.5856550758548502 40
0.10310744646844577 0.4434428765437156 95
0.09835958608318596 0.5856550758548502 95
0.6256845461471856 0.811515452338033 95
0.6256845461471856 0.811515452338033 40
0.0 0.5172597828776396 40
0.3936984639397247 0.7347398979703429 95
0.08271857190150378 0.3687483775964436 95
0.0 0.5172597828776396 40
0.08271857190150378 0.3687483775964436 95
0.16517803123093208 0.30015065365683347 95
0.0 0.5172597828776396 40
0.20472333983045857 0.6526717765111923 40
0.6302734404028201 0.8858316681317071 40
0.10310744646844577 0.4434428765437156 95
