0.6439999521746564 0.8903634532931801 95
0.5737736559822204 0.811205050137914 95
0.4581593471909309 0.7332190622947135 95
0.3519166570888785 0.6618874291247147 95
0.04179644206148866 0.5800750727094242 95
0.04092989126324646 0.5082754494870717 95
0.001551226800373866 0.4431850674619709 95
0.0 0.37079668990287606 95
0.062079777354140386 0.30174010216858926 95
0.17182457197975343 0.23035459998872468 95
0.25105816682284066 0.15408389778581857 95
0.5085355620729864 0.08241455999095985 95
0.9212747699991832 0.0 95
1.0 1.0 95
0.701909734782457 0.9183290643004183 95
0.6439999521746564 0.8903634532931801 40
0.5737736559822204 0.811205050137914 40
0.4581593471909309 0.7332190622947135 40
0.3519166570888785 0.6618874291247147 40
0.04179644206148866 0.5800750727094242 40
0.04092989126324646 0.5082754494870717 40
0.001551226800373866 0.4431850674619709 40
0.0 0.37079668990287606 40
0.062079777354140386 0.30174010216858926 40
0.17182457197975343 0.23035459998872468 40
0.25105816682284066 0.15408389778581857 40
0.5085355620729864 0.08241455999095985 40
0.9212747699991832 0.0 40
1.0 1.0 40
0.701909734782457 0.9183290643004183 40
0.5737736559822204 0.811205050137914 95
0.3519166570888785 0.6618874291247147 95
0.3519166570888785 0.6618874291247147 40
0.0 0.37079668990287606 95
0.5737736559822204 0.811205050137914 95
0.04179644206148866 0.5800750727094242 40
0.4581593471909309 0.7332190622947135 95
0.17182457197975343 0.23035459998872468 95
0.062079777354140386 0.30174010216858926 95
0.04179644206148866 0.5800750727094242 95
0.6439999521746564 0.8903634532931801 40
0.062079777354140386 0.30174010216858926 95
0.6439999521746564 0.8903634532931801 95
0.3519166570888785 0.6618874291247147 95
0.9212747699991832 0.0 95
0.17182457197975343 0.23035459998872468 95
0.04179644206148866 0.5800750727094242 95
0.701909734782457 0.9183290643004183 95
0.9212747699991832 0.0 95
0.6439999521746564 0.8903634532931801 40
0.6439999521746564 0.8903634532931801 40
0.04179644206148866 0.5800750727094242 40
0.04179644206148866 0.5800750727094242 40
0.062079777354140386 0.30174010216858926 95
0.3519166570888785 0.6618874291247147 40
0.5737736559822204 0.811205050137914 95
0.17182457197975343 0.23035459998872468 95
0.4581593471909309 0.7332190622947135 95
0.4581593471909309 0.7332190622947135 40
0.6439999521746564 0.8903634532931801 40
0.04092989126324646 0.5082754494870717 40
0.0 0.37079668990287606 95
0.04179644206148866 0.5800750727094242 40
0.4581593471909309 0.7332190622947135 95
