0.6296780754170664 0.8810984204073602 95
0.6277581118058669 0.8130313408216598 95
0.4737362854530934 0.7401228411644244 95
0.2680851918275678 0.6615946025619219 95
0.12867032280062843 0.5850031541255086 95
0.0 0.5132365900930661 95
0.04487902964790828 0.44308865438938283 95
0.10275027383704974 0.37729230442083056 95
0.1672780891549021 0.3058401238221226 95
0.22752436406676738 0.23114319105259784 95
0.3461547846246666 0.15846889737177022 95
0.5424245417649367 0.08397615110124762 95
1.0 0.0 95
0.9434998135061323 1.0 95
0.6296780754170664 0.8810984204073602 40
0.6277581118058669 0.8130313408216598 40
0.4737362854530934 0.7401228411644244 40
0.2680851918275678 0.6615946025619219 40
0.12867032280062843 0.5850031541255086 40
0.0 0.5132365900930661 40
0.04487902964790828 0.44308865438938283 40
0.10275027383704974 0.37729230442083056 40
0.1672780891549021 0.3058401238221226 40
0.22752436406676738 0.23114319105259784 40
0.3461547846246666 0.15846889737177022 40
0.5424245417649367 0.08397615110124762 40
1.0 0.0 40
0.9434998135061323 1.0 40
0.9434998135061323 1.0 95
0.6296780754170664 0.8810984204073602 40
0.4737362854530934 0.7401228411644244 40
0.0 0.5132365900930661 95
0.5424245417649367 0.08397615110124762 95
0.0 0.5132365900930661 40
0.4737362854530934 0.7401228411644244 95
0.22752436406676738 0.23114319105259784 95
0.04487902964790828 0.44308865438938283 95
0.04487902964790828 0.44308865438938283 95
1.0 0.0 95
0.12867032280062843 0.5850031541255086 40
0.2680851918275678 0.6615946025619219 95
0.6296780754170664 0.8810984204073602 40
0.6296780754170664 0.8810984204073602 40
0.9434998135061323 1.0 95
0.22752436406676738 0.23114319105259784 95
0.0 0.5132365900930661 95
0.4737362854530934 0.7401228411644244 95
0.9434998135061323 1.0 95
0.2680851918275678 0.6615946025619219 40
0.0 0.5132365900930661 40
0.04487902964790828 0.44308865438938283 95
1.0 0.0 95
0.1672780891549021 0.3058401238221226 95
0.6296780754170664 0.8810984204073602 40
0.2680851918275678 0.6615946025619219 40
0.12867032280062843 0.5850031541255086 95
0.2680851918275678 0.6615946025619219 40
0.12867032280062843 0.5850031541255086 40
0.6296780754170664 0.8810984204073602 40
0.3461547846246666 0.15846889737177022 95
0.1672780891549021 0.3058401238221226 95
0.3461547846246666 0.15846889737177022 95
0.12867032280062843 0.5850031541255086 40
0.22752436406676738 0.23114319105259784 95
