0.6562203654330612 0.893329466734364 95
0.5892233993910732 0.8197039272424963 95
0.48099465492695676 0.7419787991720288 95
0.26064976410267743 0.6573311141391108 95
0.05790929329834497 0.5846415674704453 95
0.028058352224096257 0.5113860585362184 95
0.0 0.44427928125729954 95
0.04940087214423729 0.37117078990363234 95
0.15735777937500808 0.30436508512494115 95
0.16991457434778015 0.22861935699142588 95
0.24462598718652107 0.15371884255566745 95
0.4903633383980543 0.0828751542721834 95
0.8179667333455937 0.0 95
1.0 1.0 95
0.7092481682276055 0.9125434765943501 95
0.6562203654330612 0.893329466734364 40
0.5892233993910732 0.8197039272424963 40
0.48099465492695676 0.7419787991720288 40
0.26064976410267743 0.6573311141391108 40
0.05790929329834497 0.5846415674704453 40
0.028058352224096257 0.5113860585362184 40
0.0 0.44427928125729954 40
0.04940087214423729 0.37117078990363234 40
0.15735777937500808 0.30436508512494115 40
0.16991457434778015 0.22861935699142588 40
0.24462598718652107 0.15371884255566745 40
0.4903633383980543 0.0828751542721834 40
0.8179667333455937 0.0 40
1.0 1.0 40
0.7092481682276055 0.9125434765943501 40
0.04940087214423729 0.37117078990363234 95
0.6562203654330612 0.893329466734364 40
0.24462598718652107 0.15371884255566745 95
0.6562203654330612 0.893329466734364 95
0.6562203654330612 0.893329466734364 40
0.4903633383980543 0.0828751542721834 95
0.26064976410267743 0.6573311141391108 40
0.8179667333455937 0.0 95
0.0 0.44427928125729954 40
0.04940087214423729 0.37117078990363234 95
0.7092481682276055 0.9125434765943501 95
1.0 1.0 95
0.48099465492695676 0.7419787991720288 40
0.0 0.44427928125729954 95
0.0 0.44427928125729954 95
1.0 1.0 95
0.48099465492695676 0.7419787991720288 40
0.028058352224096257 0.5113860585362184 40
0.05790929329834497 0.5846415674704453 40
0.5892233993910732 0.8197039272424963 95
0.0 0.44427928125729954 95
0.0 0.44427928125729954 95
0.4903633383980543 0.0828751542721834 95
0.15735777937500808 0.30436508512494115 95
0.05790929329834497 0.5846415674704453 40
0.028058352224096257 0.5113860585362184 40
0.05790929329834497 0.5846415674704453 95
0.24462598718652107 0.15371884255566745 95
0.028058352224096257 0.5113860585362184 40
0.6562203654330612 0.893329466734364 40
0.7092481682276055 0.9125434765943501 95
0.028058352224096257 0.5113860585362184 40
0.48099465492695676 0.7419787991720288 40
0.028058352224096257 0.5113860585362184 95
