0.528342367355258 0.8250669208736319 95
0.540425865921481 0.7598040613579597 95
0.3260118337632401 0.6837592385171606 95
0.1762970659392931 0.6187449951265219 95
0.08376166439654707 0.5450433167690119 95
0.0 0.4808322443857959 95
0.0747046246380204 0.42073079427533683 95
0.0750396074082554 0.3520829230158432 95
0.12141440805145261 0.28419971857587856 95
0.20256352138608627 0.22117471402855923 95
0.2796081950598462 0.15332765099738163 95
0.5533789039200951 0.08035734076653184 95
0.8557653377470094 0.0 95
1.0 1.0 95
0.7237628635775855 0.9127790881329607 95
0.528342367355258 0.8250669208736319 40
0.540425865921481 0.7598040613579597 40
0.3260118337632401 0.6837592385171606 40
0.1762970659392931 0.6187449951265219 40
0.08376166439654707 0.5450433167690119 40
0.0 0.4808322443857959 40
0.0747046246380204 0.42073079427533683 40
0.0750396074082554 0.3520829230158432 40
0.12141440805145261 0.28419971857587856 40
0.20256352138608627 0.22117471402855923 40
0.2796081950598462 0.15332765099738163 40
0.5533789039200951 0.08035734076653184 40
0.8557653377470094 0.0 40
1.0 1.0 40
0.7237628635775855 0.9127790881329607 40
0.12141440805145261 0.28419971857587856 95
0.3260118337632401 0.6837592385171606 40
1.0 1.0 95
0.12141440805145261 0.28419971857587856 95
0.0747046246380204 0.42073079427533683 40
1.0 1.0 95
0.08376166439654707 0.5450433167690119 40
0.7237628635775855 0.9127790881329607 95
0.20256352138608627 0.22117471402855923 95
0.0 0.4808322443857959 95
0.1762970659392931 0.6187449951265219 40
0.2796081950598462 0.15332765099738163 95
0.0 0.4808322443857959 95
0.8557653377470094 0.0 95
0.1762970659392931 0.6187449951265219 40
0.528342367355258 0.8250669208736319 40
0.0747046246380204 0.42073079427533683 40
0.7237628635775855 0.9127790881329607 95
0.3260118337632401 0.6837592385171606 95
0.528342367355258 0.8250669208736319 95
0.08376166439654707 0.5450433167690119 40
0.0747046246380204 0.42073079427533683 40
0.0747046246380204 0.42073079427533683 40
0.540425865921481 0.7598040613579597 95
0.3260118337632401 0.6837592385171606 40
0.540425865921481 0.7598040613579597 95
0.8557653377470094 0.0 95
0.8557653377470094 0.0 95
0.1762970659392931 0.6187449951265219 95
0.0747046246380204 0.42073079427533683 95
0.0 0.4808322443857959 40
0.0747046246380204 0.42073079427533683 95
0.3260118337632401 0.6837592385171606 40
0.08376166439654707 0.5450433167690119 40
