0.6312424781459826 0.8866063818710618 95
0.645399721650898 0.8089678004123263 95
0.46599971556766906 0.7318364194015402 95
0.271250951929156 0.6598546420157224 95
0.11391212359848558 0.5909284058154344 95
0.0 0.5204102318483033 95
0.04051238491564511 0.44578145233790445 95
0.09327889428592794 0.37712693230243244 95
0.16986318486949 0.31169523582499803 95
0.22423324729861044 0.23337135068639978 95
0.3500829604976399 0.16347029481595451 95
0.5648533807204296 0.0915175383486629 95
1.0 0.0 95
0.9556497010345086 1.0 95
0.6312424781459826 0.8866063818710618 40
0.645399721650898 0.8089678004123263 40
0.46599971556766906 0.7318364194015402 40
0.271250951929156 0.6598546420157224 40
0.11391212359848558 0.5909284058154344 40
0.0 0.5204102318483033 40
0.04051238491564511 0.44578145233790445 40
0.09327889428592794 0.37712693230243244 40
0.16986318486949 0.31169523582499803 40
0.22423324729861044 0.23337135068639978 40
0.3500829604976399 0.16347029481595451 40
0.5648533807204296 0.0915175383486629 40
1.0 0.0 40
0.9556497010345086 1.0 40
0.5648533807204296 0.0915175383486629 95
0.3500829604976399 0.16347029481595451 95
0.9556497010345086 1.0 95
0.0 0.5204102318483033 95
0.0 0.5204102318483033 95
0.6312424781459826 0.8866063818710618 95
0.0 0.5204102318483033 95
0.11391212359848558 0.5909284058154344 40
0.11391212359848558 0.5909284058154344 40
0.09327889428592794 0.37712693230243244 95
0.04051238491564511 0.44578145233790445 95
0.04051238491564511 0.44578145233790445 95
0.645399721650898 0.8089678004123263 40
1.0 0.0 95
0.9556497010345086 1.0 95
0.46599971556766906 0.7318364194015402 95
0.22423324729861044 0.23337135068639978 95
1.0 0.0 95
0.6312424781459826 0.8866063818710618 95
0.3500829604976399 0.16347029481595451 95
0.645399721650898 0.8089678004123263 95
0.645399721650898 0.8089678004123263 95
0.11391212359848558 0.5909284058154344 95
0.271250951929156 0.6598546420157224 95
0.09327889428592794 0.37712693230243244 95
0.6312424781459826 0.8866063818710618 95
0.271250951929156 0.6598546420157224 95
0.645399721650898 0.8089678004123263 40
0.6312424781459826 0.8866063818710618 40
0.46599971556766906 0.7318364194015402 40
0.6312424781459826 0.8866063818710618 95
0.5648533807204296 0.0915175383486629 95
0.271250951929156 0.6598546420157224 95
0.09327889428592794 0.37712693230243244 95
0.09327889428592794 0.37712693230243244 95
0.04051238491564511 0.44578145233790445 95
