0.6242352038561009 0.8794555336358244 95
0.6400190060794432 0.8086994482099957 95
0.4584439188021208 0.7256525277522146 95
0.2484574692277376 0.6502632462695157 95
0.11249681301366693 0.5799653266594177 95
0.0 0.5053708269089829 95
0.07234416592359476 0.43864970575589257 95
0.10583033791920077 0.372344819360842 95
0.22465518644406343 0.3005332956404986 95
0.24531457756794942 0.22736827995303527 95
0.34900954994058275 0.1586626918199192 95
0.6056689203719168 0.08489214490072268 95
1.0 0.0 95
0.989556425850357 1.0 95
0.6242352038561009 0.8794555336358244 40
0.6400190060794432 0.8086994482099957 40
0.4584439188021208 0.7256525277522146 40
0.2484574692277376 0.6502632462695157 40
0.11249681301366693 0.5799653266594177 40
0.0 0.5053708269089829 40
0.07234416592359476 0.43864970575589257 40
0.10583033791920077 0.372344819360842 40
0.22465518644406343 0.3005332956404986 40
0.24531457756794942 0.22736827995303527 40
0.34900954994058275 0.1586626918199192 40
0.6056689203719168 0.08489214490072268 40
1.0 0.0 40
0.989556425850357 1.0 40
0.10583033791920077 0.372344819360842 95
0.11249681301366693 0.5799653266594177 40
0.2484574692277376 0.6502632462695157 95
0.6242352038561009 0.8794555336358244 95
0.4584439188021208 0.7256525277522146 40
0.4584439188021208 0.7256525277522146 95
0.4584439188021208 0.7256525277522146 40
0.6242352038561009 0.8794555336358244 40
0.11249681301366693 0.5799653266594177 40
0.6056689203719168 0.08489214490072268 95
0.22465518644406343 0.3005332956404986 95
0.34900954994058275 0.1586626918199192 95
0.6242352038561009 0.8794555336358244 95
0.2484574692277376 0.6502632462695157 95
1.0 0.0 95
0.6242352038561009 0.8794555336358244 95
0.989556425850357 1.0 95
0.6400190060794432 0.8086994482099957 95
0.6056689203719168 0.08489214490072268 95
0.989556425850357 1.0 95
0.0 0.5053708269089829 40
0.22465518644406343 0.3005332956404986 95
0.22465518644406343 0.3005332956404986 95
0.6056689203719168 0.08489214490072268 95
0.4584439188021208 0.7256525277522146 40
1.0 0.0 95
0.2484574692277376 0.6502632462695157 40
0.0 0.5053708269089829 95
0.24531457756794942 0.22736827995303527 95
0.34900954994058275 0.1586626918199192 95
0.989556425850357 1.0 95
0.11249681301366693 0.5799653266594177 40
0.6056689203719168 0.08489214490072268 95
1.0 0.0 95
0.07234416592359476 0.43864970575589257 95
1.0 0.0 95
