0.03593597052109187 1.0 40
0.028292759163948498 0.8504261405743414 40
0.03523583809585388 0.7152581924213236 40
0.0 0.5594274084552036 40
0.050092475100694166 0.45600128614126606 40
0.09574623781256422 0.346831112203339 40
0.15869021216478588 0.25811183279868566 40
0.23262895422331445 0.1687186630778967 40
0.37538528098494345 0.11282695631178856 40
0.6916763494139426 0.1287373982041365 40
0.7743364200659711 0.03459540105803173 40
1.0 0.0 40
0.03593597052109187 1.0 95
0.028292759163948498 0.8504261405743414 95
0.03523583809585388 0.7152581924213236 95
0.0 0.5594274084552036 95
0.050092475100694166 0.45600128614126606 95
0.09574623781256422 0.346831112203339 95
0.15869021216478588 0.25811183279868566 95
0.23262895422331445 0.1687186630778967 95
0.37538528098494345 0.11282695631178856 95
0.6916763494139426 0.1287373982041365 95
0.7743364200659711 0.03459540105803173 95
1.0 0.0 95
0.028292759163948498 0.8504261405743414 40
0.028292759163948498 0.8504261405743414 40
0.028292759163948498 0.8504261405743414 40
0.028292759163948498 0.8504261405743414 40
0.028292759163948498 0.8504261405743414 40
0.028292759163948498 0.8504261405743414 40
0.028292759163948498 0.8504261405743414 40
0.028292759163948498 0.8504261405743414 40
