0.7647376782009135 1.0 95
1.0 0.926057813018944 95
0.6929709378929022 0.8283971427332194 95
0.4633155945056437 0.7430564436825081 95
0.3020270151168773 0.6556859260063164 95
0.14450156845168038 0.5764403773427181 95
0.0 0.49497440212174393 95
0.16835160860539533 0.4180520493529173 95
0.39007484657156766 0.34173865995123737 95
0.5095818131623026 0.2567758740279943 95
0.754296252837704 0.17215206447749512 95
0.8925264743347952 0.08354011826512325 95
0.8982142024616682 0.0 95
0.15457798101236955 1.0 40
0.3819293757123257 0.838848848221353 40
1.0 0.6840620314732667 40
0.6500781248549279 0.33443576668882646 40
0.21263964604069124 0.1678682498413613 40
0.0 0.0 40
