0.8886857959382517 1.0 95
1.0 0.9209361474908497 95
0.9128785187601463 0.8320217847934278 95
0.6203187156042524 0.7389446340563518 95
0.42281239466246706 0.6544927160965583 95
0.25815883090935365 0.569444706382904 95
0.0 0.4918322716171645 95
0.06136442897361148 0.41404044491540604 95
0.23320979426270402 0.33628164100258173 95
0.4986845530104275 0.25577555282409153 95
0.6692777658988756 0.17282099247169955 95
0.9652221616194835 0.08296671589404364 95
0.9080196883190845 0.0 95
0.7739776459833698 1.0 40
0.0 0.8354823099551877 40
0.49337567917668745 0.7108805636354877 40
0.968211125227658 0.5785376959272902 40
0.5791554439987576 0.4298832972696048 40
0.2227094591408885 0.2891819333231045 40
0.03007521025685572 0.1519354403710916 40
1.0 0.0 40
1.0 0.9209361474908497 95
1.0 0.9209361474908497 95
1.0 0.9209361474908497 95
1.0 0.9209361474908497 95
1.0 0.9209361474908497 95
1.0 0.9209361474908497 95
1.0 0.9209361474908497 95
1.0 0.9209361474908497 95
1.0 0.9209361474908497 95
1.0 0.9209361474908497 95
1.0 0.9209361474908497 95
