0.017886169438385613 0.5066839071054049 95
0.04114853888434819 0.47614489103572555 95
0.059100629767027936 0.4478154030804764 95
0.08756177758880827 0.4190953849666651 95
0.12232440430741853 0.3872382298517345 95
0.16505124012949945 0.3606813067949792 95
0.19699593261770934 0.33081760684472333 95
0.2661986209657525 0.29703169727315215 95
0.3263062226209868 0.2639214810984368 95
0.41145736045182846 0.23075017699062456 95
0.44479957249878993 0.19735856078736438 95
0.4703248148429746 0.16641536476529248 95
0.6150471094946616 0.12629861473861095 95
0.9761670216564126 0.07476898845793153 95
0.9277414984424766 0.04163297645998122 95
1.0 0.0 95
0.7012465755892447 1.0 95
0.717555470112267 0.9618605828613646 95
0.3309530712663885 0.8790980478410365 95
0.2752965958533609 0.83349645474557 95
0.20855258371849605 0.7941483125186221 95
0.18596369986536918 0.7585256106776548 95
0.17061091741619722 0.7238083530221421 95
0.1418236912184193 0.6861705887547086 95
0.09340543781062052 0.6527029209510139 95
0.06996989091530498 0.6170583492393935 95
0.03379720650340856 0.5829505364967117 95
0.0 0.5511063702409728 95
0.41145736045182846 0.23075017699062456 95
0.08756177758880827 0.4190953849666651 95
0.16505124012949945 0.3606813067949792 95
1.0 0.0 95
1.0 0.0 95
0.19699593261770934 0.33081760684472333 95
0.08756177758880827 0.4190953849666651 95
0.12232440430741853 0.3872382298517345 95
0.16505124012949945 0.3606813067949792 95
0.059100629767027936 0.4478154030804764 95
0.3263062226209868 0.2639214810984368 95
0.3263062226209868 0.2639214810984368 95
0.6150471094946616 0.12629861473861095 95
0.2752965958533609 0.83349645474557 95
0.717555470112267 0.9618605828613646 95
0.3309530712663885 0.8790980478410365 95
0.04114853888434819 0.47614489103572555 95
0.017886169438385613 0.5066839071054049 95
0.3309530712663885 0.8790980478410365 95
0.41145736045182846 0.23075017699062456 95
0.2661986209657525 0.29703169727315215 95
0.7012465755892447 1.0 95
0.9277414984424766 0.04163297645998122 95
0.41145736045182846 0.23075017699062456 95
1.0 0.0 95
0.9277414984424766 0.04163297645998122 95
0.2661986209657525 0.29703169727315215 95
0.059100629767027936 0.4478154030804764 95
0.12232440430741853 0.3872382298517345 95
1.0 0.0 95
0.04114853888434819 0.47614489103572555 95
0.04114853888434819 0.47614489103572555 95
0.3309530712663885 0.8790980478410365 95
0.717555470112267 0.9618605828613646 95
1.0 0.0 95
0.3263062226209868 0.2639214810984368 95
