0.8691888399438497 1.0 95
0.9412011739285262 0.915680817573627 95
0.8289153826142943 0.8284876350483464 95
0.5652456883583881 0.7406557426786765 95
0.35838399980652397 0.6537128320349859 95
0.19921946654648115 0.5711412533181542 95
0.0 0.491582527893324 95
0.03276403037036074 0.4138697836765029 95
0.20561528044033173 0.33980877374473345 95
0.4838707606790134 0.25436684701696183 95
0.6811978445773901 0.16970104992558022 95
1.0 0.08456428096613655 95
0.8695369382641032 0.0 95
0.0 1.0 40
0.5617546648649733 0.8396951371640851 40
1.0 0.6831036803709507 40
0.5790713287677185 0.3410687722176893 40
0.07988643322783147 0.17678496417394335 40
0.7803439560031686 0.0 40
0.9412011739285262 0.915680817573627 95
0.9412011739285262 0.915680817573627 95
0.9412011739285262 0.915680817573627 95
0.9412011739285262 0.915680817573627 95
0.9412011739285262 0.915680817573627 95
0.9412011739285262 0.915680817573627 95
0.9412011739285262 0.915680817573627 95
0.9412011739285262 0.915680817573627 95
0.9412011739285262 0.915680817573627 95
0.9412011739285262 0.915680817573627 95
0.9412011739285262 0.915680817573627 95
0.9412011739285262 0.915680817573627 95
0.9412011739285262 0.915680817573627 95
