0.0 0.5204748945641194 95
0.03253540884042536 0.4921492053758136 95
0.0507651064324314 0.46187024776482927 95
0.07600556564590012 0.43430151792920935 95
0.10113687765438656 0.4058048788940482 95
0.1341353506669602 0.37774703869282106 95
0.17087359013760742 0.3468472997451116 95
0.21558343836306362 0.31887519145634374 95
0.2806794568217127 0.2903699478094546 95
0.35046885998096955 0.256933092470021 95
0.41180416186527236 0.2249030297737123 95
0.4415603376335315 0.19268585707814118 95
0.4715049370808413 0.15800220833648937 95
0.9620799416345074 0.10747360553107636 95
0.9352772727299924 0.07396078404422038 95
0.9160869150904718 0.040448525737414906 95
1.0 0.0 95
0.7336218199368512 1.0 95
0.6877035505981464 0.9523126481073544 95
0.746820952792785 0.9195134972577245 95
0.3034458633878252 0.8344088325235366 95
0.23311348859803505 0.7936034640504922 95
0.19656968859762658 0.752547693239633 95
0.195195476000055 0.7194370363227144 95
0.16989716651180922 0.6884706506461988 95
0.13653127386311548 0.651800550264331 95
0.09184165130791061 0.6175380864652096 95
0.05845348835068953 0.5840301094443925 95
0.01812962991805375 0.5540724241501429 95
0.13518077886804963 0.7992452807257011 40
0.24064893712097984 0.7563575107129331 40
0.3838012553953466 0.717679634528789 40
0.5842538655835887 0.6730004184974075 40
0.9236770514120531 0.6367141739207235 40
1.0 0.48867300519092594 40
0.5735348134603218 0.44032263217697326 40
0.450228115045353 0.395581757919083 40
0.3344579722974199 0.3478723460836003 40
0.26588466446498316 0.3092328099614547 40
0.21795231443874905 0.2583797741892551 40
0.21889887018307463 0.21675803666033655 40
0.23782361662314064 0.16863764906087145 40
0.2780767601923483 0.11980156162038792 40
0.3597996190050503 0.06354432450845275 40
0.5979565993419274 0.0 40
0.15685620135963238 1.0 40
0.03000946149891217 0.9438086843429169 40
0.0 0.8956938329233239 40
0.023272258914881442 0.8539086848252567 40
0.5735348134603218 0.44032263217697326 40
0.746820952792785 0.9195134972577245 95
0.4415603376335315 0.19268585707814118 95
0.21558343836306362 0.31887519145634374 95
0.19656968859762658 0.752547693239633 95
0.195195476000055 0.7194370363227144 95
0.9620799416345074 0.10747360553107636 95
0.0507651064324314 0.46187024776482927 95
0.07600556564590012 0.43430151792920935 95
0.35046885998096955 0.256933092470021 95
0.4415603376335315 0.19268585707814118 95
0.0 0.5204748945641194 95
0.24064893712097984 0.7563575107129331 40
0.2806794568217127 0.2903699478094546 95
0.9620799416345074 0.10747360553107636 95
0.0 0.5204748945641194 95
0.4715049370808413 0.15800220833648937 95
0.03253540884042536 0.4921492053758136 95
0.0507651064324314 0.46187024776482927 95
0.16989716651180922 0.6884706506461988 95
0.0 0.5204748945641194 95
0.21795231443874905 0.2583797741892551 40
0.9160869150904718 0.040448525737414906 95
0.16989716651180922 0.6884706506461988 95
0.4415603376335315 0.19268585707814118 95
0.01812962991805375 0.5540724241501429 95
0.0507651064324314 0.46187024776482927 95
0.0507651064324314 0.46187024776482927 95
0.13653127386311548 0.651800550264331 95
0.41180416186527236 0.2249030297737123 95
0.01812962991805375 0.5540724241501429 95
0.9620799416345074 0.10747360553107636 95
0.26588466446498316 0.3092328099614547 40
0.21558343836306362 0.31887519145634374 95
0.05845348835068953 0.5840301094443925 95
0.21889887018307463 0.21675803666033655 40
0.9236770514120531 0.6367141739207235 40
0.24064893712097984 0.7563575107129331 40
0.7336218199368512 1.0 95
0.9236770514120531 0.6367141739207235 40
0.9236770514120531 0.6367141739207235 40
0.23311348859803505 0.7936034640504922 95
0.35046885998096955 0.256933092470021 95
0.41180416186527236 0.2249030297737123 95
0.9620799416345074 0.10747360553107636 95
0.0507651064324314 0.46187024776482927 95
0.3838012553953466 0.717679634528789 40
0.4415603376335315 0.19268585707814118 95
0.35046885998096955 0.256933092470021 95
0.7336218199368512 1.0 95
0.195195476000055 0.7194370363227144 95
