0.8941793398129054 1.0 95
1.0 0.9187882110644403 95
0.8381111271620051 0.8323385277156226 95
0.5178693013544223 0.7381963818463247 95
0.3532250526970798 0.6554888764910785 95
0.1792627692541525 0.5731008351033126 95
0.0 0.49391369188231404 95
0.018554752253793442 0.4153248169469511 95
0.20066142474573356 0.33753705105827914 95
0.5090023980471634 0.2544360814674612 95
0.7400442361803918 0.17384555308521452 95
0.930163909975921 0.0 95
1.0 1.0 40
0.0 0.821447262811876 40
0.42387072680345494 0.7010281802763965 40
0.7000368414922135 0.5637795689407554 40
0.40133453702195077 0.2822777162858097 40
0.11686635970948873 0.14226753196039638 40
0.6884465694469292 0.0 40
1.0 0.9187882110644403 95
1.0 0.9187882110644403 95
1.0 0.9187882110644403 95
1.0 0.9187882110644403 95
1.0 0.9187882110644403 95
1.0 0.9187882110644403 95
1.0 0.9187882110644403 95
1.0 0.9187882110644403 95
1.0 0.9187882110644403 95
1.0 0.9187882110644403 95
1.0 0.9187882110644403 95
1.0 0.9187882110644403 95
1.0 0.9187882110644403 95
