0.007085426370521583 0.5155926647636647 95
0.02745381890112568 0.4799096331296637 95
0.04905793200643939 0.45066460779772105 95
0.07259464483072853 0.4212724695913061 95
0.1065534773860375 0.39101029522005404 95
0.1527819992374911 0.36221967049131754 95
0.1859921830535141 0.3269643232861739 95
0.22719354251673907 0.29597353623134853 95
0.30415899237790484 0.26568271600334675 95
0.3858070347007518 0.22959745820430918 95
0.4297443438063811 0.19657004851832224 95
0.4591537782285611 0.1649665715292227 95
0.5171279320293907 0.12713906323372148 95
1.0 0.07564807455975169 95
0.9352143778288197 0.04145594196437019 95
0.9803892621919924 0.0 95
0.8487950226559825 1.0 95
0.8857182395109132 0.9676334131944351 95
0.32876793624745504 0.8539931686688775 95
0.19312302753532676 0.8058679211937441 95
0.1639542924139162 0.7667490801565461 95
0.16235503076252455 0.7320207845600105 95
0.1515076521355908 0.6947312375660285 95
0.10690801056106329 0.6604906002807338 95
0.06587503509069169 0.6209341197094592 95
0.0239588153863981 0.5909063537091296 95
0.0 0.5517878102441168 95
0.004618331179049613 0.5256925053373009 95
0.4297443438063811 0.19657004851832224 95
0.3858070347007518 0.22959745820430918 95
0.8487950226559825 1.0 95
0.1527819992374911 0.36221967049131754 95
