0.027215341180802998 0.504656627562114 95
0.04479143914510075 0.4751463979320374 95
0.07117089287280297 0.4435728615739016 95
0.09013989045421243 0.41273316747934163 95
0.12810205270192684 0.3814296651613567 95
0.17425044133412157 0.35610308672065294 95
0.21123188567071619 0.32238216875258247 95
0.265794719815928 0.29445410627128854 95
0.33386889308451106 0.2596475417410793 95
0.42074112745360553 0.23091799589629358 95
0.45534041940448755 0.19700451091652682 95
0.4771887496976939 0.16100583490852666 95
0.5901593411840791 0.12794322849281378 95
0.9941057756605691 0.07741328648645215 95
0.9496146646231265 0.041153447153605825 95
1.0 0.0 95
0.7349168581837925 1.0 95
0.7339601395369866 0.9570422555012981 95
0.48192434649104027 0.888303548001605 95
0.28761394981265703 0.8337914826153967 95
0.22636755580938933 0.7912686886685711 95
0.19392593525330318 0.7564315325308079 95
0.19057674343527234 0.7191477705638671 95
0.16008822890506585 0.6856015333764647 95
0.11245499570446311 0.648041499045227 95
0.07560221839392688 0.6124551466557311 95
0.029706204647380774 0.5826730471635616 95
0.0 0.547536520900582 95
0.10951723075712606 0.7788611528821315 40
0.2453791564491965 0.7340663470505943 40
0.40331476124299 0.6935482065100251 40
0.6494023506285891 0.6485388207398529 40
1.0 0.5973820148159623 40
0.6421344754615638 0.3908484236349332 40
0.41855740873177155 0.34233206657053655 40
0.2493875313695566 0.30152928092590303 40
0.12670758192922318 0.2510684607079404 40
0.06895025943936878 0.20087018601597298 40
0.07742542886981783 0.1559556877808062 40
0.11532841367972026 0.10854541582294214 40
0.1717949485027451 0.05515252467674481 40
0.325984827579231 0.0 40
0.13353918986447763 1.0 40
0.01856454273464638 0.9496365197166171 40
0.0 0.8930409996882411 40
0.02928961425659205 0.8456215035094886 40
0.42074112745360553 0.23091799589629358 95
0.07560221839392688 0.6124551466557311 95
0.027215341180802998 0.504656627562114 95
0.7349168581837925 1.0 95
0.41855740873177155 0.34233206657053655 40
0.7339601395369866 0.9570422555012981 95
0.5901593411840791 0.12794322849281378 95
0.10951723075712606 0.7788611528821315 40
1.0 0.0 95
0.9941057756605691 0.07741328648645215 95
0.48192434649104027 0.888303548001605 95
0.7349168581837925 1.0 95
0.09013989045421243 0.41273316747934163 95
0.10951723075712606 0.7788611528821315 40
0.2493875313695566 0.30152928092590303 40
0.2493875313695566 0.30152928092590303 40
0.07117089287280297 0.4435728615739016 95
0.7349168581837925 1.0 95
