0.8176238784032746 1.0 95
1.0 0.9240909896337306 95
0.6906745916211247 0.8251044478914158 95
0.4614908067119223 0.7366026471592764 95
0.35457086205024796 0.6570942349380055 95
0.13065829055023934 0.5755709031500594 95
0.0 0.4964264865560064 95
0.18496258629068565 0.41611707246900004 95
0.3775208042453604 0.33854669883733907 95
0.5422938711949045 0.2559642592426271 95
0.7921886264744434 0.1694760234916089 95
0.8945827909224228 0.08620910024984167 95
0.9277998668041156 0.0 95
0.843405445444798 1.0 40
0.0 0.8187041133217664 40
1.0 0.670205172865881 40
0.8713622583246666 0.33634374731164596 40
0.2662217408884382 0.16201196699721793 40
0.020002830053104874 0.0 40
1.0 0.9240909896337306 95
1.0 0.9240909896337306 95
1.0 0.9240909896337306 95
1.0 0.9240909896337306 95
1.0 0.9240909896337306 95
1.0 0.9240909896337306 95
1.0 0.9240909896337306 95
1.0 0.9240909896337306 95
1.0 0.9240909896337306 95
1.0 0.9240909896337306 95
1.0 0.9240909896337306 95
1.0 0.9240909896337306 95
1.0 0.9240909896337306 95
