0.0073609288961797035 0.499553215758652 95
0.035938902887744796 0.47036852409941704 95
0.06506418271295279 0.4371166246772625 95
0.0796117190587386 0.40656921970186205 95
0.1106266269150477 0.3808776319029204 95
0.16782435066677895 0.3488211567309202 95
0.20756209077062862 0.3233133541050931 95
0.2546845289047877 0.28858177552999364 95
0.3323415956658225 0.25801902213836925 95
0.40502739209725674 0.2262046222823349 95
0.45014839346369284 0.1919763450751252 95
0.4711514821069728 0.15905927195735253 95
0.5467530284773453 0.1263991826904383 95
1.0 0.07189053866643116 95
0.9409966652133831 0.04017956854724577 95
0.9897533886708428 0.0 95
0.7526823339630092 1.0 95
0.7269877462591061 0.9571777778222288 95
0.769694908717338 0.919317142105348 95
0.298785443280898 0.8284146212753658 95
0.22002591354891907 0.7877623230133961 95
0.1901403955440103 0.7514180670755672 95
0.18047360136828783 0.7143758560452412 95
0.1543087661381227 0.6840504172730918 95
0.11341079619099613 0.6449165473729968 95
0.07842457575437392 0.6136620721111664 95
0.034852241571340564 0.5783993929579698 95
0.0 0.5492855927552247 95
0.1931131684532121 0.7834853093288968 40
0.3130245598725033 0.7383215099735454 40
0.46402997645770977 0.6983788362438622 40
0.6804802851581211 0.6572965124896945 40
1.0 0.6165142618092047 40
0.8045816219148314 0.4263666689321258 40
0.5484179186630479 0.3800958988160253 40
0.3628723136704417 0.3404912903021847 40
0.25210859878883174 0.29923920568663254 40
0.19133852926998746 0.25604868594606045 40
0.18400350107332883 0.21100624503786505 40
0.22500079857763491 0.16237166151224772 40
0.2859690024407055 0.11724786370291634 40
0.382294403975122 0.06301119363702076 40
0.6491353686147607 0.0 40
0.3029152959830274 1.0 40
0.07383261364595986 0.9422460227423678 40
0.0 0.8946938366154908 40
0.008908425975881663 0.8522199837346374 40
0.06703193977954622 0.807850703931093 40
0.034852241571340564 0.5783993929579698 95
0.25210859878883174 0.29923920568663254 40
0.9409966652133831 0.04017956854724577 95
0.45014839346369284 0.1919763450751252 95
0.18400350107332883 0.21100624503786505 40
1.0 0.07189053866643116 95
0.45014839346369284 0.1919763450751252 95
0.1931131684532121 0.7834853093288968 40
0.4711514821069728 0.15905927195735253 95
0.19133852926998746 0.25604868594606045 40
0.6804802851581211 0.6572965124896945 40
1.0 0.6165142618092047 40
0.035938902887744796 0.47036852409941704 95
0.034852241571340564 0.5783993929579698 95
0.7526823339630092 1.0 95
0.0 0.5492855927552247 95
