0.8127070277829412 1.0 95
1.0 0.9258380685116957 95
0.6954382703395495 0.8300191938457598 95
0.4434448117430236 0.7398399290039182 95
0.3014308739134222 0.6595884269080011 95
0.14497387699034903 0.577536439222031 95
0.0 0.4976865360916049 95
0.10519817296825981 0.4221503656318172 95
0.3100698632589779 0.33854294023294207 95
0.5133958890365536 0.26053883871898836 95
0.784150991933223 0.17240916375480123 95
0.9164982847412207 0.08562569882517906 95
0.9866580181591647 0.0 95
0.6047969019094912 1.0 40
0.0 0.8195744188265434 40
1.0 0.669702858718137 40
0.7484082256370479 0.3308101829274809 40
0.2350040601806055 0.165492249932974 40
0.07968364471189049 0.0 40
1.0 0.9258380685116957 95
1.0 0.9258380685116957 95
1.0 0.9258380685116957 95
1.0 0.9258380685116957 95
1.0 0.9258380685116957 95
1.0 0.9258380685116957 95
1.0 0.9258380685116957 95
1.0 0.9258380685116957 95
1.0 0.9258380685116957 95
1.0 0.9258380685116957 95
1.0 0.9258380685116957 95
1.0 0.9258380685116957 95
1.0 0.9258380685116957 95
