0.7996393779380134 1.0 95
1.0 0.921524771326123 95
0.6830875854807893 0.8265413623877617 95
0.43520610249588565 0.7395864090405787 95
0.33435457670001506 0.6573646437165679 95
0.13844231026346474 0.5759723726125104 95
0.0 0.49824736812200154 95
0.15197559035812114 0.41886376282520327 95
0.35172185032252545 0.33953052961497604 95
0.5814674371416584 0.2597083371517761 95
0.8387201916491143 0.17021289577997883 95
0.9155556790759384 0.08565254584139093 95
0.9832938261169423 0.0 95
1.0 1.0 40
0.0 0.818417927562248 40
0.40166975914710806 0.6970905592124073 40
0.7859256610696079 0.5599096094186575 40
0.3775655462903981 0.2795076269004437 40
0.0541796240366856 0.13988725847689015 40
0.6849664909273344 0.0 40
1.0 0.921524771326123 95
1.0 0.921524771326123 95
1.0 0.921524771326123 95
1.0 0.921524771326123 95
1.0 0.921524771326123 95
1.0 0.921524771326123 95
1.0 0.921524771326123 95
1.0 0.921524771326123 95
1.0 0.921524771326123 95
1.0 0.921524771326123 95
1.0 0.921524771326123 95
1.0 0.921524771326123 95
