0.7267514353431342 1.0 95
0.7747138784177702 0.9276026859417505 95
0.7403584199936749 0.8486146425853153 95
0.541000127354161 0.7661566944468002 95
0.33225835023540107 0.6823603574015911 95
0.1993034274347232 0.6104110582970939 95
0.0 0.5342066725201035 95
0.039729409045262364 0.465402688954323 95
0.17372545219060345 0.3927033353425934 95
0.3825707553993727 0.3185548216012153 95
0.5744572461914746 0.23998077917787128 95
0.7817946490268444 0.16156620415422066 95
0.7987523703171927 0.0833028697901172 95
1.0 0.0 95
0.9028707986541459 1.0 40
0.0 0.8234992404145706 40
0.48542600057278046 0.6995227354697734 40
0.9091698144187701 0.5663260097673111 40
0.6844826272165284 0.4282586817712782 40
0.20780111181700092 0.28505769441546813 40
0.01076927804334259 0.14733802601492366 40
1.0 0.0 40
0.7747138784177702 0.9276026859417505 95
0.7747138784177702 0.9276026859417505 95
0.7747138784177702 0.9276026859417505 95
0.7747138784177702 0.9276026859417505 95
0.7747138784177702 0.9276026859417505 95
0.7747138784177702 0.9276026859417505 95
0.7747138784177702 0.9276026859417505 95
0.7747138784177702 0.9276026859417505 95
0.7747138784177702 0.9276026859417505 95
0.7747138784177702 0.9276026859417505 95
