0.8806307373863695 0.9479806357756221 95
0.7180337083219308 0.7837282829981355 95
0.447452590988048 0.6991882683403452 95
0.3327975253871358 0.6245848144408348 95
0.12644892486960221 0.5429609964117139 95
0.0 0.47093397352789323 95
0.09240156959559158 0.3967809156784495 95
0.2743639840616207 0.32051441484428594 95
0.5672644321299735 0.24190191489630986 95
0.787039632953422 0.1640482446154284 95
0.9482932313600708 0.08039256901400588 95
1.0 0.0 95
0.9358579853855262 1.0 95
0.7939994709999467 1.0 40
0.0 0.8313194237243136 40
0.47121045801753236 0.709734488343496 40
0.9487032435282959 0.5782051271291966 40
0.6335218937700814 0.4339132344799568 40
0.15563253554367723 0.28899242690550875 40
0.011393919001894553 0.15360908871000678 40
1.0 0.0 40
0.7180337083219308 0.7837282829981355 95
0.7180337083219308 0.7837282829981355 95
0.7180337083219308 0.7837282829981355 95
0.7180337083219308 0.7837282829981355 95
0.7180337083219308 0.7837282829981355 95
0.7180337083219308 0.7837282829981355 95
0.7180337083219308 0.7837282829981355 95
0.7180337083219308 0.7837282829981355 95
0.7180337083219308 0.7837282829981355 95
0.7180337083219308 0.7837282829981355 95
0.7180337083219308 0.7837282829981355 95
