0.7778253665315231 1.0 95
1.0 0.92315500278033 95
0.667375658411666 0.8296161137847076 95
0.43363097129706996 0.7400145678581993 95
0.2574879466886462 0.6546493684770744 95
0.06306277690331409 0.576243729187469 95
0.0 0.4978732855469499 95
0.014419142769891344 0.41722840800973265 95
0.18925663568032258 0.34176023802627836 95
0.4556562158222183 0.25958428014438845 95
0.6819145593876846 0.17475511280574432 95
0.8547845751988059 0.08638033703759028 95
0.901337949799579 0.0 95
0.7206521496597471 1.0 40
0.0 0.81547172449448 40
1.0 0.6660234007007215 40
0.8690628313929442 0.33040979352972516 40
0.3383053162711187 0.16869626135377486 40
0.12613128819793826 0.0 40
1.0 0.92315500278033 95
1.0 0.92315500278033 95
1.0 0.92315500278033 95
1.0 0.92315500278033 95
1.0 0.92315500278033 95
1.0 0.92315500278033 95
1.0 0.92315500278033 95
1.0 0.92315500278033 95
1.0 0.92315500278033 95
1.0 0.92315500278033 95
1.0 0.92315500278033 95
1.0 0.92315500278033 95
1.0 0.92315500278033 95
