0.007249169451125964 0.4943068443483137 95
0.0386605503750135 0.4637909936123626 95
0.06005831660354715 0.43634426373403745 95
0.07756986580539046 0.40655264827178894 95
0.11370018360543928 0.37888711831591765 95
0.1563067349029187 0.34581688549268697 95
0.1897019335848089 0.31619629891377277 95
0.2441305102515357 0.2859078130345602 95
0.31562048104544715 0.2564652604189413 95
0.3897019945444692 0.22151528452372027 95
0.4416483996259958 0.18687449200091844 95
0.465156966866165 0.152809834248244 95
0.5152598153005585 0.12103290354765688 95
1.0 0.07012568853648944 95
0.9242912026441628 0.035818021225350515 95
0.9556106384253037 0.0 95
0.735852654545295 1.0 95
0.7151875787844637 0.9541974836280384 95
0.7458877186392888 0.917848223314583 95
0.321703790221537 0.8277291008149101 95
0.24129963354440237 0.7839089884848647 95
0.20768736547110928 0.7492849094042298 95
0.20884806216726398 0.7107600804123264 95
0.17370307981836489 0.6764461982413714 95
0.13272307083731882 0.6433326149473027 95
0.0849205427566807 0.6073290141005353 95
0.04971858549687736 0.5740218939672128 95
0.011706186590255284 0.5370440943599857 95
0.0 0.50995608646669 95
0.15513324913737223 0.7879846912496992 40
0.2698536326926802 0.7462880090004653 40
0.4396493231695051 0.7003837361472764 40
0.6707079681757545 0.6630002751640899 40
1.0 0.6184262015795338 40
0.969906079581884 0.4283809522115492 40
0.7009729117771948 0.378381582113243 40
0.481810563291777 0.33319255239215534 40
0.35965131877257683 0.29065363404112804 40
0.27204646270790683 0.2490191112167319 40
0.22917562691294158 0.20580301702916023 40
0.26260855257427035 0.1530941404430122 40
0.3226865997033322 0.10880657840601286 40
0.4277426448321012 0.05915853494412352 40
0.639540854491858 0.0 40
0.32515142707324346 1.0 40
0.08502871397299144 0.9420287111251469 40
0.0 0.8890515998779891 40
0.02839491579805496 0.8431918672564035 40
0.08870228240911048 0.8051195155939065 40
0.735852654545295 1.0 95
0.2441305102515357 0.2859078130345602 95
0.007249169451125964 0.4943068443483137 95
0.969906079581884 0.4283809522115492 40
0.9242912026441628 0.035818021225350515 95
0.7009729117771948 0.378381582113243 40
0.17370307981836489 0.6764461982413714 95
0.011706186590255284 0.5370440943599857 95
0.1897019335848089 0.31619629891377277 95
0.6707079681757545 0.6630002751640899 40
0.465156966866165 0.152809834248244 95
1.0 0.6184262015795338 40
0.20768736547110928 0.7492849094042298 95
0.0849205427566807 0.6073290141005353 95
0.011706186590255284 0.5370440943599857 95
0.1563067349029187 0.34581688549268697 95
0.04971858549687736 0.5740218939672128 95
0.011706186590255284 0.5370440943599857 95
0.9242912026441628 0.035818021225350515 95
0.5152598153005585 0.12103290354765688 95
0.0849205427566807 0.6073290141005353 95
0.20768736547110928 0.7492849094042298 95
0.5152598153005585 0.12103290354765688 95
0.1563067349029187 0.34581688549268697 95
0.0 0.50995608646669 95
0.7151875787844637 0.9541974836280384 95
0.2441305102515357 0.2859078130345602 95
0.4396493231695051 0.7003837361472764 40
0.007249169451125964 0.4943068443483137 95
0.04971858549687736 0.5740218939672128 95
0.735852654545295 1.0 95
0.17370307981836489 0.6764461982413714 95
0.011706186590255284 0.5370440943599857 95
0.7009729117771948 0.378381582113243 40
0.20768736547110928 0.7492849094042298 95
0.2441305102515357 0.2859078130345602 95
0.24129963354440237 0.7839089884848647 95
0.0 0.50995608646669 95
0.007249169451125964 0.4943068443483137 95
0.3897019945444692 0.22151528452372027 95
0.321703790221537 0.8277291008149101 95
0.22917562691294158 0.20580301702916023 40
0.735852654545295 1.0 95
0.24129963354440237 0.7839089884848647 95
0.27204646270790683 0.2490191112167319 40
0.0 0.50995608646669 95
0.969906079581884 0.4283809522115492 40
0.07756986580539046 0.40655264827178894 95
0.4416483996259958 0.18687449200091844 95
0.6707079681757545 0.6630002751640899 40
0.17370307981836489 0.6764461982413714 95
