0.7748682293586546 1.0 95
0.9461908302755595 0.9213121022759447 95
0.6271020281021311 0.8300078352213012 95
0.3829369502011512 0.7428053143791845 95
0.24412932779621177 0.6595326300200437 95
0.0336731165582583 0.5796941653302792 95
0.0 0.49807995094906166 95
0.14727886283886452 0.4228265123287314 95
0.38240444816925007 0.3406788385327238 95
0.5565425251847604 0.2583732372035819 95
0.8369102900793419 0.17359927500581054 95
0.94254230009701 0.08280453644254933 95
1.0 0.0 95
0.08798488141567037 1.0 40
0.048936344148128044 0.8262807137110018 40
1.0 0.6782263279981448 40
0.6761452473761054 0.3290429334542368 40
0.13069958474295848 0.1669547631671357 40
0.0 0.0 40
0.9461908302755595 0.9213121022759447 95
0.9461908302755595 0.9213121022759447 95
0.9461908302755595 0.9213121022759447 95
0.9461908302755595 0.9213121022759447 95
0.9461908302755595 0.9213121022759447 95
0.9461908302755595 0.9213121022759447 95
0.9461908302755595 0.9213121022759447 95
0.9461908302755595 0.9213121022759447 95
0.9461908302755595 0.9213121022759447 95
0.9461908302755595 0.9213121022759447 95
0.9461908302755595 0.9213121022759447 95
0.9461908302755595 0.9213121022759447 95
0.9461908302755595 0.9213121022759447 95
