0.7938796179051458 1.0 95
0.8988442808927956 0.918463693590332 95
0.6265368809096706 0.8292695012673297 95
0.38190716756586185 0.7407212371506217 95
0.21448642251004868 0.6594252721506284 95
0.03416883382838506 0.5794804433570254 95
0.0 0.4973728579535365 95
0.1490615066394213 0.42429080011190945 95
0.3888738430334264 0.3415872680058028 95
0.56299050466648 0.259696245420861 95
0.8294204217222223 0.17284584954790078 95
0.9138187882446337 0.08822546086247364 95
1.0 0.0 95
1.0 1.0 40
0.2200354352387309 0.8156997250808983 40
0.9210030163765034 0.6632535848872466 40
0.8692840637676217 0.3220188761171123 40
0.2464008474476654 0.15394533995982715 40
0.0 0.0 40
