0.8475167198716788 1.0 95
0.943513225616192 0.9179679432467904 95
0.8397222986878123 0.8273026427442471 95
0.5687250907544326 0.7403933257330166 95
0.3647019124457851 0.6546254719821961 95
0.2022144664141641 0.5731165434063272 95
0.0 0.4937244950728481 95
0.0698501108131565 0.4143821146333991 95
0.21952367799013323 0.3387769804826706 95
0.462643228301826 0.25692167009086503 95
0.683334929952356 0.1693406256408522 95
1.0 0.08156695610393425 95
0.9041867935692487 0.0 95
0.5752680837801994 1.0 40
0.05992341767865021 0.8378995108560752 40
0.4004540268982421 0.7108927328061133 40
0.43583753520747415 0.43360776338992485 40
0.08655628997104699 0.2940213226719347 40
0.0 0.15820083960033515 40
1.0 0.0 40
0.943513225616192 0.9179679432467904 95
0.943513225616192 0.9179679432467904 95
0.943513225616192 0.9179679432467904 95
0.943513225616192 0.9179679432467904 95
0.943513225616192 0.9179679432467904 95
0.943513225616192 0.9179679432467904 95
0.943513225616192 0.9179679432467904 95
0.943513225616192 0.9179679432467904 95
0.943513225616192 0.9179679432467904 95
0.943513225616192 0.9179679432467904 95
0.943513225616192 0.9179679432467904 95
0.943513225616192 0.9179679432467904 95
