0.7823876238798966 1.0 95
0.9422874755596905 0.9193879506204616 95
0.6752541342510577 0.8275459613781834 95
0.43165722017167985 0.7402093852095373 95
0.27690255505559835 0.6567138513277218 95
0.1074201887945841 0.5754440633395174 95
0.0 0.4983421027888016 95
0.17670841816565344 0.42055980078449245 95
0.382447710310122 0.3408136652479774 95
0.5796138280658617 0.2583175390223854 95
0.849586258897731 0.1699285304802771 95
0.8854069450579912 0.08950365956718458 95
1.0 0.0 95
0.7723834070060608 1.0 40
0.0 0.8348132560170328 40
0.41637168388431317 0.7074960128762454 40
0.9242284733092164 0.5764298993662584 40
0.5466979875187963 0.42467106399757304 40
0.11693563809831509 0.284583912747527 40
0.016658671804694786 0.14694766539707121 40
1.0 0.0 40
0.9422874755596905 0.9193879506204616 95
0.9422874755596905 0.9193879506204616 95
0.9422874755596905 0.9193879506204616 95
0.9422874755596905 0.9193879506204616 95
0.9422874755596905 0.9193879506204616 95
0.9422874755596905 0.9193879506204616 95
0.9422874755596905 0.9193879506204616 95
0.9422874755596905 0.9193879506204616 95
0.9422874755596905 0.9193879506204616 95
0.9422874755596905 0.9193879506204616 95
0.9422874755596905 0.9193879506204616 95
