0.004614176825903267 0.5038923699282177 95
0.0354543727356114 0.4728804877811287 95
0.05454060588542268 0.44244635745658756 95
0.08319911211028343 0.4159953480064834 95
0.11690725898329722 0.38572320691925094 95
0.15472137513062112 0.35144877813661746 95
0.18955831051949878 0.32328313946003584 95
0.2391515785840597 0.2908715758249899 95
0.3082893988910434 0.26085550829441495 95
0.37979117529962225 0.22417021527950853 95
0.43860650128479656 0.1913926144219059 95
0.47366196994583165 0.1601453588357251 95
0.976963040813979 0.0341296696328458 95
1.0 0.0 95
0.7341637895152351 1.0 95
0.7227826830178719 0.9548493955506558 95
0.5344942214905782 0.8950289208778066 95
0.2912378116528959 0.8285959400869527 95
0.21416691259958337 0.7803418060048387 95
0.20443137636522193 0.7434835228053586 95
0.1901648694609087 0.7101096959486491 95
0.15627792578513278 0.6732532471458348 95
0.11450620849167165 0.6367943664976544 95
0.07022317133686684 0.6026226243004374 95
0.04135743644901617 0.5711566091940102 95
0.0 0.5379463473615301 95
0.5344942214905782 0.8950289208778066 95
0.18955831051949878 0.32328313946003584 95
0.0354543727356114 0.4728804877811287 95
0.5344942214905782 0.8950289208778066 95
0.0354543727356114 0.4728804877811287 95
0.15472137513062112 0.35144877813661746 95
