0.003468267386408248 0.5066296623056974 95
0.034691698613880134 0.4761264771591842 95
0.04645950610069945 0.4424507431838869 95
0.08216842979829972 0.4151967838495107 95
0.10251645103259828 0.3878104396966489 95
0.1537939757848715 0.35783957106691805 95
0.1871158195285329 0.32693427472666325 95
0.22866134110737804 0.29516670883578355 95
0.3045500043626418 0.26194959334269796 95
0.37866026955268367 0.23229539746737154 95
0.4377265179341335 0.19748023098730397 95
0.46899734398078424 0.16149408211093022 95
0.990156808131742 0.03985666549203756 95
1.0 0.0 95
0.7455736753228206 1.0 95
0.7194097984029982 0.9523790399337885 95
0.6405301202564055 0.9057070063419903 95
0.30255725589653704 0.8254872843251589 95
0.2183820647709324 0.7825724317190474 95
0.1971807431189174 0.7440728989572621 95
0.19166152803486128 0.7134891342446386 95
0.1589546017513936 0.6733237262317198 95
0.1212624179174311 0.637259009005235 95
0.07435064357039804 0.6004549345952107 95
0.04175792667268775 0.5674974153014147 95
0.0 0.5341173067330686 95
0.04645950610069945 0.4424507431838869 95
0.22866134110737804 0.29516670883578355 95
0.22866134110737804 0.29516670883578355 95
0.30255725589653704 0.8254872843251589 95
0.10251645103259828 0.3878104396966489 95
0.990156808131742 0.03985666549203756 95
