0.009318285929134588 0.5257592822243712 95
0.03299800178302464 0.4952178183185599 95
0.05297533025985955 0.46849280128411386 95
0.07722506943867327 0.43894979294089537 95
0.09924999301646556 0.4077524456020525 95
0.13735961115302256 0.3818570918422766 95
0.1659694599812342 0.3520501607603404 95
0.2077194274346067 0.32521995706850526 95
0.26914772419955135 0.2914722783617419 95
0.3365554245980409 0.26202166984215974 95
0.38524159849442663 0.22810961735429403 95
0.40872434764751575 0.19501720647290433 95
0.8679304824221225 0.08214316869214648 95
0.8716258064544966 0.045270144716676126 95
1.0 0.0 95
0.6501477209606144 1.0 95
0.6214047310404611 0.9591546750380783 95
0.6790988448649883 0.9277438525379241 95
0.26672619106980205 0.8385488606548591 95
0.19915308831199957 0.7919996776270177 95
0.17101085706924413 0.7592700353357907 95
0.17265010967483585 0.7260686179136938 95
0.1521228438382616 0.690498639216935 95
0.11215552329784503 0.6587007086171516 95
0.07336472503654648 0.624957361406766 95
0.044651071683921364 0.5894905700536062 95
0.010276838981653111 0.5590092897364703 95
0.0 0.5294835797035021 95
0.19915308831199957 0.7919996776270177 95
0.40872434764751575 0.19501720647290433 95
0.40872434764751575 0.19501720647290433 95
0.8716258064544966 0.045270144716676126 95
