0.03172125639208881 0.49436841861736774 95
0.048840687535721995 0.46250695274677156 95
0.07315459126430879 0.43961365868270713 95
0.1032590933584166 0.4086377146005612 95
0.14452719613183612 0.38084344187950847 95
0.17341931939883568 0.34695718319817925 95
0.21570298709613012 0.31675326812003834 95
0.28006816140832075 0.2881400636700461 95
0.34761408530954124 0.25642986135083123 95
0.4007578836896654 0.2252520876061552 95
0.44206863737076996 0.19556045048052864 95
0.9338767578536865 0.07659504026624935 95
0.9108130648689847 0.0384019171033279 95
1.0 0.0 95
0.6908732610519043 1.0 95
0.6680471064780036 0.9550627029599585 95
0.7160394947006016 0.9218582235311512 95
0.292199131651944 0.8331676791039667 95
0.22297648232961426 0.7907737559602841 95
0.19126637571370814 0.755546450186824 95
0.1795536300061867 0.7228048751105379 95
0.167522839585201 0.687615609544947 95
0.13026882454625555 0.6492057466055622 95
0.07860237952666593 0.6174363715557305 95
0.050643929823369176 0.5867415115360599 95
0.015251344389191795 0.5542277225328623 95
0.0 0.5207920615617594 95
0.17341931939883568 0.34695718319817925 95
0.22297648232961426 0.7907737559602841 95
0.03172125639208881 0.49436841861736774 95
0.7160394947006016 0.9218582235311512 95
0.14452719613183612 0.38084344187950847 95
0.6680471064780036 0.9550627029599585 95
0.28006816140832075 0.2881400636700461 95
0.048840687535721995 0.46250695274677156 95
0.7160394947006016 0.9218582235311512 95
0.9338767578536865 0.07659504026624935 95
0.34761408530954124 0.25642986135083123 95
0.6680471064780036 0.9550627029599585 95
1.0 0.0 95
0.22297648232961426 0.7907737559602841 95
0.03172125639208881 0.49436841861736774 95
0.34761408530954124 0.25642986135083123 95
0.292199131651944 0.8331676791039667 95
0.4007578836896654 0.2252520876061552 95
0.6680471064780036 0.9550627029599585 95
0.28006816140832075 0.2881400636700461 95
0.34761408530954124 0.25642986135083123 95
0.1032590933584166 0.4086377146005612 95
0.22297648232961426 0.7907737559602841 95
0.9338767578536865 0.07659504026624935 95
0.1032590933584166 0.4086377146005612 95
0.14452719613183612 0.38084344187950847 95
1.0 0.0 95
0.21570298709613012 0.31675326812003834 95
0.6908732610519043 1.0 95
0.9338767578536865 0.07659504026624935 95
0.14452719613183612 0.38084344187950847 95
0.1032590933584166 0.4086377146005612 95
0.4007578836896654 0.2252520876061552 95
0.03172125639208881 0.49436841861736774 95
0.22297648232961426 0.7907737559602841 95
0.048840687535721995 0.46250695274677156 95
0.14452719613183612 0.38084344187950847 95
