0.011332815209477189 0.5047287906024095 95
0.04830372933096486 0.4734285192958096 95
0.06509554909690879 0.44457896940427805 95
0.0821644104523248 0.4127582650914043 95
0.12345785018206266 0.38271815418081134 95
0.17268545712185834 0.3572538104243009 95
0.20293196610535436 0.32366591176331805 95
0.2555380933662837 0.29154214966161834 95
0.3206774447843251 0.2614228298020785 95
0.39639511344897355 0.2251944566435039 95
0.4388186487971316 0.1919404745641746 95
0.4656120807246987 0.15779000255817366 95
0.5879068995898307 0.12156923805861919 95
0.990874702433518 0.07327242117053116 95
0.9505109363834916 0.03586182333304088 95
1.0 0.0 95
0.679035284126215 1.0 95
0.6976726796052232 0.957567758924323 95
0.3322801340145273 0.8756253993965826 95
0.2779779325103258 0.8319397069594124 95
0.22260592079541353 0.7900543401953481 95
0.19531259797491016 0.7515357528971998 95
0.18945209697764603 0.7144157875957149 95
0.15761135553225655 0.6810926282914554 95
0.10308590910622231 0.6463323086169167 95
0.06486790982156404 0.6120451229610065 95
0.03003553635815369 0.5747560405715956 95
0.0 0.546023225119754 95
0.39639511344897355 0.2251944566435039 95
0.6976726796052232 0.957567758924323 95
0.3206774447843251 0.2614228298020785 95
0.679035284126215 1.0 95
