0.013250683880437403 0.4979864591357732 95
0.046964312455151876 0.474241613687635 95
0.05771501480223134 0.4422787040743767 95
0.08828101534698549 0.41484710613493003 95
0.11103104927930513 0.3806419684219094 95
0.16455104916935695 0.35591034044846837 95
0.19871920808075558 0.32053334561690067 95
0.25199144917663435 0.29247882923435414 95
0.31769009503823903 0.2617300692985349 95
0.3903513647149669 0.22617255734368585 95
0.4462335482823687 0.19420986676320265 95
0.4865799730206379 0.16197219781079755 95
0.9856127816788405 0.04164077412268119 95
1.0 0.0 95
0.731883418014311 1.0 95
0.7154405335844253 0.9589635276864507 95
0.764459254835796 0.9231255770897628 95
0.3198181848877602 0.8365271461206477 95
0.2542365676232284 0.7901569300295995 95
0.2128080253791064 0.7527125527620462 95
0.2026653239123887 0.7167726123522502 95
0.17474384593985232 0.6775254742159161 95
0.1321521273385093 0.6435501375659362 95
0.0893920263990766 0.6063710631334676 95
0.05014520903670696 0.5721457301985893 95
0.014013294101253581 0.5388566066827889 95
0.0 0.5077783015478092 95
0.9856127816788405 0.04164077412268119 95
0.013250683880437403 0.4979864591357732 95
0.05771501480223134 0.4422787040743767 95
0.31769009503823903 0.2617300692985349 95
0.7154405335844253 0.9589635276864507 95
