0.9729917107554554 1.0 95
0.7801411193625891 0.8253845945820687 95
0.5009580089836346 0.7366406982069983 95
0.3371432662643427 0.6538679436519885 95
0.15423078789349204 0.5731024352645653 95
0.0 0.49370648336256484 95
0.15047546750712398 0.4153332547756925 95
0.3483933585434672 0.33825226756178006 95
0.5995981181148322 0.25597924213217893 95
0.8540524337001825 0.17046291331135605 95
0.9782647444778694 0.08440597905289117 95
1.0 0.0 95
0.9334187056174893 1.0 40
0.1534933763282076 0.8357081117317935 40
0.4656639419253621 0.7063192472399517 40
0.9114472406122669 0.5693143615992267 40
0.6995639108028453 0.4244105429055061 40
0.26695134498301215 0.28681036560707124 40
0.0 0.1517045873651681 40
1.0 0.0 40
0.7801411193625891 0.8253845945820687 95
0.7801411193625891 0.8253845945820687 95
0.7801411193625891 0.8253845945820687 95
0.7801411193625891 0.8253845945820687 95
0.7801411193625891 0.8253845945820687 95
0.7801411193625891 0.8253845945820687 95
0.7801411193625891 0.8253845945820687 95
0.7801411193625891 0.8253845945820687 95
0.7801411193625891 0.8253845945820687 95
0.7801411193625891 0.8253845945820687 95
0.7801411193625891 0.8253845945820687 95
0.7801411193625891 0.8253845945820687 95
