0.016911726586449856 0.5026802653893233 95
0.0364982736485821 0.4735905325367985 95
0.055641610786041094 0.4450743471696373 95
0.0746250335992806 0.41640920346179966 95
0.11486707307506835 0.38700948510777294 95
0.15055008995727734 0.35462085121503567 95
0.1944058063612148 0.3267558111622143 95
0.23779138271659842 0.2954354058353212 95
0.314554877311146 0.26212804610668033 95
0.3832733693950118 0.2256315606920179 95
0.4336819172734084 0.1939892607977037 95
0.46526094469441603 0.16385824286304437 95
0.5291495752447096 0.1258462336433257 95
0.9591095015519981 0.07430771097964418 95
0.9305141636402625 0.036753458080274075 95
1.0 0.0 95
0.8427822099456244 1.0 95
0.8934228598606049 0.9646908796892453 95
0.3281143087002195 0.8574581458424478 95
0.21257651610348827 0.8096586601741428 95
0.18459632026468545 0.7745799945976026 95
0.1909916700290806 0.7360603603156669 95
0.1676015731066089 0.7039818025519768 95
0.13549617258143623 0.6640161511665599 95
0.07380923139676793 0.6321765801400568 95
0.03380525251129253 0.5973959152370031 95
0.0 0.5655345757517036 95
0.007121627575439612 0.5331178121998039 95
0.0 0.8247865722749605 40
0.0656936813344775 0.7895831531342937 40
0.16567523527719238 0.7474549472029679 40
0.3009531322939569 0.7104583523045307 40
0.4953935539812782 0.669428342781687 40
0.8039636245325015 0.628194085273751 40
1.0 0.4800838038597324 40
0.6026964072575998 0.4392582876122097 40
0.47839671408610457 0.3936379580827254 40
0.37213755843244517 0.34993916077424947 40
0.3229302187693579 0.3044598316851216 40
0.30245662132564805 0.25950112742249826 40
0.3119080697391991 0.21221797102689735 40
0.3476233677909142 0.16159329630882488 40
0.3940296997219548 0.11530894833517091 40
0.49269521822348755 0.06340916433566739 40
0.6651087800790564 0.0 40
0.19912659836656885 1.0 40
0.0734706293431691 0.9478478195253074 40
0.011077776054034044 0.8967461090556784 40
0.01438889610121256 0.8511105873403683 40
0.03380525251129253 0.5973959152370031 95
0.3281143087002195 0.8574581458424478 95
0.9591095015519981 0.07430771097964418 95
0.007121627575439612 0.5331178121998039 95
0.0746250335992806 0.41640920346179966 95
0.011077776054034044 0.8967461090556784 40
0.16567523527719238 0.7474549472029679 40
1.0 0.0 95
0.19912659836656885 1.0 40
0.4336819172734084 0.1939892607977037 95
0.47839671408610457 0.3936379580827254 40
0.13549617258143623 0.6640161511665599 95
0.46526094469441603 0.16385824286304437 95
0.01438889610121256 0.8511105873403683 40
0.3832733693950118 0.2256315606920179 95
0.37213755843244517 0.34993916077424947 40
0.19912659836656885 1.0 40
1.0 0.4800838038597324 40
0.37213755843244517 0.34993916077424947 40
0.3281143087002195 0.8574581458424478 95
0.3229302187693579 0.3044598316851216 40
0.8039636245325015 0.628194085273751 40
0.016911726586449856 0.5026802653893233 95
0.3009531322939569 0.7104583523045307 40
0.01438889610121256 0.8511105873403683 40
0.9591095015519981 0.07430771097964418 95
0.314554877311146 0.26212804610668033 95
0.4953935539812782 0.669428342781687 40
0.0364982736485821 0.4735905325367985 95
0.6651087800790564 0.0 40
0.18459632026468545 0.7745799945976026 95
0.46526094469441603 0.16385824286304437 95
0.49269521822348755 0.06340916433566739 40
0.18459632026468545 0.7745799945976026 95
0.30245662132564805 0.25950112742249826 40
0.9591095015519981 0.07430771097964418 95
0.1909916700290806 0.7360603603156669 95
0.0746250335992806 0.41640920346179966 95
0.21257651610348827 0.8096586601741428 95
0.016911726586449856 0.5026802653893233 95
0.0364982736485821 0.4735905325367985 95
0.0746250335992806 0.41640920346179966 95
1.0 0.4800838038597324 40
0.0746250335992806 0.41640920346179966 95
0.23779138271659842 0.2954354058353212 95
0.3009531322939569 0.7104583523045307 40
0.23779138271659842 0.2954354058353212 95
0.6651087800790564 0.0 40
0.1909916700290806 0.7360603603156669 95
0.016911726586449856 0.5026802653893233 95
0.0656936813344775 0.7895831531342937 40
