0.9227991801827323 0.9445185460717467 95
0.7702354954348811 0.780211232969072 95
0.4598545907145353 0.696230904944627 95
0.35461655937390585 0.6221130182231409 95
0.14570106298839094 0.5442667002701954 95
0.0 0.4689967511941619 95
0.07281652209051044 0.3960691710362718 95
0.27773861045208226 0.3199932255899544 95
0.5083802611489827 0.24188484762750867 95
0.7503774516607721 0.16522461064877872 95
0.9428147150253843 0.08145179191372923 95
0.9571943538970001 0.0 95
1.0 1.0 95
0.4026278272250556 1.0 40
0.028326892561237733 0.8413088845245602 40
0.43390179522616035 0.7165384447398834 40
0.49494390196163035 0.43648542952879826 40
0.15967261134162394 0.29556099935879965 40
0.0 0.15473419719101483 40
1.0 0.0 40
0.7702354954348811 0.780211232969072 95
0.7702354954348811 0.780211232969072 95
0.7702354954348811 0.780211232969072 95
0.7702354954348811 0.780211232969072 95
0.7702354954348811 0.780211232969072 95
0.7702354954348811 0.780211232969072 95
0.7702354954348811 0.780211232969072 95
0.7702354954348811 0.780211232969072 95
0.7702354954348811 0.780211232969072 95
0.7702354954348811 0.780211232969072 95
0.7702354954348811 0.780211232969072 95
0.7702354954348811 0.780211232969072 95
