0.007307023283750691 0.501677109973996 95
0.03094877826954537 0.4719001850294726 95
0.05154101154405714 0.44501497538789686 95
0.07046900585503361 0.41581712480982513 95
0.10303523294979301 0.3861260763757563 95
0.14921974263408344 0.3591969755666067 95
0.1851425356902949 0.3278191893950989 95
0.22468754865933538 0.29729963964626505 95
0.302768047581056 0.262745626272498 95
0.3824675241146015 0.22916812278996662 95
0.4179997452702944 0.19633603137871894 95
0.4479144051261205 0.16114411827794925 95
0.5966565092628179 0.1270009860692432 95
0.9560748286997182 0.07696448031179863 95
0.9334477389654712 0.03805818830633645 95
1.0 0.0 95
0.7279715348399657 1.0 95
0.7416516240510287 0.9600268320524104 95
0.5652545814483586 0.8950345019011418 95
0.26037414163090195 0.8229858640130214 95
0.17060577975657687 0.7779329906848084 95
0.15447562228359452 0.7410150956556872 95
0.15253530999574186 0.7078311379085264 95
0.1397225284216393 0.6747042829171807 95
0.09228573458116286 0.6381286364309832 95
0.052821468737891335 0.6099065186012937 95
0.017580525769944063 0.5711527069777439 95
0.0 0.5427954515443155 95
1.0 0.0 95
0.03094877826954537 0.4719001850294726 95
0.03094877826954537 0.4719001850294726 95
0.5966565092628179 0.1270009860692432 95
0.5652545814483586 0.8950345019011418 95
0.302768047581056 0.262745626272498 95
0.1851425356902949 0.3278191893950989 95
1.0 0.0 95
1.0 0.0 95
0.007307023283750691 0.501677109973996 95
0.26037414163090195 0.8229858640130214 95
0.22468754865933538 0.29729963964626505 95
0.22468754865933538 0.29729963964626505 95
0.7416516240510287 0.9600268320524104 95
0.4179997452702944 0.19633603137871894 95
0.302768047581056 0.262745626272498 95
0.9560748286997182 0.07696448031179863 95
0.1851425356902949 0.3278191893950989 95
0.3824675241146015 0.22916812278996662 95
0.9560748286997182 0.07696448031179863 95
0.26037414163090195 0.8229858640130214 95
0.4479144051261205 0.16114411827794925 95
0.10303523294979301 0.3861260763757563 95
0.1851425356902949 0.3278191893950989 95
0.26037414163090195 0.8229858640130214 95
0.10303523294979301 0.3861260763757563 95
0.5966565092628179 0.1270009860692432 95
0.4479144051261205 0.16114411827794925 95
1.0 0.0 95
0.9334477389654712 0.03805818830633645 95
0.05154101154405714 0.44501497538789686 95
0.302768047581056 0.262745626272498 95
0.5652545814483586 0.8950345019011418 95
0.14921974263408344 0.3591969755666067 95
0.7416516240510287 0.9600268320524104 95
0.26037414163090195 0.8229858640130214 95
