0.003393736750880266 0.49785287993426336 95
0.023724827610354497 0.47062242255629155 95
0.04638003887362977 0.4422409843277005 95
0.06731198523228622 0.4104594994106328 95
0.09116220936078334 0.384854301464367 95
0.14844935247168248 0.3511560087743382 95
0.17815803880515643 0.3211664783722562 95
0.2241010751818505 0.29091671145940573 95
0.29387381707394616 0.25733082687731806 95
0.3694879306929814 0.22442497638044906 95
0.42322099368453014 0.19497866509274464 95
0.46111505109151973 0.16266248135417138 95
0.9589338527383264 0.03481081662304874 95
1.0 0.0 95
0.7715001964525502 1.0 95
0.7492184089244086 0.9577127459986364 95
0.8193601869333839 0.9249997887927479 95
0.29215084366902444 0.8265910055150386 95
0.1846879712377096 0.7754138708606029 95
0.1564001416639949 0.7437579854127538 95
0.15805819558854428 0.7077811432638563 95
0.14358139348176938 0.6719263127927512 95
0.10344127317966957 0.6351353865996368 95
0.06319560976729693 0.6033091956573191 95
0.02581217793761962 0.5698656838295846 95
0.0 0.5412096327540806 95
1.0 0.0 95
0.29215084366902444 0.8265910055150386 95
0.04638003887362977 0.4422409843277005 95
0.14844935247168248 0.3511560087743382 95
0.42322099368453014 0.19497866509274464 95
0.29387381707394616 0.25733082687731806 95
