0.8095986180996654 0.9498324033405539 95
1.0 0.8766790021720624 95
0.6950208831386516 0.7849921573949666 95
0.45220918157127915 0.6999517491392785 95
0.30778204457635805 0.6233409504753081 95
0.13967656267420575 0.5432785272801318 95
0.0 0.4699071773285294 95
0.04233719132172678 0.3975097838852139 95
0.2088003567910921 0.32057036847641807 95
0.4383310540534388 0.24380237469781818 95
0.6404743415116979 0.16186257242732763 95
0.976649107331494 0.07767291966553984 95
0.8487774806886161 0.0 95
0.8993720207258995 1.0 95
0.19592978344676687 1.0 40
0.19903398045043724 0.8335506749259991 40
1.0 0.6810969747747355 40
0.7485217946156384 0.3341776533706695 40
0.22292627174131524 0.1687925102802434 40
0.0 0.0 40
