0.8190020675245517 1.0 95
1.0 0.9226462153696139 95
0.6399581124799835 0.8260645666676671 95
0.39687794481616534 0.7389608319401187 95
0.25695747492950116 0.6548643721732307 95
0.07770639884483085 0.5726163167640832 95
0.0 0.4964186939544408 95
0.1428509251565159 0.41695058339081575 95
0.3821535346730526 0.33971758815179104 95
0.5344454644444822 0.2591444398054356 95
0.8090063407153248 0.17021413790366402 95
0.8304276747774865 0.08664728629944501 95
0.910496569748224 0.0 95
0.59903692402216 1.0 40
0.1282646766957074 0.8431121896758339 40
0.46322584636409103 0.7155973211017773 40
0.502062507684455 0.4261290728127609 40
0.1496883546859707 0.29184185163982057 40
0.0 0.1491176994362362 40
1.0 0.0 40
1.0 0.9226462153696139 95
1.0 0.9226462153696139 95
1.0 0.9226462153696139 95
1.0 0.9226462153696139 95
1.0 0.9226462153696139 95
1.0 0.9226462153696139 95
1.0 0.9226462153696139 95
1.0 0.9226462153696139 95
1.0 0.9226462153696139 95
1.0 0.9226462153696139 95
1.0 0.9226462153696139 95
1.0 0.9226462153696139 95
