0.8318373802662912 1.0 95
0.9775753415434173 0.9204726191900914 95
0.7522250212964994 0.8296133163430749 95
0.5096155088501969 0.7388882645496309 95
0.3235592449320993 0.6526728978214199 95
0.16001375214858102 0.5721494543151777 95
0.0 0.4911809665038703 95
0.06213083644184571 0.4178078694601888 95
0.18246602328847356 0.3375290573835202 95
0.4520031256545335 0.25576695136959876 95
0.6339558741944865 0.17330521723357376 95
1.0 0.0827379078201667 95
0.8185632775201189 0.0 95
1.0 1.0 40
0.0 0.8210784173235377 40
0.38287737143862294 0.696163827522997 40
0.7845946565141032 0.5641932779024761 40
0.6763226632908845 0.4288584717636299 40
0.3391919494700898 0.2847622683680634 40
0.04296765062605843 0.14567693500943327 40
0.7014158482061689 0.0 40
0.9775753415434173 0.9204726191900914 95
0.9775753415434173 0.9204726191900914 95
0.9775753415434173 0.9204726191900914 95
0.9775753415434173 0.9204726191900914 95
0.9775753415434173 0.9204726191900914 95
0.9775753415434173 0.9204726191900914 95
0.9775753415434173 0.9204726191900914 95
0.9775753415434173 0.9204726191900914 95
0.9775753415434173 0.9204726191900914 95
0.9775753415434173 0.9204726191900914 95
0.9775753415434173 0.9204726191900914 95
