0.7585912655588734 1.0 95
0.8541948579848374 0.9255341101675585 95
0.730375132665994 0.8445143299819694 95
0.5005432061686477 0.7620882493862589 95
0.3142230626747222 0.682886777730218 95
0.1642727158461262 0.6059190003282884 95
0.0 0.5335336026866893 95
0.01207322417720444 0.4653857144153184 95
0.14779754834781858 0.3918054448990968 95
0.36780741616183993 0.3184599789939141 95
0.5598840653668643 0.2392390594641914 95
0.7890088437208194 0.1597224934704011 95
0.7689566819311432 0.08645259277889804 95
1.0 0.0 95
0.0 1.0 40
0.49210470186266947 0.8486665610775386 40
1.0 0.6830258836654275 40
0.5060477224837893 0.33570442542874523 40
0.1104576861383636 0.1679058480164448 40
0.2799726591963942 0.0 40
