0.02503607710233679 0.4975027253838274 95
0.04738120640550618 0.4667538683767456 95
0.06859563299765455 0.43824149782104493 95
0.09141962523964947 0.4106009326737764 95
0.12615406480757269 0.38207760933136037 95
0.16459648629252352 0.3506362223190833 95
0.1929638614356807 0.3244646215802223 95
0.24253861535320614 0.2925804909538331 95
0.30738407789519523 0.259982985928209 95
0.3875264487553476 0.22671713182586467 95
0.4288189541710997 0.19282792727786294 95
0.4607903646543656 0.16166716648153842 95
0.5495302496816332 0.12406845939766516 95
0.9668145559173388 0.0747228256200546 95
0.926606091483509 0.03716554515283316 95
1.0 0.0 95
0.7332642651766784 1.0 95
0.7016978410108401 0.9566737130727311 95
0.764125079745751 0.9253778943067741 95
0.3108824062634957 0.836248353768884 95
0.2118712743059299 0.7881137179907454 95
0.1637465547795473 0.7496858003011948 95
0.1430212805251278 0.7142271212771226 95
0.1371577780585699 0.682072982812762 95
0.1157565219951528 0.6482489952585873 95
0.07397271202148907 0.6135447140257329 95
0.03325409965799454 0.5758886599987086 95
0.0 0.548610733331349 95
0.02503607710233679 0.4975027253838274 95
0.24253861535320614 0.2925804909538331 95
0.764125079745751 0.9253778943067741 95
0.16459648629252352 0.3506362223190833 95
