0.8481994667057742 1.0 95
0.8829041181208968 0.9169594515494668 95
0.6389178862798235 0.8280653911553687 95
0.38075797668366645 0.7413960139438814 95
0.23914747228978991 0.6596374415316923 95
0.027109482331483338 0.5785443143784083 95
0.0 0.5009621817246166 95
0.13272369818373603 0.4216490754102744 95
0.38510649353245735 0.34076169948104584 95
0.555081394705346 0.2609992811489756 95
0.84585479683169 0.1748568167604603 95
0.801595219192484 0.0906053099684674 95
1.0 0.0 95
0.9450296901272253 1.0 40
0.0 0.833566290800155 40
0.44960957567705817 0.7091276261648725 40
0.9682357461474455 0.5713219406392803 40
0.7587553496721176 0.4326397120576212 40
0.2819314670375024 0.28821045297450903 40
0.05707465842264814 0.15406244718602813 40
1.0 0.0 40
0.8829041181208968 0.9169594515494668 95
0.8829041181208968 0.9169594515494668 95
0.8829041181208968 0.9169594515494668 95
0.8829041181208968 0.9169594515494668 95
0.8829041181208968 0.9169594515494668 95
0.8829041181208968 0.9169594515494668 95
0.8829041181208968 0.9169594515494668 95
0.8829041181208968 0.9169594515494668 95
0.8829041181208968 0.9169594515494668 95
0.8829041181208968 0.9169594515494668 95
0.8829041181208968 0.9169594515494668 95
