0.030729116662683298 0.49823770967355463 95
0.05171985444687291 0.4696273653650778 95
0.07504936142315634 0.43880097014621017 95
0.09786232868882597 0.4070489234351743 95
0.13015851918487797 0.3789908704245131 95
0.16020361760681504 0.34949919921026634 95
0.19610998034829366 0.3188632241013298 95
0.25701174455391973 0.2895694204817677 95
0.32796931528000495 0.2589235027566255 95
0.41107366360951636 0.2213297313588832 95
0.44032582334844994 0.18879523480350222 95
0.4690376226267927 0.15612743812162833 95
0.5949288098046985 0.11966352908355904 95
0.984116024258205 0.06918862857546841 95
0.9435735498422853 0.036705802012222864 95
1.0 0.0 95
0.7191373456812895 1.0 95
0.7044050658303256 0.9536019773298993 95
0.7766792954085664 0.9206873508786292 95
0.29674869925214337 0.8320131293837328 95
0.17478922319696594 0.7838281980999734 95
0.14878288243156487 0.7428262359429008 95
0.13970126317388598 0.7094357504246961 95
0.1285122781424361 0.6753063687084778 95
0.09197877340820683 0.6449924479136926 95
0.058564449889057915 0.6104476856836341 95
0.028262296389567745 0.5764681679321682 95
0.0 0.548911613995246 95
0.030729116662683298 0.49823770967355463 95
0.32796931528000495 0.2589235027566255 95
0.25701174455391973 0.2895694204817677 95
0.07504936142315634 0.43880097014621017 95
