0.00028413569324934186 0.49413995479478423 95
0.022227385863171915 0.4658385118581236 95
0.04180091329248194 0.4373461682927192 95
0.07454328682306084 0.4053831229829063 95
0.10802645135215881 0.3790365941515522 95
0.14381045508484183 0.3477424185059209 95
0.17697723234141305 0.3188553483560504 95
0.22434288684978643 0.28649850445007746 95
0.29927706503128376 0.25588028362688864 95
0.3780425690076217 0.22456323654107574 95
0.41608059057761937 0.18886437121124744 95
0.45216656539656647 0.15559252077731162 95
0.551011019673079 0.12328503191716307 95
0.9994006809250272 0.06823401610828914 95
0.9605566603431064 0.0353300045557474 95
1.0 0.0 95
0.742320880918549 1.0 95
0.7050262553797667 0.9509036589723378 95
0.7847118809716895 0.9224773698577401 95
0.2922230504831732 0.830975450672383 95
0.17179217745378011 0.7789187344457333 95
0.1441579584925196 0.745600752893089 95
0.14110880055525207 0.7118577048882785 95
0.13999461261402313 0.6776034579427831 95
0.09479387571184834 0.6425477132089276 95
0.06320856808749145 0.6059231867614366 95
0.030663762847614406 0.5754322052008098 95
0.000887207657844879 0.5435647602795542 95
0.0 0.5087912965068782 95
0.07454328682306084 0.4053831229829063 95
0.17697723234141305 0.3188553483560504 95
0.551011019673079 0.12328503191716307 95
0.022227385863171915 0.4658385118581236 95
0.9994006809250272 0.06823401610828914 95
0.07454328682306084 0.4053831229829063 95
0.04180091329248194 0.4373461682927192 95
0.00028413569324934186 0.49413995479478423 95
0.022227385863171915 0.4658385118581236 95
0.07454328682306084 0.4053831229829063 95
0.551011019673079 0.12328503191716307 95
0.022227385863171915 0.4658385118581236 95
0.2922230504831732 0.830975450672383 95
0.14381045508484183 0.3477424185059209 95
0.9994006809250272 0.06823401610828914 95
0.022227385863171915 0.4658385118581236 95
0.17697723234141305 0.3188553483560504 95
0.7050262553797667 0.9509036589723378 95
0.07454328682306084 0.4053831229829063 95
0.41608059057761937 0.18886437121124744 95
0.10802645135215881 0.3790365941515522 95
0.29927706503128376 0.25588028362688864 95
0.9994006809250272 0.06823401610828914 95
0.04180091329248194 0.4373461682927192 95
1.0 0.0 95
0.551011019673079 0.12328503191716307 95
0.45216656539656647 0.15559252077731162 95
0.3780425690076217 0.22456323654107574 95
0.551011019673079 0.12328503191716307 95
0.3780425690076217 0.22456323654107574 95
0.41608059057761937 0.18886437121124744 95
0.29927706503128376 0.25588028362688864 95
0.7050262553797667 0.9509036589723378 95
0.45216656539656647 0.15559252077731162 95
0.022227385863171915 0.4658385118581236 95
