0.8302606935403034 1.0 95
0.9475667359336704 0.9236374480749727 95
0.82145002888225 0.844534158242746 95
0.5764446226895193 0.7620015123152597 95
0.3954294360779277 0.6814148470722227 95
0.24310670743016544 0.6071146417127136 95
0.0 0.5345527535733936 95
0.057922610488506214 0.46509566443666434 95
0.205909019183652 0.39406487632096904 95
0.44670285266736814 0.3162007865616451 95
0.6150150261771475 0.24269929236003707 95
0.8624985722788787 0.15840665893389513 95
0.7869596325420296 0.08443157398245248 95
1.0 0.0 95
0.5752665273713601 1.0 40
0.07923638414902488 0.8408167630936264 40
0.4445208868799321 0.7127198321161856 40
0.4690859034037157 0.4317200050459071 40
0.10781916945387957 0.29461853677003647 40
0.0 0.1533065455640413 40
1.0 0.0 40
