0.7244785992570834 1.0 95
0.9481023879373461 0.9235962457938066 95
0.6894236910301642 0.8280579151566453 95
0.4459504563749337 0.7387183746186445 95
0.2983019167279027 0.6580914694024603 95
0.17117513131048553 0.5751150018355586 95
0.0 0.4948014500505434 95
0.021201023691201828 0.4194814014766675 95
0.1834489245484156 0.33952659564679494 95
0.419417377277251 0.2597416944258972 95
0.6313445651093107 0.17445540358345465 95
1.0 0.07928545903237218 95
0.8004198538599193 0.0 95
1.0 1.0 40
0.0 0.8264819679772771 40
0.444487124266154 0.7006587628313746 40
0.877866811298514 0.5650440033207825 40
0.7210874008922956 0.4259703300664161 40
0.3092151881339579 0.28233200284360604 40
0.05626136171168991 0.14630459490977946 40
0.8352157863666927 0.0 40
0.9481023879373461 0.9235962457938066 95
0.9481023879373461 0.9235962457938066 95
0.9481023879373461 0.9235962457938066 95
0.9481023879373461 0.9235962457938066 95
0.9481023879373461 0.9235962457938066 95
0.9481023879373461 0.9235962457938066 95
0.9481023879373461 0.9235962457938066 95
0.9481023879373461 0.9235962457938066 95
0.9481023879373461 0.9235962457938066 95
0.9481023879373461 0.9235962457938066 95
0.9481023879373461 0.9235962457938066 95
