0.012600613607823512 0.5368512633546814 95
0.03318200473441081 0.5068112142460749 95
0.05006776397162214 0.47477352002245077 95
0.07455665565919782 0.4476341297804727 95
0.09525315088464505 0.42089448214331104 95
0.13096643978944647 0.3900994025843227 95
0.1569038299338581 0.3588235823479328 95
0.19342656056153407 0.32774555230547153 95
0.25222063462347266 0.299334858370631 95
0.2943461925579866 0.2634553297976855 95
0.34738273445556 0.23541822452113803 95
0.3782612822404189 0.20251104451713683 95
0.8335542550197689 0.07909962437596388 95
0.8409667079321583 0.04450891910610227 95
1.0 0.0 95
0.6105358252372768 1.0 95
0.6548461865675146 0.9624129693126772 95
0.2876526362247035 0.8782767281120172 95
0.21317306693449756 0.8304211014231203 95
0.16429326150890552 0.7902885329097445 95
0.1630521008527301 0.760087662450133 95
0.15205292404994808 0.7233331589702346 95
0.13228169472129872 0.6892152483059706 95
0.07957390759083817 0.6553669411353198 95
0.053215999013133224 0.6180463874324692 95
0.019224201909832057 0.5857590625076438 95
0.0 0.5569756422147397 95
0.2943461925579866 0.2634553297976855 95
1.0 0.0 95
0.13096643978944647 0.3900994025843227 95
0.2943461925579866 0.2634553297976855 95
0.21317306693449756 0.8304211014231203 95
0.012600613607823512 0.5368512633546814 95
0.09525315088464505 0.42089448214331104 95
0.19342656056153407 0.32774555230547153 95
0.2876526362247035 0.8782767281120172 95
0.3782612822404189 0.20251104451713683 95
1.0 0.0 95
0.3782612822404189 0.20251104451713683 95
0.3782612822404189 0.20251104451713683 95
0.2876526362247035 0.8782767281120172 95
0.19342656056153407 0.32774555230547153 95
0.34738273445556 0.23541822452113803 95
0.2943461925579866 0.2634553297976855 95
0.09525315088464505 0.42089448214331104 95
0.21317306693449756 0.8304211014231203 95
0.6548461865675146 0.9624129693126772 95
0.07455665565919782 0.4476341297804727 95
0.8335542550197689 0.07909962437596388 95
0.03318200473441081 0.5068112142460749 95
0.8335542550197689 0.07909962437596388 95
0.1569038299338581 0.3588235823479328 95
0.1569038299338581 0.3588235823479328 95
0.25222063462347266 0.299334858370631 95
0.6105358252372768 1.0 95
0.2876526362247035 0.8782767281120172 95
0.6548461865675146 0.9624129693126772 95
0.13096643978944647 0.3900994025843227 95
0.3782612822404189 0.20251104451713683 95
0.05006776397162214 0.47477352002245077 95
0.8409667079321583 0.04450891910610227 95
0.6105358252372768 1.0 95
0.1569038299338581 0.3588235823479328 95
0.13096643978944647 0.3900994025843227 95
