0.81977304067296 0.9319714015206256 95
1.0 0.859713976107393 95
0.6973963497226134 0.7721353788584802 95
0.5059356496120073 0.691838349910175 95
0.3302199985052563 0.6092031865102239 95
0.13436984737379926 0.5341120812754648 95
0.0 0.4607396745076291 95
0.12910917561353297 0.38918717183399154 95
0.37975115872562243 0.3144930260117901 95
0.5377334971610046 0.23734810169875195 95
0.7831536647728929 0.1585410816266748 95
0.8844867964329572 0.07624820641594642 95
0.9013397939740277 0.0 95
0.9166835376580589 1.0 95
0.8560946712044697 1.0 40
0.012990121513290258 0.8321948941539671 40
0.478817474084601 0.7104679040119593 40
1.0 0.5718393523738656 40
0.675703984234944 0.4325134334018118 40
0.24885794766267613 0.2851193079516421 40
0.0 0.15122640965965892 40
0.950641413104223 0.0 40
1.0 0.859713976107393 95
1.0 0.859713976107393 95
1.0 0.859713976107393 95
1.0 0.859713976107393 95
1.0 0.859713976107393 95
1.0 0.859713976107393 95
1.0 0.859713976107393 95
1.0 0.859713976107393 95
1.0 0.859713976107393 95
1.0 0.859713976107393 95
