0.8903536232003064 1.0 95
1.0 0.921772517542984 95
0.7106964601525853 0.8298736957390465 95
0.4828000202094535 0.7402701183473025 95
0.3199020565085576 0.6565075561599126 95
0.0731934150770591 0.5781592889157284 95
0.0 0.49918388000201114 95
0.14570454669808205 0.4214263390436783 95
0.42792976380559644 0.3418738216447714 95
0.5749006498653362 0.2603496114139562 95
0.8531802660028135 0.1744382087212106 95
0.8766960935769188 0.08587188724577524 95
0.9900673373436982 0.0 95
0.6786542167898726 1.0 40
0.03328073005280011 0.8363509991929889 40
0.49117415617609234 0.709375301122694 40
0.9276412221029275 0.5816099685680275 40
0.5366770230384218 0.433412609943755 40
0.12283966072211826 0.2889187233676237 40
0.0 0.15339113787872236 40
1.0 0.0 40
