0.9454883236317105 1.0 95
0.8940788121810858 0.9215750023355074 95
0.945639637532511 0.8452372787376139 95
0.649751523668478 0.7594421955770856 95
0.46358927006764944 0.6800537242551741 95
0.29536770306326676 0.6040955710968181 95
0.013668288361979836 0.5305828920153868 95
0.0 0.4582568210505907 95
0.15691956578590086 0.3856299667329581 95
0.43716681043404526 0.31291531402217315 95
0.5888500876666996 0.23757007682923972 95
0.8789233754271515 0.15510630328706176 95
0.7991687272386393 0.08007496930672998 95
1.0 0.0 95
0.5276484288219702 1.0 40
0.023917770428991483 0.8326389976945023 40
0.37957987017088324 0.708558170310775 40
0.4476777373948895 0.43774609990686014 40
0.10193022907070504 0.29718241645732757 40
0.0 0.16063902681386677 40
1.0 0.0 40
