0.7521454808182971 1.0 95
1.0 0.924238893267515 95
0.7087827225259016 0.8278547934843632 95
0.4453235081486866 0.7404399512860917 95
0.296838107595617 0.6539795259058317 95
0.1406349652851566 0.5753118657411569 95
0.0 0.49432014531773866 95
0.06064724624492543 0.41687396364173845 95
0.2072779028011854 0.3383711958572592 95
0.4807287332701792 0.25623381734450923 95
0.6904410001861317 0.17087398315170851 95
0.7953659549246361 0.0 95
0.9245268627190012 1.0 40
0.0 0.8293932797823773 40
0.5119274479180642 0.7045400994155075 40
0.9441659851475112 0.5705097999470693 40
0.7354795163887373 0.4305081468285092 40
0.3067274908517747 0.28790253811211536 40
0.06661242786916159 0.14762082030131746 40
1.0 0.0 40
