0.8445096442760593 1.0 95
0.8369804262625398 0.92165724503091 95
0.8260576748938769 0.8446937691265178 95
0.5636350103244953 0.7615519302340458 95
0.38146487736260226 0.6825527896357593 95
0.25644887278063383 0.6075516375385602 95
0.0 0.5329292967415031 95
0.018214065489831045 0.4617706235492818 95
0.17864663838023115 0.38992951711438323 95
0.4420523983406176 0.3152729726661779 95
0.5879673577100023 0.24052469260470832 95
0.8447542339742558 0.1579919102028246 95
0.8061819971590211 0.08453775422727201 95
1.0 0.0 95
1.0 1.0 40
0.0 0.8135002589455009 40
0.36454865187046653 0.6920041396972145 40
0.6684085725337637 0.5592607806767868 40
0.36387067747657775 0.2803806470531209 40
0.0656993884064547 0.14404663173013124 40
0.5544685081981402 0.0 40
0.8369804262625398 0.92165724503091 95
0.8369804262625398 0.92165724503091 95
0.8369804262625398 0.92165724503091 95
0.8369804262625398 0.92165724503091 95
0.8369804262625398 0.92165724503091 95
0.8369804262625398 0.92165724503091 95
0.8369804262625398 0.92165724503091 95
0.8369804262625398 0.92165724503091 95
0.8369804262625398 0.92165724503091 95
0.8369804262625398 0.92165724503091 95
0.8369804262625398 0.92165724503091 95
