0.012990085634905243 0.4976506229111793 95
0.040097418307474146 0.46794160973120097 95
0.06082389535513696 0.43614444372218714 95
0.08794412850580628 0.41130071602536766 95
0.1162524587469106 0.3784584905390092 95
0.14567326527062385 0.34775823005922946 95
0.17250297790567454 0.3184881720492332 95
0.21599061250291474 0.28832221537585634 95
0.28105402586428674 0.2604933528008239 95
0.34817988263226207 0.22513296544173964 95
0.3863985660011511 0.19487026552668563 95
0.42658752616686846 0.1601364131457437 95
0.5228987597148868 0.12306386337792767 95
1.0 0.073266749890626 95
0.942840280701378 0.03827768612075705 95
0.9822303552112336 0.0 95
0.742749088030435 1.0 95
0.6829172570875044 0.9491975497177287 95
0.73813225353874 0.9187264005459076 95
0.3076828441199221 0.8292122502759972 95
0.2183090920744587 0.7829984962694023 95
0.18634084275277973 0.749728661792193 95
0.188345590176818 0.7155980153877183 95
0.16402965217045104 0.6804633056081266 95
0.12737292470661313 0.6460391590268657 95
0.07517313402035593 0.6112026312650313 95
0.043626398734819674 0.5737101530587484 95
0.003472016162184642 0.5448062937451762 95
0.0 0.5157901821677944 95
0.10927948688147701 0.7957808433808574 40
0.2382429287048916 0.7554268171899514 40
0.4045517690793125 0.7187568019412635 40
0.6479024728842955 0.6721441291797139 40
1.0 0.6290031109375285 40
0.782149933457898 0.4355898300793391 40
0.6190108316129509 0.3898108383076042 40
0.4967184410579549 0.3439860628800921 40
0.4117101744966502 0.30293952235788313 40
0.38355091348374815 0.25922099947255134 40
0.3722599584779119 0.20867548983251913 40
0.42035025138969295 0.15975628258683872 40
0.4939663103652916 0.1106651922018858 40
0.5935334589494398 0.055196030899874945 40
0.7598156540145964 0.0 40
0.2300298716567996 1.0 40
0.038649233412429214 0.9405991648240742 40
0.0 0.8911551447688053 40
0.02520252221547128 0.853037192336249 40
0.6479024728842955 0.6721441291797139 40
0.003472016162184642 0.5448062937451762 95
0.3722599584779119 0.20867548983251913 40
1.0 0.073266749890626 95
0.17250297790567454 0.3184881720492332 95
0.18634084275277973 0.749728661792193 95
0.16402965217045104 0.6804633056081266 95
0.003472016162184642 0.5448062937451762 95
0.942840280701378 0.03827768612075705 95
0.5228987597148868 0.12306386337792767 95
0.4045517690793125 0.7187568019412635 40
0.14567326527062385 0.34775823005922946 95
0.12737292470661313 0.6460391590268657 95
0.4117101744966502 0.30293952235788313 40
0.17250297790567454 0.3184881720492332 95
1.0 0.073266749890626 95
