0.012297137243180921 0.5002781675667525 95
0.041130290891101456 0.4710232191767118 95
0.04945505484413932 0.43826671052354377 95
0.07562305926472568 0.4064727340058823 95
0.1150203314536081 0.381636209312384 95
0.14658089216380862 0.3502754897996404 95
0.17340868400843384 0.32033642258792416 95
0.22305585999890543 0.2905294623870591 95
0.2864563841817425 0.25724039333331394 95
0.34693772750423063 0.22345747077208863 95
0.39119971615626886 0.19305558508116177 95
0.4255045569502 0.15964873633382948 95
0.48673367372367266 0.12210093769585599 95
1.0 0.06877571856659465 95
0.9388080368012571 0.03531524199325233 95
0.9655940125234779 0.0 95
0.7180468862589817 1.0 95
0.6774534845810272 0.9528304985138193 95
0.7307358435233426 0.9195601547769298 95
0.2936730830795592 0.8351596021195619 95
0.2104038115839738 0.78840306076065 95
0.1888685126435114 0.7480416471383635 95
0.18090841509949507 0.7143520121116872 95
0.16075549863653044 0.6814827645470392 95
0.12869160341396482 0.6469506673487646 95
0.07286072133625131 0.6118296040301717 95
0.05005057531548361 0.5743462892153891 95
0.012391400015485167 0.545523587504486 95
0.0 0.5129574705997257 95
0.2936730830795592 0.8351596021195619 95
0.041130290891101456 0.4710232191767118 95
0.07562305926472568 0.4064727340058823 95
