0.8448502197970658 1.0 95
0.9891410398930163 0.9200499987511157 95
0.79749454229556 0.8284289498390729 95
0.5500596568381151 0.7384799703184389 95
0.34692478684261857 0.6573405414802087 95
0.18040024292060503 0.5745732430656205 95
0.0 0.49400479160423605 95
0.038488603201569035 0.4177221887039081 95
0.18624510284982654 0.338060041734828 95
0.43027695047893305 0.25677942865954195 95
0.6772679966095823 0.17127101584771126 95
1.0 0.08124503901082061 95
0.879846031270313 0.0 95
0.5692010648211192 1.0 40
0.0 0.8199622690035006 40
0.977706672101193 0.6646492100101797 40
1.0 0.3319518686762561 40
0.3212678600273031 0.1557025419784048 40
0.012397921639635988 0.0 40
