0.7745815554785337 1.0 95
0.8141513885410285 0.9246148817300419 95
0.7475384493773284 0.8458421926254062 95
0.5104553643529244 0.7632957205399007 95
0.3382497282415132 0.6819997166125515 95
0.21899964112158365 0.6064498713147404 95
0.0 0.534767122502822 95
0.022467646118380046 0.4645449962247524 95
0.20048098223509295 0.3942102375152412 95
0.41229522726202344 0.31747603627786275 95
0.5969018197446632 0.24353140273969762 95
0.8342585846215566 0.1618547024246271 95
0.762334116168783 0.08684565026107346 95
1.0 0.0 95
1.0 1.0 40
0.0 0.8242884198669199 40
0.3957077102739495 0.6977934005605523 40
0.7180366934383697 0.5647443180541533 40
0.37943790392844007 0.28374368513887305 40
0.06947456948038047 0.14382966732418004 40
0.6703663914172062 0.0 40
