0.7558890148149593 1.0 95
1.0 0.9252414249456129 95
0.7355390322476538 0.828134156101281 95
0.4947794172725077 0.7405127761784699 95
0.33016225760768186 0.6556987817272513 95
0.16628687173245763 0.5752046561660933 95
0.0 0.4934066060785958 95
0.12058408724802959 0.4185473109363579 95
0.3084151889956466 0.3402862020430481 95
0.5230707972921963 0.2569792508460859 95
0.7506666683257417 0.17114385913263325 95
0.8898002504852862 0.0838126224503432 95
0.9061139250610014 0.0 95
0.07053435271194662 1.0 40
0.5487546017088031 0.8374087260070081 40
1.0 0.6805604632279599 40
0.625512634729432 0.3334693017575163 40
0.17847971559281162 0.16486359054213492 40
0.0 0.0 40
1.0 0.9252414249456129 95
1.0 0.9252414249456129 95
1.0 0.9252414249456129 95
1.0 0.9252414249456129 95
1.0 0.9252414249456129 95
1.0 0.9252414249456129 95
1.0 0.9252414249456129 95
1.0 0.9252414249456129 95
1.0 0.9252414249456129 95
1.0 0.9252414249456129 95
1.0 0.9252414249456129 95
1.0 0.9252414249456129 95
1.0 0.9252414249456129 95
