0.8074316872966762 1.0 95
1.0 0.9241759808344459 95
0.6764699159299744 0.8248218694365542 95
0.4807949698331355 0.7404357320651915 95
0.31502667276619956 0.6582947133237446 95
0.08534951686709845 0.5726103108043749 95
0.0 0.49730568388576085 95
0.11985962154169759 0.4208387565521313 95
0.39892110037440853 0.33788419934100955 95
0.5542587805446597 0.2553874540002751 95
0.8338129018398855 0.16928518949517735 95
0.9058368504917796 0.08601503461140093 95
0.9119622386467037 0.0 95
1.0 1.0 40
0.0430331268002034 0.8118509117109455 40
0.808989830494023 0.6603489570033001 40
0.8875992024614757 0.33081318016473354 40
0.17914868387834218 0.15561469542023 40
0.0 0.0 40
