0.934223655032163 1.0 95
1.0 0.9180156151813442 95
0.8552755277934461 0.82661844394445 95
0.5837821794689368 0.7385643708039153 95
0.4160651621186614 0.6540621031649152 95
0.25390247646794223 0.5692313090076583 95
0.0 0.4900487666420283 95
0.05660305416245691 0.41132088009744744 95
0.2264902347180329 0.33437652564550885 95
0.4915667917619926 0.2489865807159984 95
0.681238212074639 0.16734034244658194 95
0.9859362794656835 0.0768297610669299 95
0.8624199276502501 0.0 95
0.6207671856515558 1.0 40
0.0328511545211557 0.8382537162023479 40
0.4398822356448545 0.716192211376888 40
0.488525981197167 0.4311113393806722 40
0.12004301994443423 0.2899108508553559 40
0.0 0.15933496865355012 40
1.0 0.0 40
1.0 0.9180156151813442 95
1.0 0.9180156151813442 95
1.0 0.9180156151813442 95
1.0 0.9180156151813442 95
1.0 0.9180156151813442 95
1.0 0.9180156151813442 95
1.0 0.9180156151813442 95
1.0 0.9180156151813442 95
1.0 0.9180156151813442 95
1.0 0.9180156151813442 95
1.0 0.9180156151813442 95
1.0 0.9180156151813442 95
