0.0034745245871934055 0.4954961848230095 95
0.024412532306653693 0.46422072412684773 95
0.048366803895533245 0.43496250310705775 95
0.0783671041357844 0.40592116918533805 95
0.11424936256657352 0.3801423374375106 95
0.14592794123756178 0.3504570910197154 95
0.1900092991972077 0.3181644599949925 95
0.2573234642232309 0.28606047539396046 95
0.32972309976251585 0.25888263536692074 95
0.3919900070301517 0.2270066747049554 95
0.43376029106573927 0.18955449890952628 95
0.9451353364248767 0.07583667211884924 95
0.9102848915981283 0.038815806327929255 95
1.0 0.0 95
0.7768826068579955 1.0 95
0.7255474408687529 0.9566368602528696 95
0.789722012669447 0.9230220154357546 95
0.31004327261202946 0.8311519150652408 95
0.23147591247521607 0.7860147203452055 95
0.1842424073492966 0.7497580926281797 95
0.18112153906293071 0.7161513730065084 95
0.16203074195219197 0.6842549553209382 95
0.12912380514766178 0.6498645067641212 95
0.06664727816637592 0.6124939325551243 95
0.045964111919947565 0.5771307271690691 95
0.0 0.5488070914073028 95
0.15734215306414792 0.7698519425644322 40
0.2557299227650393 0.7329772799167927 40
0.38999134091591486 0.6916038829973138 40
0.5858993160670418 0.6508631769499574 40
0.9210679770045629 0.6145477839118393 40
1.0 0.4654025114476428 40
0.5948883308064402 0.42437872059362963 40
0.4662042384956598 0.3794948725236665 40
0.36436048008000604 0.3363452243582763 40
0.3140891873016505 0.29786865296234893 40
0.28242702299152705 0.2526515447158567 40
0.30102493221233534 0.20832117925989457 40
0.3380481590176016 0.1621840065522687 40
0.3922646366285091 0.11279903883167282 40
0.4745664761722833 0.05825731986662328 40
0.6458691589205792 0.0 40
0.22169289713374327 1.0 40
0.05290037989912932 0.9417475735383999 40
0.0023618783806614013 0.8914915484635278 40
0.0 0.8476689305368414 40
0.04635015970556602 0.8110975834640957 40
0.18112153906293071 0.7161513730065084 95
0.3140891873016505 0.29786865296234893 40
0.7768826068579955 1.0 95
0.32972309976251585 0.25888263536692074 95
0.9210679770045629 0.6145477839118393 40
0.0 0.5488070914073028 95
0.15734215306414792 0.7698519425644322 40
0.30102493221233534 0.20832117925989457 40
0.4662042384956598 0.3794948725236665 40
0.7768826068579955 1.0 95
1.0 0.4654025114476428 40
0.5948883308064402 0.42437872059362963 40
0.36436048008000604 0.3363452243582763 40
0.3140891873016505 0.29786865296234893 40
0.9210679770045629 0.6145477839118393 40
0.4662042384956598 0.3794948725236665 40
0.0034745245871934055 0.4954961848230095 95
0.5858993160670418 0.6508631769499574 40
0.0034745245871934055 0.4954961848230095 95
0.3919900070301517 0.2270066747049554 95
0.7768826068579955 1.0 95
0.5948883308064402 0.42437872059362963 40
0.2573234642232309 0.28606047539396046 95
0.3919900070301517 0.2270066747049554 95
0.3140891873016505 0.29786865296234893 40
0.28242702299152705 0.2526515447158567 40
0.0 0.5488070914073028 95
0.048366803895533245 0.43496250310705775 95
0.7255474408687529 0.9566368602528696 95
0.15734215306414792 0.7698519425644322 40
0.15734215306414792 0.7698519425644322 40
0.14592794123756178 0.3504570910197154 95
0.43376029106573927 0.18955449890952628 95
0.9451353364248767 0.07583667211884924 95
0.9210679770045629 0.6145477839118393 40
0.4662042384956598 0.3794948725236665 40
0.1842424073492966 0.7497580926281797 95
0.15734215306414792 0.7698519425644322 40
0.7768826068579955 1.0 95
0.18112153906293071 0.7161513730065084 95
0.2557299227650393 0.7329772799167927 40
0.31004327261202946 0.8311519150652408 95
0.0783671041357844 0.40592116918533805 95
0.16203074195219197 0.6842549553209382 95
0.14592794123756178 0.3504570910197154 95
0.9451353364248767 0.07583667211884924 95
0.4662042384956598 0.3794948725236665 40
0.4662042384956598 0.3794948725236665 40
0.0034745245871934055 0.4954961848230095 95
0.024412532306653693 0.46422072412684773 95
0.3380481590176016 0.1621840065522687 40
0.2557299227650393 0.7329772799167927 40
1.0 0.4654025114476428 40
