0.9461999313767415 0.943620063506352 95
0.724105047209376 0.7778228158347382 95
0.4568820883203746 0.6942195680688834 95
0.2916925640750978 0.6124569965584267 95
0.08507051980785597 0.5377154746741192 95
0.0 0.4628225576242944 95
0.06892264986542213 0.39414290533703217 95
0.27512534249823095 0.3172654968628039 95
0.5147888873595315 0.23830078394168497 95
0.7830328405827399 0.1567556685781304 95
0.9779267722433772 0.07760768008227391 95
0.9880873765935404 0.0 95
1.0 1.0 95
0.7403739306998355 1.0 40
0.12628611778492535 0.8380960882076384 40
0.4366171028562418 0.7064831295773513 40
0.9498873870069511 0.5752805072962502 40
0.5892718860432932 0.4281627025770677 40
0.1727035985130745 0.29395563276878445 40
0.0 0.15636128544435196 40
1.0 0.0 40
