0.007433715235222029 0.5365471715271845 95
0.0337805317271225 0.5083202199865531 95
0.05064957906306049 0.4764895120521214 95
0.06819288655637291 0.44740166064906584 95
0.08528413847492133 0.4192310647906504 95
0.1269210772825869 0.38849049703636085 95
0.15985762728936165 0.3594090122938047 95
0.1988539157936146 0.33167605810473844 95
0.2615742977588337 0.2990613115791581 95
0.32709458202759095 0.26397214083831133 95
0.38184500697789503 0.23005704991390272 95
0.4166195426675723 0.19905120745789234 95
0.9050745231267989 0.08047418099464934 95
0.8827120025104432 0.041436122519581224 95
1.0 0.0 95
0.7112551233149792 1.0 95
0.7197481621086786 0.9614085597720051 95
0.5833211615104656 0.9061649409639607 95
0.27393800734964174 0.831850568331724 95
0.1961482272816399 0.7879404399025828 95
0.1718648045096526 0.7570568609472955 95
0.18107217195364195 0.7199989149703778 95
0.15513527164728172 0.6829304702338094 95
0.10571397602037938 0.6505030669259122 95
0.06478298719567098 0.6175708527152224 95
0.03187078344788927 0.584362045858871 95
0.0 0.551885661618492 95
0.0337805317271225 0.5083202199865531 95
0.7112551233149792 1.0 95
0.9050745231267989 0.08047418099464934 95
0.32709458202759095 0.26397214083831133 95
0.05064957906306049 0.4764895120521214 95
