0.02246395479072789 0.5089219321881946 95
0.04444432469460964 0.47774960568883285 95
0.06535638831111747 0.4481865205385219 95
0.0836106866988402 0.4194941537501728 95
0.12093715751115157 0.3892881034008318 95
0.1449821278522154 0.3579381801513451 95
0.18543941867968247 0.32613482937356436 95
0.23802751431977814 0.29395854099486246 95
0.3178061759005144 0.26159420638948583 95
0.3836431444549995 0.227366651134322 95
0.42474377447600314 0.19685012329269658 95
0.4524378744733384 0.16152788313900837 95
0.9167014761451143 0.11326385834990337 95
0.9681991760634249 0.07613842290111135 95
0.9226699725414936 0.038359046510392465 95
1.0 0.0 95
0.7622314090035754 1.0 95
0.7604028584828901 0.9603177811956084 95
0.6695678318563247 0.9101623318647944 95
0.2956942136134903 0.8296129489772138 95
0.2155927659398173 0.7882139155794298 95
0.1949949506637303 0.750643362254273 95
0.1922474581237651 0.7162906463568697 95
0.17093359754087728 0.679680253585832 95
0.11281809586590547 0.6469584156884751 95
0.07292942797687804 0.6127995278318055 95
0.03317019239947852 0.5809009812362189 95
0.0 0.5438859642282844 95
0.06535638831111747 0.4481865205385219 95
0.0836106866988402 0.4194941537501728 95
0.6695678318563247 0.9101623318647944 95
0.9681991760634249 0.07613842290111135 95
