220.23158888894596 24.362427638687834 95
223.00879095108763 19.38818347690418 95
216.07055947509107 13.629502123010102 95
210.73740374316844 8.279895143588252 95
208.5239131333273 3.298507475292832 95
208.594345363895 -1.5359304047055138 95
208.9524971644148 -6.384076186514674 95
211.03885229144367 -11.464088429100059 95
216.43340825605068 -16.67739235221409 95
220.69006917378874 -22.161529010163928 95
217.745392644922 -27.097501857343712 95
223.20627480063385 19.7120398392436 40
220.19318241123938 14.191015453823805 40
223.08822151534577 9.130774672502447 40
224.27166416491877 -1.223224303996316 40
221.70380722574833 -6.5316048263978725 40
220.66582092500826 -11.68529419793052 40
225.22152068845918 -17.169223738362795 40
