219.87518456328772 24.62652458752888 95
222.9215697455184 19.809435685904337 95
216.4893548530677 14.130171099549212 95
210.7711714539354 8.684226156415244 95
208.616204464887 3.7552276448251147 95
208.42124889983955 -1.2504527304621953 95
209.61073114549905 -6.118119698838566 95
210.9135642321606 -10.995836616022187 95
216.75509177718945 -16.40490212290756 95
220.94398660608894 -21.88276508141474 95
218.44919008864332 -26.701254176831856 95
221.49066331229628 18.951940942262475 40
218.25243482728948 13.587873894018859 40
222.28322935137143 8.612110608068534 40
222.44255546992585 -1.8198945048991013 40
219.01347002635015 -6.990391406568124 40
217.4913019472922 -12.052559988308477 40
223.20979102284736 -17.56699153346441 40
