219.39332154118452 26.39168596597085 95
221.18442068871173 21.48028560329194 95
219.71189407839196 16.086441510957748 95
213.33984330248668 10.539035044558169 95
209.75606275106412 5.378174799283907 95
208.32422534930848 0.5681176027364179 95
207.57922694183307 -4.35949162528886 95
209.91997731837304 -9.280018731325223 95
212.0141954903921 -14.360741992035155 95
219.70786072818368 -25.214647216350993 95
221.93445353702583 20.45394725283435 40
217.8548375751077 14.696674628072918 40
221.20895170836766 9.77907506286068 40
225.82520354237954 4.742685952374503 40
224.12416659744994 -0.61120536524553 40
220.62437162210549 -5.777252491547964 40
217.85045423063053 -10.940530906128744 40
222.18028689656725 -16.267167533380405 40
