220.30773595852162 24.127621139066484 95
222.83574831216856 19.067033701020986 95
214.6593914278234 13.364179617039762 95
209.99903656022133 7.9641160073682755 95
208.17658130158293 3.1226587366266494 95
207.8675717270245 -1.757341546290943 95
209.7163703048223 -6.750900026711427 95
211.62849248867465 -11.66977578923354 95
216.58493106770737 -16.986174801774567 95
220.54788142876382 -22.572593942299363 95
219.19650590668016 -27.581650119286316 95
221.30593898109956 19.05772800450893 40
217.35785616210836 13.472675666407289 40
222.18564359251644 8.547647710291567 40
222.21756299979447 -1.8180537484832757 40
218.7866720349129 -7.042878664825617 40
217.4314475624304 -12.227683178185144 40
223.26525794818593 -17.816431133366425 40
