218.61560171441184 26.78210572463745 95
221.14301282980801 21.902477064372654 95
220.07966118440413 16.535801551720464 95
212.2207814334121 10.889900265472336 95
208.72080266330622 5.750350909742645 95
207.89826059308047 0.8504365770613624 95
208.1120751302155 -3.973246153403507 95
209.88492593683458 -8.934399223756582 95
211.79555645739362 -13.881814179097827 95
218.37113224101623 -24.578671725229775 95
221.98703456182724 20.153572547965595 40
217.78000765608712 14.691626537406709 40
221.26420487484197 9.660603816737368 40
226.60259459056633 4.635366740985673 40
223.47380338114414 -0.7313189220412294 40
219.54496304169956 -5.928729039074869 40
217.66362029841017 -11.169194178163844 40
222.1669039972859 -16.448932891246994 40
