220.03766054994873 24.523212263191404 95
222.7491344933143 19.488024078376398 95
215.31460712968754 13.699724690237321 95
209.98345081024632 8.36497972626746 95
207.9971533386366 3.4036492215997107 95
207.2443819590951 -1.5259902990163077 95
208.5578268991113 -6.201236902451674 95
211.32890305806026 -11.190860435058822 95
216.49683532698037 -16.504118225532252 95
219.43343464391927 -21.914456082066113 95
217.760139651541 -26.978736144255436 95
228.15228219854663 23.16229160931074 40
220.22679637081637 16.90928103873678 40
219.8855215799215 11.764242411897357 40
223.37262202559526 6.763679058807528 40
221.16631016859372 -3.8604723039273474 40
217.13831927883615 -9.005882841909855 40
220.4637300510389 -14.268824653160568 40
