219.36519278097362 26.206255382375456 95
221.15215037222794 21.29453006618113 95
217.56421607627158 15.630979115762633 95
211.90568519278227 10.178559965803554 95
207.6846179252894 5.211715382344524 95
206.974807592222 0.282218289072543 95
207.84928088586685 -4.591996867162194 95
210.10952459960646 -9.51805114124612 95
212.97509246644648 -14.600877162299629 95
221.30380756264526 -20.213247717169867 95
218.02323814432407 -25.20204860846342 95
221.2955116866214 19.178428829192438 40
216.82279348953836 13.617588751060449 40
221.80858545862299 8.593721070918246 40
222.06805522476446 -1.756266975991604 40
219.017250117387 -6.870937055303683 40
217.26992198884454 -11.980859692084035 40
222.74102749736488 -17.46898092099649 40
