220.21070620466426 23.630922492426016 95
221.94488824494638 18.62504246809297 95
212.28886931113726 12.809824026850842 95
209.81191823120645 7.613242945128219 95
207.55866760757894 2.603867501728222 95
207.13945492937805 -2.0901463011364383 95
208.55376914047665 -7.112032220172573 95
211.48103281885446 -12.06662267872007 95
216.67195329650343 -17.468694275126204 95
220.17498527768856 -22.777145518471265 95
218.97748729280033 -27.91814032007623 95
221.90635748719745 20.756544311713295 40
216.86189701757002 14.926762774990744 40
220.84302188141 10.124984507991314 40
224.7215096368866 4.903440783642219 40
224.07470004189548 -0.36664169779770345 40
220.35411272872062 -5.589778934652965 40
216.76647986285144 -10.589798528207716 40
221.60380381316054 -15.92120474518985 40
