219.34399542991932 25.961072663500044 95
221.2135042584593 21.178672259908172 95
218.06719496252322 15.607341419245198 95
212.6326276238995 10.155357933430707 95
208.66213593236526 5.122367923443492 95
207.74987639792442 0.22662005012148287 95
207.94925648994854 -4.59420561986437 95
210.03199890593254 -9.571934787614875 95
211.9445359405829 -14.646371049886715 95
218.17224593893235 -25.219272926910893 95
228.43219152454625 23.127772813070752 40
220.26739220228032 17.033248586421216 40
218.8523323916592 11.888533624073476 40
222.99594411567062 6.8131422971122415 40
221.3203696262815 -3.6216692955234384 40
216.95055797053269 -8.701782649235335 40
220.47532992362653 -14.088453430665444 40
