220.21714235052417 23.570868460219412 95
223.02121838793815 18.654118814878437 95
215.54353667373712 12.82924094314799 95
210.14083203432725 7.510415229576981 95
208.25861253025897 2.612648459219936 95
207.2364058153793 -2.3737322349889385 95
208.7497391702037 -7.232704983055633 95
210.74396711237682 -12.255216266449043 95
216.37292357372507 -17.444585668881054 95
219.4040742075985 -22.93931605577198 95
217.63075209734137 -27.806757120267356 95
221.93020541317173 18.197240182714577 40
220.4205833708717 12.938563538685548 40
223.61581874007462 7.747780921405878 40
222.98245393949225 -2.7973621721593434 40
220.83184421626024 -7.9528111410602635 40
221.18355511628252 -13.164937186421046 40
