218.59703007589445 25.02676701051282 95
222.60395493172024 20.27078868117058 95
216.54077728260805 14.489389181188495 95
210.62684131855835 9.138618121293778 95
208.43481445949845 4.093134035729666 95
207.3732649855222 -0.8482890099422858 95
208.4505355093375 -5.572241099452716 95
210.30995713290554 -10.561844334936616 95
215.69332432522197 -15.851355353237372 95
221.04096873695636 -21.40550781523033 95
218.94654251779485 -26.337941159161506 95
228.8047484375989 23.417666245958095 40
220.75655983909996 17.192205007091943 40
218.87729558686752 11.889889679009947 40
223.04027091246962 6.997145939034934 40
221.7212972786959 -3.567749017539318 40
218.27923602521878 -8.635833500411497 40
220.4157143482833 -13.843242695841997 40
