218.8545168211932 25.84262161550305 95
221.7725476153292 21.110133803615604 95
216.47969522842226 15.375050530304282 95
212.55771301639842 10.15178000344795 95
208.61627089983313 4.9504687502735765 95
208.27493029813158 0.1703945668967904 95
208.69391978359937 -4.838423850449108 95
210.4066100811512 -9.589007204001673 95
213.33313231117995 -14.859244876526798 95
220.46567812943363 -20.318581813920296 95
218.16536033653338 -25.27876923884048 95
227.5554537455495 22.60024547780594 40
218.68359627430823 16.430907477536415 40
220.63471123847793 11.321652781880172 40
223.93833702006782 6.230717269024795 40
227.54783388800314 0.9928710277375753 40
221.65844401181693 -4.292341815397998 40
218.54697017748435 -9.422543512330492 40
221.8120696148847 -14.720590109148045 40
