220.45819584453972 23.90076117973178 95
222.1039514106705 18.8213912282411 95
213.3762665326346 13.0506515390644 95
209.97405451923154 7.963168575057087 95
208.45483714041916 2.899396102868281 95
207.29055728493003 -1.9786006426620557 95
209.96252321409753 -6.873461323784151 95
211.86848378211727 -11.856879010377071 95
217.03977825574506 -17.26007762720122 95
220.52915817317253 -22.50990938302182 95
219.23103524107083 -27.707468526163865 95
221.53148289213587 18.468678556174883 40
219.48655841675554 13.063931237118188 40
222.8033682764824 8.08465117702438 40
222.7624004114201 -2.3693011505804913 40
219.5161951547444 -7.66567445070343 40
220.70911087350777 -12.7139294643966 40
