218.87167644783904 25.48159627873546 95
221.6855085526882 20.431003958102828 95
216.2592458391144 14.94453793522823 95
210.86135329461428 9.494488494061384 95
208.4766094780918 4.49209589381109 95
208.22437283406225 -0.5110605262000615 95
208.4065062887077 -5.34357198274998 95
210.3269573710515 -10.217711487211036 95
215.17459409166523 -15.40031436325602 95
220.14913676975485 -21.01618613192654 95
218.20558921299985 -26.00737080536148 95
221.9166510076709 19.53716024757924 40
218.35845209722197 13.893394031165238 40
222.39617934503772 8.920203906291304 40
223.57060213109747 -1.4023151352348484 40
220.77198187605896 -6.745194105220209 40
220.25676417076392 -11.84434303895662 40
225.19790042842664 -17.476305891933713 40
