219.6538979937016 25.026400483739806 95
221.87349944760967 20.021260396677054 95
216.42392217484698 14.363004924310934 95
210.50936044218037 8.960980204429635 95
207.5403520645777 3.792478069961809 95
207.29750248427234 -1.0175774088974188 95
208.6442557505352 -5.805184519484684 95
210.54798233270168 -10.80406222808579 95
216.19504493532358 -16.18463918082242 95
220.73789288827288 -21.680005609901613 95
218.1338538079075 -26.60233679416978 95
222.20652060851822 19.379491713049834 40
218.8612324309883 13.865458477414439 40
222.7257574274263 8.811752287670398 40
223.46980635725345 -1.5235720040903826 40
221.2467603317064 -6.759699898994478 40
220.69960883707753 -11.988881689339077 40
225.81623937475962 -17.586245609602578 40
