218.13965615632 26.96535577370482 95
220.88226468609665 21.998312938521984 95
220.11134783387874 16.779661937990237 95
212.50836499577332 11.137091488498704 95
209.23919060986887 5.9930574773620835 95
207.87159117696223 1.1904648494925678 95
208.06526443280077 -3.8020700294307326 95
209.71969730416527 -8.698193068062634 95
212.73365810340337 -13.710263853926161 95
222.46986468079513 -19.524726218533843 95
220.27463222677216 -24.42799669150676 95
219.36866308804105 -29.55016336613947 95
221.81964771954094 18.919157237539817 40
219.37897731342636 13.597952526581324 40
223.53698255107489 8.538584892149354 40
222.99096985750953 -2.006828843542773 40
221.2354036314663 -7.121704853627532 40
220.85104443030474 -12.41999090352187 40
