218.3306231787763 24.935947593127267 95
221.39496508087922 20.03894799724453 95
216.41209904122394 14.54006150507926 95
210.7492223426929 9.201509764717859 95
207.5349879430646 4.0754637125152815 95
207.22389039336653 -0.6781410163205347 95
208.07566942222084 -5.562220284623184 95
210.06314086413994 -10.492019600272219 95
213.37884583782096 -15.622760604945203 95
220.00744474410573 -21.184307450782352 95
217.62387900838485 -26.239041242847925 95
228.84903476091714 22.980846133172335 40
220.24055654078484 16.7291027734711 40
221.31491147190837 11.719666598558533 40
225.6002949011714 6.707975887292588 40
226.92162474918823 1.2376777402073738 40
222.19008813512443 -3.9389541131685952 40
219.05667767827725 -9.205132511558183 40
222.08140911078016 -14.434341944483998 40
