218.31481909601843 26.56398667505967 95
220.7319723758933 21.740201725096263 95
219.90515307064214 16.52268979244725 95
212.34858079766673 10.838397400760282 95
209.54548974279487 5.773071405435246 95
206.97349152461916 0.7902095344931943 95
207.86103071744134 -4.025159510244752 95
209.63515213469623 -8.923766831488392 95
212.4154135606944 -13.980618971961585 95
218.47720248917372 -24.530277057232503 95
219.82359933527982 -29.91667888122558 95
222.13829683075332 19.007355974257194 40
220.23106357230466 13.590479675548432 40
223.15992289318075 8.585128962900356 40
223.0920276719142 -1.886051227798569 40
220.91057188906635 -7.111248318379035 40
220.51166778404445 -12.219937442524461 40
227.08798664712745 -17.99684196057921 40
