220.53553718515278 22.692880787949854 95
222.85679233631726 17.906164708489598 95
212.04321038278582 11.866657303623198 95
207.67104680460184 6.571677417590626 95
207.8665823279363 1.87071545224789 95
207.72830048622154 -3.0026117141672684 95
208.72278600963688 -7.97271756525563 95
212.2818510606723 -12.925607732503119 95
217.95390248018757 -18.34998688437921 95
220.19129950726202 -23.81107402666315 95
218.09308338070394 -28.712499133605796 95
226.0932014425213 22.143732442194327 40
219.60335856064756 16.19891690464691 40
221.5208286457483 11.124858475549914 40
226.17084624482396 5.984213306709877 40
227.9987791515868 0.7461269234789409 40
221.90480726327874 -4.478728999070933 40
218.85859798092434 -9.734973796787926 40
222.69383900510206 -15.023117824529143 40
