219.255036959174 25.64744174437761 95
221.0215113491327 20.55218105080836 95
216.72491463457496 15.095491930910896 95
211.39762023198415 9.807486184227226 95
208.34661734755386 4.716676778407641 95
207.74993047382947 -0.169965052380611 95
208.01371652428458 -5.049689372088112 95
209.65827632319116 -10.070609176630214 95
212.888740717088 -15.120009950144691 95
220.15833899478716 -20.653604916730067 95
217.85058584010193 -25.603608127066316 95
222.8714264962492 20.908126447077542 40
218.36677060187554 15.269692102588895 40
221.65876761513906 10.34411616996751 40
227.2139430841559 5.267797751429988 40
225.77492444153478 -0.1847117193655088 40
221.18483614561077 -5.36942820413017 40
218.37322849527237 -10.489218347978362 40
222.63917970272482 -15.812515969882963 40
