219.09905513965532 25.689765217110743 95
222.02514232148124 20.828734410088423 95
217.11150247800902 15.30091473544918 95
211.51710215129842 9.928645301207274 95
207.69549386284962 4.758605790249248 95
207.57493053239546 -0.1698218808059817 95
206.89308755833198 -4.853124826374123 95
209.66373780380678 -9.95625683359815 95
212.29435215567278 -15.019609442432 95
219.90943188456131 -20.63025431761536 95
217.64104178337033 -25.458644041842632 95
229.46414487513806 23.358696811287366 40
220.35776736338298 17.16114761970136 40
220.79946161791094 11.994305909083213 40
223.74559430879816 6.836046182019179 40
221.99326491228385 -3.7537925601404334 40
218.6717720477077 -8.830549785566205 40
221.34468347404353 -14.20461536879736 40
