219.81941413316235 23.52829775298796 95
221.50152509910163 18.527007415447645 95
211.87502910270092 12.610889846860148 95
208.591821026584 7.455053709635157 95
207.5607284293209 2.4340581114061424 95
206.56145009076948 -2.366001140857727 95
207.10072866329364 -7.175570509222409 95
210.84713429109576 -12.203522492814622 95
216.01452422831352 -17.534279210031546 95
220.10027933881028 -23.012106269911143 95
217.40193073019327 -28.018574460244235 95
222.26331498840585 19.873130361487554 40
218.9302477585496 14.34944655309341 40
222.1090457871174 9.212045350311467 40
231.21023949307852 4.288082736291474 40
223.42167680770027 -1.218588296157296 40
220.65777535499805 -6.380335052582138 40
219.8950725896879 -11.584345073238982 40
223.2070111223755 -16.954429681229264 40
