218.25360744455207 24.5051721569012 95
221.16422252643414 19.53169985633388 95
215.79467409663545 14.025731051424819 95
209.94687083080436 8.65026319562322 95
206.86946515650024 3.5544881296092754 95
206.74660962519275 -1.1840221654014176 95
206.8085999780787 -6.149225569698265 95
209.3347165831668 -11.028012424967194 95
215.22999039877035 -16.348508584737036 95
220.16680503423123 -21.86642314185887 95
216.2437437357416 -26.611255516245592 95
223.0570408262691 20.802816223485912 40
218.59538282762364 15.225775232961453 40
221.93908447822054 10.235888137786706 40
225.867128235346 5.113316704231542 40
225.499924533567 -0.18448673553516315 40
221.23334857747 -5.430973872120624 40
218.29831486628595 -10.485619988339957 40
222.68039462725352 -15.93751387923001 40
