218.24036820852407 26.554927682218086 95
220.8433207883591 21.62955531604666 95
219.64435326816175 16.322394965536514 95
213.12553183599866 10.819781865764337 95
208.89729799773437 5.698202720663134 95
207.17389066109644 0.6779773919917333 95
207.53158425826965 -4.245251494638823 95
208.60374465701403 -9.050840572636925 95
211.42721210083928 -14.147225285076818 95
220.63938362047764 -19.788583086610785 95
219.67429915747374 -24.84668820331448 95
218.81668837871797 -30.083592072274627 95
228.91751319309168 22.798566917477263 40
220.48983843839747 16.748037807736846 40
221.04664751792492 11.584563914375499 40
225.6039199787274 6.584929022546186 40
229.27124025062184 1.3130190180014163 40
222.41286916423127 -4.064250254910453 40
220.67515418921022 -9.393718569783715 40
222.301986759125 -14.509559191988748 40
