219.63930040388877 22.116514600865646 95
223.17897071788957 17.31962844010768 95
212.27450043026198 11.298986329875556 95
208.7077606351998 6.205695016688193 95
207.9951660020527 1.4180690316562847 95
207.01846528213082 -3.613520752838295 95
208.43240710490787 -8.360123710445455 95
212.12839453316678 -13.380834532312935 95
216.6130630431679 -18.77262752138237 95
219.92179481014173 -24.206748387297228 95
217.80691296065552 -29.158380725778095 95
230.09156183825675 23.612775585086755 40
221.35003917072126 17.299155589801465 40
220.9676240608756 12.124319234148697 40
224.3396316661609 7.037909056761968 40
222.92211188240384 -3.5262634457770714 40
220.75230129948028 -8.73367597197679 40
222.012568063281 -13.943533337967697 40
