220.3727145484226 23.52673601584882 95
222.93674630983847 18.46340014143466 95
216.04265335006852 12.858948575296745 95
210.0679194950257 7.45044958585694 95
207.73504432681813 2.4927612270165858 95
208.5119657480854 -2.3314726825026164 95
209.52028377874407 -7.373817550940247 95
212.4626804937048 -12.413300223144407 95
216.7620655510554 -17.59495845519274 95
219.16776269178322 -23.03546009260924 95
219.12047364137348 -28.179312556912322 95
222.79362022102242 19.55314012660965 40
220.29683894001406 14.137370796492263 40
223.14066198111112 9.071967572225239 40
224.270963641653 -1.345545333447681 40
221.6502343072099 -6.6510248502737115 40
220.83093458626064 -11.875219145711853 40
226.45845444582534 -17.387755318270845 40
