220.07749199075928 24.163143815680964 95
222.05317344023666 19.12207598876713 95
216.00310727970304 13.50697118206368 95
210.24667469265154 8.03092651456598 95
207.2775227195255 3.052634150465453 95
206.94352821688622 -1.6366518098894296 95
207.7941833130779 -6.632298338508958 95
209.5597835507287 -11.498380023800433 95
215.78738011325785 -16.923625021146115 95
220.22415328379057 -22.296744390998285 95
217.32625306424993 -27.225913282268447 95
222.57480042114827 19.472771823395405 40
219.12807770954078 14.002363526257117 40
222.96827019623476 9.004053848065334 40
224.0697924130286 -1.5276625878323138 40
221.86961194853134 -6.839292273921556 40
220.82442481311932 -11.995661964019108 40
226.86306962351676 -17.667771251501513 40
