220.2363525215802 23.390695863745933 95
222.807132220937 18.513844994541095 95
212.13144216425212 12.510045775877616 95
208.9186421048293 7.409688325040152 95
206.81011091645806 2.481662290143946 95
206.73707669783795 -2.311626793466906 95
207.35253022385342 -7.127680882724334 95
210.9153192590508 -12.322894418629302 95
215.9052608844326 -17.64394931485277 95
218.832191421246 -22.879524094157993 95
217.5163668248264 -27.91272403989904 95
223.59513114595265 21.222095274129625 40
220.05420375211943 15.508301358327595 40
221.92492113654484 10.53850101002772 40
227.7344061666152 5.466282826486862 40
228.3499235797784 0.18681838604844647 40
222.44022587712985 -5.157122427425899 40
219.90220046454527 -10.442448508417096 40
223.4664266024884 -15.810022343901466 40
