217.97507726714147 26.04018654663799 95
220.013213686782 21.12430894051696 95
218.09990876258607 15.8488303275552 95
211.3700884194196 10.38394657953964 95
206.98764041104909 5.081261365668369 95
206.42462388293976 0.3940555631593659 95
206.70322830167123 -4.397489018425772 95
207.46733451800887 -9.284973505217923 95
211.27907346097533 -14.484603635301648 95
217.4657188273564 -25.017416631242664 95
228.65628870186555 22.898507311375404 40
220.75025564911715 16.949472878217108 40
221.26498142983914 11.717022567740305 40
225.87699656374426 6.654550949708836 40
228.6205027942398 1.4339899263914875 40
222.74107028846507 -3.8879598440656613 40
220.96003362942423 -9.164389695102846 40
222.7379030781266 -14.355017671848287 40
