215.4783930846968 27.292894929576278 95
219.0869970078184 22.604208504085406 95
223.6043830519708 17.96623235259718 95
211.5753787794386 11.724721503604478 95
207.36575882252185 6.73184172122982 95
206.34164408115288 1.8569916227117325 95
206.60341799261383 -2.9863520839471045 95
207.7278114697621 -7.821250985806392 95
210.93083627650103 -12.901082617203645 95
217.10689908730538 -18.278675928376256 95
219.47696575572195 -23.67327612861512 95
217.53997007563552 -28.70003561829846 95
222.86671902927455 20.417285547456807 40
219.15591311389963 14.724409910515238 40
222.33016538014243 9.889391388680464 40
229.1231552408005 4.8744597136539465 40
227.37431515497616 -0.5580616503423981 40
221.8957325005884 -5.931654324665678 40
220.92158384328008 -11.094764178501645 40
225.26750494490585 -16.554964237255867 40
