218.88295134587224 26.02756683058421 95
222.2702976941426 21.157513747064353 95
219.68375285179974 15.783257995400513 95
212.03331076389085 10.126734493571306 95
208.33723381628897 5.114392024174517 95
207.22487671027625 0.22604736407559237 95
207.44684788683986 -4.696307252973419 95
209.7848575581474 -9.503343585696912 95
211.76595354050718 -14.692057244638997 95
218.2895295797528 -25.293156699989567 95
222.41312622506743 18.725418093923075 40
220.80562529478598 13.202872345765263 40
223.64834967087262 8.237456494275694 40
223.46362389738238 -2.254865771888438 40
221.34633291188248 -7.548280033364684 40
221.03703704816525 -12.672342047467593 40
