215.88733348826017 27.643837275760696 95
218.51517540534695 22.786138715685215 95
222.8371271545806 18.149253056070393 95
211.23143877563615 12.052381415084412 95
207.03157273101047 7.003598541058777 95
206.16560852976576 1.9678629401892156 95
206.13233862938154 -2.6984201270331387 95
206.7598013713295 -7.615414426567116 95
210.5205483379936 -12.645502262484344 95
215.93083025370248 -17.94246836270663 95
218.12323704981878 -23.16626769483085 95
216.90958044613808 -28.316009794467114 95
229.10121710661974 23.953179752706763 40
221.735406262837 17.816063242328184 40
220.34844564396244 12.452007962161407 40
224.27784282580205 7.4033247534351485 40
223.12841783371886 -3.103490779971117 40
221.09334113137638 -8.324482408224284 40
221.86410459391527 -13.509060579485938 40
