217.59204588256438 25.874064111383728 95
219.48289725278738 20.892186063750678 95
216.96149960315748 15.64715037791537 95
210.78747151047318 10.009619334493078 95
206.71546020676846 4.961767477817309 95
205.9749923408725 0.05617096683341052 95
206.04592676357788 -4.72081180924433 95
206.95240151948641 -9.60125670510224 95
210.7144768409118 -14.676848253655768 95
217.04783714755854 -25.149282088499294 95
223.80166990621268 21.426459628006874 40
219.99926344209638 15.926541053696099 40
221.41094078376955 10.81669664204805 40
227.45024747973724 5.831856171603914 40
228.2995840255548 0.4358139036777041 40
222.2221045691868 -4.848903571057178 40
219.84407120005113 -10.079185641055144 40
223.20920437047707 -15.547140711352787 40
