218.30357286630806 23.12521781096406 95
221.69600998231346 18.299772072951598 95
211.25795975534052 12.458533822682577 95
206.9758036248914 7.171242139992225 95
205.88712982870533 2.3021231282952197 95
205.88449610867983 -2.526709733031435 95
206.44519728679796 -7.32196300284686 95
210.269768228538 -12.227640578497335 95
215.4318390775308 -17.60526090896885 95
217.13520824283623 -22.76196314776345 95
215.41075729671502 -27.821675737736193 95
221.96005154381388 18.443458018156274 40
220.31366874254186 13.05286808335757 40
223.55726608526456 7.989917426495458 40
223.23671774128343 -2.435231426076513 40
221.3379673260069 -7.789726888119991 40
221.09442346949186 -12.97811757124301 40
