219.45101164341727 23.91267422687682 95
222.51711544959676 18.978644761700682 95
214.48836316949647 13.294813457517765 95
208.5250961418234 7.908217501011333 95
206.47843104887966 2.984545458365064 95
206.2171475839087 -1.799629783152394 95
206.51983226101356 -6.591624070198374 95
209.00115722445034 -11.639239830873498 95
215.25937528632568 -16.94128024503474 95
218.44608545830675 -22.23709452563765 95
215.50064991708012 -27.116597967224283 95
221.94995918433204 18.564515697247124 40
218.8127509037081 13.023825933718475 40
223.04875624011962 8.215372160511153 40
223.26171625390845 -2.435504128364721 40
221.06942853604716 -7.599195138009475 40
220.777017180967 -12.838659769423142 40
225.70764337986665 -18.321086755619426 40
