220.1847978564574 23.87112100239516 95
221.87461915143132 18.862900132464148 95
215.87160352868926 13.203272887901315 95
210.34878513407847 7.977380059724385 95
208.50321953737347 3.013812792765937 95
208.74049123603058 -1.9924403480743376 95
208.3115391754358 -6.876283251937897 95
211.17599156135566 -11.7025889476751 95
216.17221204753992 -17.131761102508868 95
220.3737908593004 -22.55477615276445 95
217.75037009706043 -27.460006329081825 95
230.4700433198123 23.84217129717512 40
221.70486492678293 17.57022674290069 40
220.58655288743498 12.224087296761642 40
224.28578516332217 7.158671222516769 40
222.80083936313684 -3.2812503838765963 40
221.03416647571754 -8.563717089254574 40
221.8030732035142 -13.687488537950227 40
