218.42316583199818 25.006861616912794 95
220.89153999916235 20.054115707217495 95
215.61784112784977 14.427632770671153 95
210.45200580459772 9.131032407212487 95
206.98284624320917 4.17755742749645 95
206.69870105274072 -0.7327913138963329 95
206.37323685432358 -5.629352562174913 95
208.41234859175626 -10.46654572761616 95
211.384184974649 -15.476719374705286 95
219.06756250251578 -21.03351335859856 95
216.1559120402204 -25.88265229957134 95
221.82058629720572 18.31005515458402 40
218.78779506989153 13.022340552110771 40
222.8099079515508 7.902367912307161 40
222.88395369649942 -2.6745438146899163 40
220.9923929336268 -7.656885167579378 40
220.54182993005838 -13.006032296638555 40
226.56465227595942 -18.577243177436262 40
