219.15458005168944 25.211704471686215 95
222.01470860277087 20.400285881005267 95
216.61654503701698 14.850523264383574 95
211.28592311647952 9.51360566857284 95
207.7041993843026 4.3621162439658 95
207.49937501773525 -0.5092811102650124 95
208.08161306628858 -5.335241675065683 95
209.9496098015038 -10.256770651442563 95
212.31936169210593 -15.370565235432835 95
220.35395989071088 -20.975100964786087 95
217.64874566610652 -25.82061453510517 95
221.6550212071501 17.56627660199624 40
220.002385353606 12.372264898693867 40
223.25935525718901 7.186857111719431 40
222.69994750429905 -3.340509928505328 40
220.36199259383716 -8.477490493870162 40
220.99336042235527 -13.819018569890636 40
