220.46186708239702 24.327045906634563 95
223.23822974082023 19.346793201581765 95
215.8959065979172 13.618485204434823 95
210.48759648410828 8.2700801896477 95
207.64720019036827 3.397922615528734 95
207.219382636784 -1.525806222988152 95
207.67283122938997 -6.515043681304581 95
210.84226227642353 -11.395742106586766 95
216.49905513240884 -16.801238846412577 95
220.41644532787896 -22.134051911526488 95
216.83482361900786 -26.924139096983982 95
222.60860096428274 19.659257405221105 40
218.75384098340587 13.978449663921301 40
222.11896242268867 8.969756533385777 40
231.71359174402104 4.107785423453428 40
224.3451947963474 -1.4683568329699026 40
221.57886143718557 -6.527923804742363 40
219.10842333977047 -11.782590825447555 40
223.3628666800035 -17.21134548752625 40
