221.8403810534418 22.215936488560196 95
222.94845918327874 17.057096699083736 95
211.77827343668346 11.214656712415835 95
208.23127423697633 6.248364157534222 95
208.4712479999715 1.2507527071245854 95
208.51723649715464 -3.6965637543110335 95
209.27478668184602 -8.565404792993458 95
211.94641802626833 -13.485418452325167 95
219.6464739108378 -19.09586666102505 95
220.1321951897972 -24.351432522975717 95
219.55819383779126 -29.453779786079707 95
229.34024345683514 23.09334820158352 40
221.05859938741074 16.851873393669127 40
221.3117071991382 11.780020441532375 40
224.7274953089669 6.620685550474191 40
222.69107790370725 -3.8870872237424705 40
220.68526985258455 -9.152993777554085 40
222.31378296697872 -14.327683968844568 40
