218.16713944621674 27.149986479831256 95
222.30084119020995 22.384517665678274 95
214.59309076986887 11.481088530048558 95
209.78057688940552 6.294853846453589 95
207.29626914687174 1.2437032554893268 95
207.0694356399768 -3.5579240775354926 95
209.60184648869404 -8.52153586684595 95
212.0036424780426 -13.372965304759106 95
219.87583310855308 -19.055393326292563 95
220.18852617415692 -24.29688387947346 95
219.400766794809 -29.310851742142262 95
221.61472328887436 17.441456980299886 40
220.27196315411175 12.025899061344251 40
223.5381042851604 7.0737848848232785 40
222.54715878998 -3.5203323007104848 40
220.40963503789058 -8.539520329847479 40
221.1967342796297 -13.771178926543815 40
