220.24785436763227 24.668264459711118 95
222.185248663534 19.621869847788876 95
216.66783173748885 14.082482564349622 95
210.3988455742646 8.611411383550912 95
207.74625199330143 3.456212918165787 95
207.77054980526447 -1.3598744861647956 95
207.80815821866878 -6.178946331270745 95
210.08968312187872 -10.952884129241294 95
215.28873355104574 -16.234876223329557 95
220.6643571360035 -21.915838787377055 95
217.71499836252397 -26.732040475919298 95
222.58158787760402 19.962774428531525 40
218.734577477725 14.276715856285875 40
222.1065253324212 9.27261585306664 40
228.83448195187233 4.3064480512613255 40
224.5972940567659 -1.1024982442767182 40
221.31096106125574 -6.2784165315268465 40
219.1710765514158 -11.546204064255718 40
223.37687292631796 -17.028601429935534 40
