220.69072579450525 23.134682800818602 95
222.17908402433864 17.91269444014139 95
213.04681334572683 12.2725434703257 95
209.6300863158554 7.09150274673982 95
208.01441038708117 2.098975062970915 95
207.0307525452964 -2.823118936255815 95
208.0818057114318 -7.720929793098191 95
211.26919893663512 -12.690472042934074 95
216.38417989505442 -17.920723092127822 95
220.16742632335394 -23.56554712181559 95
217.9089162912343 -28.38603002851653 95
222.00335780962752 19.11778612314985 40
218.43079702021546 13.539180666252879 40
222.83516312629268 8.572635212030011 40
223.31649646830607 -1.9488535401735683 40
220.91057188906635 -7.111248318379035 40
220.40848182155696 -12.27451184839526 40
224.89971509957672 -17.76170453895738 40
