219.3752785965914 25.47959263151403 95
221.00221462500105 20.489598113310535 95
217.84274097975305 14.874901761968834 95
212.70948075449837 9.577704430169403 95
209.27885215941825 4.3951864393182944 95
207.42462206088788 -0.39596451585219755 95
207.41111615300593 -5.14825418606043 95
209.75540572104774 -10.13260927889037 95
212.9261708968806 -15.297757096790352 95
220.2544098749482 -20.965624976096397 95
218.1026598587257 -25.81415091667746 95
227.10724597431863 22.305578359691467 40
220.00669215648577 16.168345814006642 40
221.3430092402103 11.17644332908145 40
226.21918803866714 6.047227722365764 40
228.1983368325551 0.8712444293774139 40
222.13097581169018 -4.4226926126869515 40
219.8181940524881 -9.537409947290747 40
222.82264646556627 -14.970766415960833 40
