218.49646041240962 22.96490337990364 95
221.33715319520078 18.087847866570943 95
211.84546352542856 12.261304322799969 95
207.3794517630234 7.071986034194628 95
206.5377113077809 2.253066298125848 95
206.40875809174744 -2.589441642996168 95
206.63900639322566 -7.498110550028516 95
210.13828260674137 -12.334998301147142 95
215.47203650044435 -17.72685776868486 95
218.0798247560932 -23.101515845322446 95
215.16480080498846 -27.96889557257554 95
222.64516868731798 20.64191997358087 40
218.5995268852368 15.16616202440915 40
221.57002310266748 10.097765212332565 40
228.0415710987382 5.162543057364333 40
225.87479002243336 -0.30798915831947593 40
221.2818438870604 -5.492546398768818 40
218.417416137313 -10.610747047208303 40
223.00020451233203 -16.02152965412737 40
