219.0245389992226 23.20159081136491 95
221.09804367083046 18.250413281116217 95
211.54261786410538 12.301659530367571 95
208.99958924700826 7.24136172151518 95
206.53645173059877 2.365714804038922 95
206.55944528242125 -2.5349930213746137 95
206.8449459442576 -7.336140832696417 95
209.58922771156935 -12.302769089433841 95
215.55161188159295 -17.67422530825941 95
218.09239224080298 -22.982568322181574 95
215.1800234669626 -27.85153722431523 95
222.68416746534132 20.21686326480507 40
218.8984211321978 14.827043732011688 40
222.3328540259556 9.8287598746286 40
229.6032394143364 4.634107297303279 40
223.89899259539962 -0.6716507762159221 40
221.06777103576488 -6.030183187817899 40
218.6214764700825 -11.039022875289168 40
222.8694848062703 -16.439840850435594 40
