219.98699062098194 23.606915459754617 95
221.98962452862634 18.68976261592163 95
216.1568338983274 13.043222724882998 95
209.81191823120645 7.613242945128219 95
208.53286970839105 2.672966738140292 95
207.33944474828164 -2.092164303842514 95
208.55570089135222 -7.055157738621022 95
211.1099187393514 -11.987689930276185 95
216.33256546443425 -17.322579039400114 95
219.19262796007405 -22.554696804802372 95
217.3806177966243 -27.594068771349136 95
223.17356092703625 20.62952564036399 40
220.00858304795935 15.083070318379342 40
222.35514068517278 9.890502306608333 40
228.194316316494 5.041478041991237 40
227.42478858152475 -0.3101026423096017 40
221.90051106317418 -5.750114338177114 40
219.43241373387792 -10.840009359969786 40
223.68960584144241 -16.193698265069834 40
