218.06346497140558 26.35237645193651 95
220.9794964139754 21.521217196660437 95
219.46537861891906 16.369276485370314 95
212.98449917640724 10.637932626924593 95
207.75078548005303 5.5535355784384155 95
208.07369241194496 0.7376659537450597 95
208.1076171743702 -4.200258802236975 95
209.62778123878337 -9.095271183685627 95
212.9316043896374 -14.131236748952322 95
222.53178776844697 -19.95830798386659 95
218.6851654344169 -24.916027350316618 95
219.84858800763806 -30.103294687589106 95
228.86086765642648 23.360345792552792 40
220.9014071805092 17.264093682289833 40
219.92248361148282 12.006818985771151 40
223.49384044010185 6.889360299352657 40
221.99527926937043 -3.632713464371451 40
218.9013775220305 -8.720237609003833 40
221.3063305589223 -14.020362140294719 40
