220.4543139533972 23.231467545916747 95
221.94501872206584 18.015667888309032 95
214.5726521570773 12.301730418030917 95
209.65699836528202 7.035173164900165 95
208.5132063552525 2.217746705982189 95
207.73293542037035 -2.6627132095360695 95
209.9888732478411 -7.562323525354029 95
211.4507799278192 -12.58563835953372 95
216.73787264960043 -17.89050542398356 95
220.6653584741317 -23.375405226069397 95
219.40413493768264 -28.51995919083935 95
221.35204707069153 18.514504654847567 40
218.58814839935894 13.010457499251695 40
222.626272077649 8.139017496516786 40
222.88537928225833 -2.5529790840994626 40
220.79041845919375 -7.7101713090000485 40
220.82342264869027 -12.901783199151566 40
