219.4644778026739 25.793286099286632 95
222.536427094525 20.99914857805316 95
220.29508439671494 15.646031146723487 95
212.34659950768588 9.851512702243435 95
208.99251004623966 4.902371321351763 95
208.725 -0.0 95
208.66892649979295 -4.837844398490982 95
210.09635105297033 -9.804534625725257 95
213.07968113549845 -14.899982791745023 95
219.6523280793718 -25.693915025001616 95
222.62027544394954 20.639612066607107 40
217.539378907641 14.913789742308836 40
221.71986757275494 10.104594178887382 40
226.5460753363074 4.943252948830905 40
225.69979018511657 -0.3077505391529789 40
221.55372681638968 -5.6202098509368685 40
219.13865076332036 -10.70568734979288 40
223.3155846523195 -16.166621520673914 40
