220.8211015194819 22.35718282169427 95
223.27393734206362 17.38825476499161 95
212.9516294253106 11.276791436626997 95
208.50615051402025 6.256612328148728 95
208.34590161697042 1.3068203440729178 95
207.5433853220879 -3.6226832662193154 95
209.9062220640629 -8.419237720383224 95
211.8965189284399 -13.482243545096953 95
219.65685641991712 -18.97606525916038 95
219.8157885720113 -24.255753842435517 95
219.24409168098745 -29.350779597461536 95
222.16435488205758 18.094458263213813 40
220.47401849892967 12.881368985228741 40
223.61581874007462 7.747780921405878 40
223.23392850041947 -2.678743412425578 40
221.33152029775425 -7.970805962059709 40
221.08013500073565 -13.219286404965123 40
