222.13950118427744 22.980375075277006 95
222.89628851985117 17.7258163161888 95
214.76395316462498 12.018919298454742 95
210.540943189376 6.7774435392668195 95
209.11653171054567 1.8819644928485366 95
209.05233025848912 -3.0787722383448295 95
210.3531048326673 -7.862651413923915 95
213.37981761135637 -12.99246170455326 95
218.19800310903415 -18.430465654180324 95
222.25549946450352 -23.789043334780764 95
220.02523703229522 -28.783763980450914 95
222.8159362553034 20.964220726575274 40
218.85717272536266 15.42394069817341 40
222.1110967918803 10.30452240077053 40
228.41505636733845 5.233321097123342 40
227.325 -0.0 40
221.73613383562443 -5.322306983822928 40
219.1723072044603 -10.52760085079554 40
223.45777033522728 -15.931902014788509 40
