220.12319163623337 25.323134262529035 95
222.87227869285636 20.35650731962084 95
218.39956420163213 14.793253750854436 95
214.46811536040445 9.422479437825578 95
210.23333380804843 4.185807085101503 95
209.17405884833724 -0.6274790134737211 95
210.07495522017635 -5.615664630380651 95
210.83429633506526 -10.588176844853496 95
214.17242584136594 -15.73958415030754 95
221.86054567039764 -21.240619101933014 95
219.9465917430281 -26.39739391731164 95
221.850307165392 18.55618052351353 40
220.20669502725946 13.167059852964428 40
223.5506545338125 8.172812092788089 40
222.8130355699919 -2.309070177695167 40
220.89659434179399 -7.532943196182631 40
220.9836557360667 -12.729744597734632 40
