221.25870669891933 25.514904172298806 95
223.32854544931675 20.582429703328735 95
219.59682083498964 14.874349705632715 95
214.6851098491398 9.607997141068847 95
210.5285765841132 4.421432626103602 95
209.1990587358535 -0.6275540079761518 95
210.12946244162276 -5.445090816015172 95
211.1952992145837 -10.37535973653272 95
214.58417912550766 -15.593350154217706 95
222.88669103661817 -21.277522382719077 95
220.06025053788966 -26.289289800244397 95
221.83505168237804 18.737675151327313 40
220.11733962691787 13.402701987587937 40
223.3167656919066 8.408197542047475 40
222.6136671670422 -2.246289260393009 40
220.52385480616687 -7.460024224400624 40
220.49480044259047 -12.520602133371987 40
228.49364044964835 -18.29636300106715 40
