219.19172387573616 27.21679278282118 95
222.9039348361498 22.383843717321742 95
215.145436282253 11.451801033855242 95
210.80853446307628 6.2106197379956 95
209.4958789957058 1.3140334153294784 95
210.24297409901018 -3.6698047635989908 95
210.92340639072668 -8.632881125809554 95
214.9440854301145 -13.617296486881497 95
222.96425668189477 -19.323049508039432 95
222.3934018454323 -24.6015714054218 95
220.47498124011585 -29.576767016876005 95
221.57124806069487 17.985328265728747 40
220.33473151547287 12.69236337348111 40
223.76783476139673 7.691952040688635 40
222.28095501970174 -2.9098170955120355 40
219.2035586588814 -8.013886153567155 40
221.00526871729485 -13.214809843365046 40
