221.6007394300187 24.942178815591664 95
223.75189044279563 20.067735878149776 95
218.65192012442586 14.391089288226052 95
212.91210040246696 8.946926970184991 95
210.36592101323853 3.78672368306509 95
210.02187611743202 -1.1455029960849772 95
210.2404150190091 -5.964353915958773 95
212.214810348992 -11.005647120517903 95
216.75955746020645 -16.345790732034207 95
222.1868921406091 -21.76114567060616 95
220.3249930583667 -26.808579481775542 95
227.04528849149378 22.42452839669898 40
219.99784096869604 16.28833843927406 40
221.33688051397007 11.297165544707777 40
225.83930719208556 6.2219733203231495 40
227.17309932772037 0.929282969655978 40
221.97979199202283 -4.480242424052726 40
219.0413225818223 -9.563550679850042 40
222.22399612243703 -14.930544945684076 40
