221.50136690112635 24.930993982041773 95
223.50834812188342 19.984451952129525 95
217.1302125228754 14.29093453105717 95
212.38756331794656 8.924885033726781 95
210.211692510823 4.013331749954842 95
208.79748441252323 -1.0249404871095964 95
209.21903331458628 -5.821176763338318 95
211.84923081342762 -10.81291028165257 95
216.82271928305568 -16.172168305494303 95
221.39660664350498 -21.622790447606853 95
220.0169402234797 -26.64932719033946 95
223.60987577470232 21.59272923977419 40
219.44635841082885 15.946673798194993 40
221.71352896801213 10.770872645725783 40
227.25031318901773 5.8267298284155045 40
226.69946049420565 0.49458228445111774 40
221.74721760632383 -4.838541500665697 40
219.12527859704588 -9.926468645345677 40
222.57338343700923 -15.319888557103535 40
