217.58872859649264 27.741083031523253 95
221.16967687596144 22.880046559891692 95
213.69063261766092 11.958852639943041 95
210.08932403660242 6.8202584880240575 95
208.917044776182 1.8231914289950517 95
208.72651943662555 -3.1309078351138675 95
209.49503116335094 -8.059430368618953 95
214.22109998119453 -13.160963028861136 95
222.3633024960743 -18.721223331805852 95
220.94345963789493 -23.831455436835917 95
220.32383431879504 -29.006183066100924 95
221.6847539306894 19.02944756659268 40
218.93353181321112 13.51040886848622 40
222.7102555236434 8.567829923234095 40
222.7665174106208 -1.9440539456483623 40
219.35749033637535 -7.181020702309188 40
219.9558292987768 -12.309474297766414 40
225.52277503724176 -17.81091138885506 40
