220.4214872391554 23.77515432713028 95
222.48274526393243 18.792383691915074 95
213.88596436649317 12.906195102167477 95
210.1325144193152 7.739638803994183 95
208.8298008719345 2.904611469402544 95
208.53994975846786 -2.047401947763556 95
209.31287123223788 -6.852193919950271 95
213.06660904384458 -11.923930164064577 95
218.05206172258954 -17.460265706111194 95
220.902360320142 -22.791507848103297 95
219.71191021794576 -27.890000598446534 95
226.34286019345896 22.666831813120584 40
218.89896042501445 16.567158774151775 40
220.4506122360296 11.493044190279214 40
223.93490538278147 6.352855751920321 40
226.2472741778419 1.1105976303043614 40
221.26195026948443 -4.103579284502361 40
218.3073389861053 -9.17364403090276 40
221.3710369862128 -14.570054346116942 40
