0.6336202101348919 0.0 95
0.0 0.21928852191602483 95
0.20034928477655742 0.4178186127018916 95
0.3586022558716791 0.5928497147717433 95
0.5900761398688387 0.7455764375071607 95
1.0 0.8835338601475033 95
0.9308880693848991 1.0 95
0.5900761398688387 0.7455764375071607 95
0.20034928477655742 0.4178186127018916 95
0.20034928477655742 0.4178186127018916 95
0.3586022558716791 0.5928497147717433 95
0.20034928477655742 0.4178186127018916 95
0.9308880693848991 1.0 95
1.0 0.8835338601475033 95
1.0 0.8835338601475033 95
0.6336202101348919 0.0 95
0.3586022558716791 0.5928497147717433 95
0.0 0.21928852191602483 95
0.9308880693848991 1.0 95
0.9308880693848991 1.0 95
0.20034928477655742 0.4178186127018916 95
0.9308880693848991 1.0 95
1.0 0.8835338601475033 95
0.20034928477655742 0.4178186127018916 95
0.3586022558716791 0.5928497147717433 95
0.20034928477655742 0.4178186127018916 95
0.3586022558716791 0.5928497147717433 95
0.9308880693848991 1.0 95
0.3586022558716791 0.5928497147717433 95
1.0 0.8835338601475033 95
0.9308880693848991 1.0 95
0.3586022558716791 0.5928497147717433 95
0.0 0.21928852191602483 95
0.9308880693848991 1.0 95
0.20034928477655742 0.4178186127018916 95
0.9308880693848991 1.0 95
1.0 0.8835338601475033 95
0.3586022558716791 0.5928497147717433 95
0.3586022558716791 0.5928497147717433 95
0.9308880693848991 1.0 95
0.9308880693848991 1.0 95
0.9308880693848991 1.0 95
0.3586022558716791 0.5928497147717433 95
1.0 0.8835338601475033 95
1.0 0.8835338601475033 95
0.9308880693848991 1.0 95
0.3586022558716791 0.5928497147717433 95
1.0 0.8835338601475033 95
0.9308880693848991 1.0 95
0.9308880693848991 1.0 95
0.9308880693848991 1.0 95
1.0 0.8835338601475033 95
1.0 0.8835338601475033 95
0.0 0.21928852191602483 95
0.6336202101348919 0.0 95
0.0 0.21928852191602483 95
0.3586022558716791 0.5928497147717433 95
0.20034928477655742 0.4178186127018916 95
0.0 0.21928852191602483 95
0.9308880693848991 1.0 95
0.3586022558716791 0.5928497147717433 95
1.0 0.8835338601475033 95
0.9308880693848991 1.0 95
0.9308880693848991 1.0 95
0.6336202101348919 0.0 95
1.0 0.8835338601475033 95
0.0 0.21928852191602483 95
0.3586022558716791 0.5928497147717433 95
1.0 0.8835338601475033 95
0.20034928477655742 0.4178186127018916 95
1.0 0.8835338601475033 95
0.9308880693848991 1.0 95
0.9308880693848991 1.0 95
0.20034928477655742 0.4178186127018916 95
0.20034928477655742 0.4178186127018916 95
1.0 0.8835338601475033 95
1.0 0.8835338601475033 95
0.5900761398688387 0.7455764375071607 95
1.0 0.8835338601475033 95
0.6336202101348919 0.0 95
0.6336202101348919 0.0 95
0.9308880693848991 1.0 95
0.3586022558716791 0.5928497147717433 95
0.20034928477655742 0.4178186127018916 95
0.9308880693848991 1.0 95
0.9308880693848991 1.0 95
0.9308880693848991 1.0 95
0.9308880693848991 1.0 95
0.9308880693848991 1.0 95
0.3586022558716791 0.5928497147717433 95
0.9308880693848991 1.0 95
0.3586022558716791 0.5928497147717433 95
0.20034928477655742 0.4178186127018916 95
0.3586022558716791 0.5928497147717433 95
0.6336202101348919 0.0 95
0.0 0.21928852191602483 95
0.0 0.21928852191602483 95
1.0 0.8835338601475033 95
1.0 0.8835338601475033 95
1.0 0.8835338601475033 95
0.9308880693848991 1.0 95
1.0 0.8835338601475033 95
0.0 0.21928852191602483 95
0.9308880693848991 1.0 95
0.9308880693848991 1.0 95
1.0 0.8835338601475033 95
0.9308880693848991 1.0 95
0.6336202101348919 0.0 95
0.3586022558716791 0.5928497147717433 95
0.3586022558716791 0.5928497147717433 95
0.6336202101348919 0.0 95
0.9308880693848991 1.0 95
0.3586022558716791 0.5928497147717433 95
0.9308880693848991 1.0 95
0.3586022558716791 0.5928497147717433 95
0.3586022558716791 0.5928497147717433 95
0.9308880693848991 1.0 95
0.9308880693848991 1.0 95
0.9308880693848991 1.0 95
0.9308880693848991 1.0 95
0.3586022558716791 0.5928497147717433 95
0.3586022558716791 0.5928497147717433 95
0.3586022558716791 0.5928497147717433 95
0.9308880693848991 1.0 95
0.9308880693848991 1.0 95
0.20034928477655742 0.4178186127018916 95
0.5900761398688387 0.7455764375071607 95
0.9308880693848991 1.0 95
