0.49607715652534684 0.0 95
0.8048207781339083 0.22158207511046854 95
0.0 0.3749631560980838 95
0.8381102709532066 0.5509930012652449 95
0.6968897479864771 0.6835746961791446 95
1.0 0.8085216913177612 95
0.8871274797131394 0.9116957396526068 95
0.6637137199608989 1.0 95
0.6637137199608989 1.0 95
0.8871274797131394 0.9116957396526068 95
0.49607715652534684 0.0 95
0.6637137199608989 1.0 95
0.8048207781339083 0.22158207511046854 95
0.49607715652534684 0.0 95
0.6637137199608989 1.0 95
0.8048207781339083 0.22158207511046854 95
1.0 0.8085216913177612 95
1.0 0.8085216913177612 95
0.8381102709532066 0.5509930012652449 95
0.6968897479864771 0.6835746961791446 95
0.6637137199608989 1.0 95
0.8048207781339083 0.22158207511046854 95
0.49607715652534684 0.0 95
0.6968897479864771 0.6835746961791446 95
0.8871274797131394 0.9116957396526068 95
0.0 0.3749631560980838 95
0.6637137199608989 1.0 95
0.8381102709532066 0.5509930012652449 95
0.8048207781339083 0.22158207511046854 95
0.0 0.3749631560980838 95
0.8871274797131394 0.9116957396526068 95
0.8048207781339083 0.22158207511046854 95
0.8381102709532066 0.5509930012652449 95
0.8048207781339083 0.22158207511046854 95
0.49607715652534684 0.0 95
0.6637137199608989 1.0 95
1.0 0.8085216913177612 95
0.6637137199608989 1.0 95
0.49607715652534684 0.0 95
1.0 0.8085216913177612 95
0.8048207781339083 0.22158207511046854 95
0.8381102709532066 0.5509930012652449 95
0.8048207781339083 0.22158207511046854 95
0.6968897479864771 0.6835746961791446 95
0.6968897479864771 0.6835746961791446 95
0.8871274797131394 0.9116957396526068 95
0.0 0.3749631560980838 95
0.49607715652534684 0.0 95
0.49607715652534684 0.0 95
0.8871274797131394 0.9116957396526068 95
0.6968897479864771 0.6835746961791446 95
0.6968897479864771 0.6835746961791446 95
0.8048207781339083 0.22158207511046854 95
0.6637137199608989 1.0 95
0.8871274797131394 0.9116957396526068 95
0.6968897479864771 0.6835746961791446 95
0.6637137199608989 1.0 95
0.6637137199608989 1.0 95
0.49607715652534684 0.0 95
0.6637137199608989 1.0 95
0.8871274797131394 0.9116957396526068 95
0.6968897479864771 0.6835746961791446 95
0.0 0.3749631560980838 95
0.8048207781339083 0.22158207511046854 95
0.49607715652534684 0.0 95
0.6968897479864771 0.6835746961791446 95
0.49607715652534684 0.0 95
0.8871274797131394 0.9116957396526068 95
0.0 0.3749631560980838 95
0.6968897479864771 0.6835746961791446 95
0.8381102709532066 0.5509930012652449 95
0.6637137199608989 1.0 95
0.8871274797131394 0.9116957396526068 95
0.6968897479864771 0.6835746961791446 95
1.0 0.8085216913177612 95
0.8048207781339083 0.22158207511046854 95
1.0 0.8085216913177612 95
0.8381102709532066 0.5509930012652449 95
0.6637137199608989 1.0 95
0.8048207781339083 0.22158207511046854 95
0.8381102709532066 0.5509930012652449 95
0.6968897479864771 0.6835746961791446 95
0.49607715652534684 0.0 95
0.8381102709532066 0.5509930012652449 95
0.8871274797131394 0.9116957396526068 95
0.8871274797131394 0.9116957396526068 95
1.0 0.8085216913177612 95
1.0 0.8085216913177612 95
0.0 0.3749631560980838 95
0.6968897479864771 0.6835746961791446 95
0.6968897479864771 0.6835746961791446 95
0.0 0.3749631560980838 95
0.8871274797131394 0.9116957396526068 95
0.8048207781339083 0.22158207511046854 95
0.8871274797131394 0.9116957396526068 95
0.8048207781339083 0.22158207511046854 95
0.6637137199608989 1.0 95
0.8871274797131394 0.9116957396526068 95
0.8871274797131394 0.9116957396526068 95
0.6637137199608989 1.0 95
0.8048207781339083 0.22158207511046854 95
0.8381102709532066 0.5509930012652449 95
0.8871274797131394 0.9116957396526068 95
0.8048207781339083 0.22158207511046854 95
0.8381102709532066 0.5509930012652449 95
0.8048207781339083 0.22158207511046854 95
1.0 0.8085216913177612 95
0.8871274797131394 0.9116957396526068 95
0.6637137199608989 1.0 95
0.8871274797131394 0.9116957396526068 95
0.8871274797131394 0.9116957396526068 95
0.6637137199608989 1.0 95
0.6637137199608989 1.0 95
0.6637137199608989 1.0 95
0.8381102709532066 0.5509930012652449 95
1.0 0.8085216913177612 95
0.8048207781339083 0.22158207511046854 95
0.8381102709532066 0.5509930012652449 95
0.49607715652534684 0.0 95
0.6968897479864771 0.6835746961791446 95
0.6968897479864771 0.6835746961791446 95
0.8381102709532066 0.5509930012652449 95
0.8381102709532066 0.5509930012652449 95
0.49607715652534684 0.0 95
0.6968897479864771 0.6835746961791446 95
1.0 0.8085216913177612 95
0.8048207781339083 0.22158207511046854 95
0.8871274797131394 0.9116957396526068 95
