0.1435765358874157 0.0 95
0.3000436126057214 0.22827131201637849 95
0.0 0.42287554157884 95
0.13392973196685096 0.5956580819392319 95
0.28956467027584754 0.7454629129908621 95
1.0 0.8864178136236652 95
0.9421967464339854 1.0 95
1.0 0.8864178136236652 95
0.28956467027584754 0.7454629129908621 95
0.3000436126057214 0.22827131201637849 95
0.1435765358874157 0.0 95
0.13392973196685096 0.5956580819392319 95
0.1435765358874157 0.0 95
0.0 0.42287554157884 95
1.0 0.8864178136236652 95
0.28956467027584754 0.7454629129908621 95
0.1435765358874157 0.0 95
0.1435765358874157 0.0 95
0.9421967464339854 1.0 95
0.9421967464339854 1.0 95
0.1435765358874157 0.0 95
0.3000436126057214 0.22827131201637849 95
0.28956467027584754 0.7454629129908621 95
0.3000436126057214 0.22827131201637849 95
1.0 0.8864178136236652 95
0.13392973196685096 0.5956580819392319 95
0.9421967464339854 1.0 95
0.13392973196685096 0.5956580819392319 95
0.1435765358874157 0.0 95
0.9421967464339854 1.0 95
0.28956467027584754 0.7454629129908621 95
0.1435765358874157 0.0 95
0.9421967464339854 1.0 95
0.1435765358874157 0.0 95
0.1435765358874157 0.0 95
0.1435765358874157 0.0 95
0.1435765358874157 0.0 95
0.1435765358874157 0.0 95
1.0 0.8864178136236652 95
0.9421967464339854 1.0 95
0.28956467027584754 0.7454629129908621 95
0.28956467027584754 0.7454629129908621 95
0.3000436126057214 0.22827131201637849 95
0.13392973196685096 0.5956580819392319 95
0.28956467027584754 0.7454629129908621 95
1.0 0.8864178136236652 95
0.28956467027584754 0.7454629129908621 95
0.1435765358874157 0.0 95
0.3000436126057214 0.22827131201637849 95
0.3000436126057214 0.22827131201637849 95
0.13392973196685096 0.5956580819392319 95
0.3000436126057214 0.22827131201637849 95
0.0 0.42287554157884 95
0.3000436126057214 0.22827131201637849 95
0.28956467027584754 0.7454629129908621 95
0.3000436126057214 0.22827131201637849 95
0.28956467027584754 0.7454629129908621 95
1.0 0.8864178136236652 95
0.3000436126057214 0.22827131201637849 95
0.28956467027584754 0.7454629129908621 95
0.28956467027584754 0.7454629129908621 95
0.28956467027584754 0.7454629129908621 95
1.0 0.8864178136236652 95
0.9421967464339854 1.0 95
0.1435765358874157 0.0 95
0.1435765358874157 0.0 95
1.0 0.8864178136236652 95
0.13392973196685096 0.5956580819392319 95
0.28956467027584754 0.7454629129908621 95
0.28956467027584754 0.7454629129908621 95
0.13392973196685096 0.5956580819392319 95
0.9421967464339854 1.0 95
0.3000436126057214 0.22827131201637849 95
0.28956467027584754 0.7454629129908621 95
0.13392973196685096 0.5956580819392319 95
0.3000436126057214 0.22827131201637849 95
0.28956467027584754 0.7454629129908621 95
0.1435765358874157 0.0 95
0.3000436126057214 0.22827131201637849 95
0.1435765358874157 0.0 95
0.28956467027584754 0.7454629129908621 95
0.13392973196685096 0.5956580819392319 95
0.1435765358874157 0.0 95
0.3000436126057214 0.22827131201637849 95
0.1435765358874157 0.0 95
0.3000436126057214 0.22827131201637849 95
0.1435765358874157 0.0 95
0.1435765358874157 0.0 95
0.0 0.42287554157884 95
0.28956467027584754 0.7454629129908621 95
0.1435765358874157 0.0 95
0.13392973196685096 0.5956580819392319 95
0.13392973196685096 0.5956580819392319 95
0.9421967464339854 1.0 95
0.13392973196685096 0.5956580819392319 95
0.28956467027584754 0.7454629129908621 95
1.0 0.8864178136236652 95
0.13392973196685096 0.5956580819392319 95
0.3000436126057214 0.22827131201637849 95
1.0 0.8864178136236652 95
0.0 0.42287554157884 95
0.13392973196685096 0.5956580819392319 95
0.1435765358874157 0.0 95
0.9421967464339854 1.0 95
0.1435765358874157 0.0 95
0.1435765358874157 0.0 95
0.9421967464339854 1.0 95
0.9421967464339854 1.0 95
0.9421967464339854 1.0 95
0.1435765358874157 0.0 95
0.1435765358874157 0.0 95
0.1435765358874157 0.0 95
0.1435765358874157 0.0 95
1.0 0.8864178136236652 95
0.9421967464339854 1.0 95
0.0 0.42287554157884 95
0.3000436126057214 0.22827131201637849 95
0.9421967464339854 1.0 95
0.3000436126057214 0.22827131201637849 95
0.1435765358874157 0.0 95
0.1435765358874157 0.0 95
0.1435765358874157 0.0 95
0.1435765358874157 0.0 95
0.28956467027584754 0.7454629129908621 95
1.0 0.8864178136236652 95
0.9421967464339854 1.0 95
0.13392973196685096 0.5956580819392319 95
0.9421967464339854 1.0 95
