0.6529356168809396 0.0 95
0.36805219911261083 0.21991383441610718 95
0.0 0.4099080382310927 95
0.5390170116101862 0.5911957559004551 95
0.4444015346700022 0.7390527884827192 95
1.0 0.8833324609678389 95
0.9078804877518343 1.0 95
0.0 0.4099080382310927 95
1.0 0.8833324609678389 95
0.9078804877518343 1.0 95
0.0 0.4099080382310927 95
0.6529356168809396 0.0 95
0.9078804877518343 1.0 95
0.6529356168809396 0.0 95
0.36805219911261083 0.21991383441610718 95
1.0 0.8833324609678389 95
0.4444015346700022 0.7390527884827192 95
1.0 0.8833324609678389 95
0.4444015346700022 0.7390527884827192 95
1.0 0.8833324609678389 95
0.4444015346700022 0.7390527884827192 95
1.0 0.8833324609678389 95
0.0 0.4099080382310927 95
1.0 0.8833324609678389 95
0.5390170116101862 0.5911957559004551 95
0.0 0.4099080382310927 95
0.9078804877518343 1.0 95
0.9078804877518343 1.0 95
0.4444015346700022 0.7390527884827192 95
0.0 0.4099080382310927 95
1.0 0.8833324609678389 95
0.0 0.4099080382310927 95
0.6529356168809396 0.0 95
0.0 0.4099080382310927 95
0.4444015346700022 0.7390527884827192 95
0.6529356168809396 0.0 95
0.5390170116101862 0.5911957559004551 95
0.5390170116101862 0.5911957559004551 95
0.4444015346700022 0.7390527884827192 95
0.4444015346700022 0.7390527884827192 95
0.4444015346700022 0.7390527884827192 95
0.4444015346700022 0.7390527884827192 95
0.0 0.4099080382310927 95
1.0 0.8833324609678389 95
0.5390170116101862 0.5911957559004551 95
0.4444015346700022 0.7390527884827192 95
0.0 0.4099080382310927 95
0.6529356168809396 0.0 95
0.4444015346700022 0.7390527884827192 95
0.0 0.4099080382310927 95
0.5390170116101862 0.5911957559004551 95
1.0 0.8833324609678389 95
0.9078804877518343 1.0 95
0.0 0.4099080382310927 95
0.6529356168809396 0.0 95
0.0 0.4099080382310927 95
0.6529356168809396 0.0 95
0.6529356168809396 0.0 95
1.0 0.8833324609678389 95
0.4444015346700022 0.7390527884827192 95
1.0 0.8833324609678389 95
1.0 0.8833324609678389 95
0.0 0.4099080382310927 95
0.4444015346700022 0.7390527884827192 95
0.6529356168809396 0.0 95
0.6529356168809396 0.0 95
0.0 0.4099080382310927 95
0.0 0.4099080382310927 95
0.9078804877518343 1.0 95
0.36805219911261083 0.21991383441610718 95
0.0 0.4099080382310927 95
0.4444015346700022 0.7390527884827192 95
0.4444015346700022 0.7390527884827192 95
1.0 0.8833324609678389 95
0.9078804877518343 1.0 95
1.0 0.8833324609678389 95
0.6529356168809396 0.0 95
0.0 0.4099080382310927 95
1.0 0.8833324609678389 95
0.9078804877518343 1.0 95
1.0 0.8833324609678389 95
0.9078804877518343 1.0 95
1.0 0.8833324609678389 95
1.0 0.8833324609678389 95
0.4444015346700022 0.7390527884827192 95
1.0 0.8833324609678389 95
0.9078804877518343 1.0 95
0.4444015346700022 0.7390527884827192 95
1.0 0.8833324609678389 95
0.0 0.4099080382310927 95
0.0 0.4099080382310927 95
0.4444015346700022 0.7390527884827192 95
0.0 0.4099080382310927 95
0.0 0.4099080382310927 95
1.0 0.8833324609678389 95
0.0 0.4099080382310927 95
0.9078804877518343 1.0 95
0.6529356168809396 0.0 95
0.6529356168809396 0.0 95
0.4444015346700022 0.7390527884827192 95
0.5390170116101862 0.5911957559004551 95
0.0 0.4099080382310927 95
0.5390170116101862 0.5911957559004551 95
0.4444015346700022 0.7390527884827192 95
0.36805219911261083 0.21991383441610718 95
0.0 0.4099080382310927 95
1.0 0.8833324609678389 95
0.9078804877518343 1.0 95
0.0 0.4099080382310927 95
0.5390170116101862 0.5911957559004551 95
0.6529356168809396 0.0 95
0.4444015346700022 0.7390527884827192 95
0.9078804877518343 1.0 95
0.9078804877518343 1.0 95
1.0 0.8833324609678389 95
0.0 0.4099080382310927 95
0.6529356168809396 0.0 95
0.0 0.4099080382310927 95
1.0 0.8833324609678389 95
0.5390170116101862 0.5911957559004551 95
1.0 0.8833324609678389 95
0.0 0.4099080382310927 95
0.5390170116101862 0.5911957559004551 95
0.9078804877518343 1.0 95
0.4444015346700022 0.7390527884827192 95
0.5390170116101862 0.5911957559004551 95
0.4444015346700022 0.7390527884827192 95
0.6529356168809396 0.0 95
