0.6864172592322654 0.0 95
0.5592990571022664 0.22346210807640662 95
0.1117596527365325 0.41346170326114695 95
0.0 0.5858607540217909 95
0.5273085134559662 0.7458213877598904 95
1.0 0.8876718738364724 95
0.6100458751315846 1.0 95
0.5273085134559662 0.7458213877598904 95
0.5592990571022664 0.22346210807640662 95
0.0 0.5858607540217909 95
0.5273085134559662 0.7458213877598904 95
0.6100458751315846 1.0 95
0.5592990571022664 0.22346210807640662 95
1.0 0.8876718738364724 95
0.5273085134559662 0.7458213877598904 95
1.0 0.8876718738364724 95
0.5273085134559662 0.7458213877598904 95
0.1117596527365325 0.41346170326114695 95
0.6864172592322654 0.0 95
0.0 0.5858607540217909 95
0.1117596527365325 0.41346170326114695 95
0.1117596527365325 0.41346170326114695 95
0.5592990571022664 0.22346210807640662 95
0.6100458751315846 1.0 95
0.6864172592322654 0.0 95
0.5592990571022664 0.22346210807640662 95
0.0 0.5858607540217909 95
0.5592990571022664 0.22346210807640662 95
0.6864172592322654 0.0 95
0.5273085134559662 0.7458213877598904 95
0.6864172592322654 0.0 95
0.6100458751315846 1.0 95
0.5592990571022664 0.22346210807640662 95
0.5592990571022664 0.22346210807640662 95
0.5592990571022664 0.22346210807640662 95
0.5592990571022664 0.22346210807640662 95
0.6100458751315846 1.0 95
0.5273085134559662 0.7458213877598904 95
0.5592990571022664 0.22346210807640662 95
0.5592990571022664 0.22346210807640662 95
0.6864172592322654 0.0 95
0.6100458751315846 1.0 95
1.0 0.8876718738364724 95
0.6100458751315846 1.0 95
0.5273085134559662 0.7458213877598904 95
0.6864172592322654 0.0 95
0.6100458751315846 1.0 95
0.5592990571022664 0.22346210807640662 95
0.6864172592322654 0.0 95
0.1117596527365325 0.41346170326114695 95
0.6864172592322654 0.0 95
0.5592990571022664 0.22346210807640662 95
0.1117596527365325 0.41346170326114695 95
0.5273085134559662 0.7458213877598904 95
1.0 0.8876718738364724 95
0.5592990571022664 0.22346210807640662 95
0.5273085134559662 0.7458213877598904 95
0.0 0.5858607540217909 95
0.6864172592322654 0.0 95
1.0 0.8876718738364724 95
0.5273085134559662 0.7458213877598904 95
0.6864172592322654 0.0 95
0.0 0.5858607540217909 95
1.0 0.8876718738364724 95
0.6864172592322654 0.0 95
0.1117596527365325 0.41346170326114695 95
0.5592990571022664 0.22346210807640662 95
0.5592990571022664 0.22346210807640662 95
0.5592990571022664 0.22346210807640662 95
0.5592990571022664 0.22346210807640662 95
0.6864172592322654 0.0 95
0.6864172592322654 0.0 95
0.6100458751315846 1.0 95
0.5273085134559662 0.7458213877598904 95
0.6864172592322654 0.0 95
0.6864172592322654 0.0 95
0.5273085134559662 0.7458213877598904 95
0.5273085134559662 0.7458213877598904 95
0.0 0.5858607540217909 95
0.5592990571022664 0.22346210807640662 95
0.6864172592322654 0.0 95
0.5592990571022664 0.22346210807640662 95
0.0 0.5858607540217909 95
0.6864172592322654 0.0 95
0.1117596527365325 0.41346170326114695 95
0.0 0.5858607540217909 95
0.6864172592322654 0.0 95
0.0 0.5858607540217909 95
0.5273085134559662 0.7458213877598904 95
0.5273085134559662 0.7458213877598904 95
0.6100458751315846 1.0 95
0.5592990571022664 0.22346210807640662 95
0.5273085134559662 0.7458213877598904 95
0.5273085134559662 0.7458213877598904 95
0.5273085134559662 0.7458213877598904 95
0.1117596527365325 0.41346170326114695 95
0.6864172592322654 0.0 95
0.6100458751315846 1.0 95
1.0 0.8876718738364724 95
0.5592990571022664 0.22346210807640662 95
0.6864172592322654 0.0 95
0.5273085134559662 0.7458213877598904 95
0.6864172592322654 0.0 95
0.6864172592322654 0.0 95
0.5592990571022664 0.22346210807640662 95
0.5273085134559662 0.7458213877598904 95
0.6100458751315846 1.0 95
0.5273085134559662 0.7458213877598904 95
0.5273085134559662 0.7458213877598904 95
0.5592990571022664 0.22346210807640662 95
0.5592990571022664 0.22346210807640662 95
0.5273085134559662 0.7458213877598904 95
0.5592990571022664 0.22346210807640662 95
0.0 0.5858607540217909 95
1.0 0.8876718738364724 95
1.0 0.8876718738364724 95
0.5592990571022664 0.22346210807640662 95
0.6100458751315846 1.0 95
0.6864172592322654 0.0 95
1.0 0.8876718738364724 95
0.1117596527365325 0.41346170326114695 95
0.5273085134559662 0.7458213877598904 95
0.6100458751315846 1.0 95
0.5592990571022664 0.22346210807640662 95
0.5592990571022664 0.22346210807640662 95
1.0 0.8876718738364724 95
0.5592990571022664 0.22346210807640662 95
0.5273085134559662 0.7458213877598904 95
