0.7044161964498183 0.0 95
0.0 0.20847601088383225 95
0.7278078607581044 0.4238239046089063 95
0.04136804208693905 0.5796709852830972 95
0.7083691749484077 0.7456803850631102 95
0.9136301581423057 0.879673326517753 95
1.0 1.0 95
0.9136301581423057 0.879673326517753 95
0.9136301581423057 0.879673326517753 95
0.7044161964498183 0.0 95
0.04136804208693905 0.5796709852830972 95
0.0 0.20847601088383225 95
1.0 1.0 95
0.04136804208693905 0.5796709852830972 95
0.0 0.20847601088383225 95
0.7083691749484077 0.7456803850631102 95
0.04136804208693905 0.5796709852830972 95
0.7083691749484077 0.7456803850631102 95
0.9136301581423057 0.879673326517753 95
0.9136301581423057 0.879673326517753 95
1.0 1.0 95
0.7083691749484077 0.7456803850631102 95
0.7278078607581044 0.4238239046089063 95
0.9136301581423057 0.879673326517753 95
0.7044161964498183 0.0 95
0.0 0.20847601088383225 95
0.7278078607581044 0.4238239046089063 95
0.9136301581423057 0.879673326517753 95
0.7044161964498183 0.0 95
0.9136301581423057 0.879673326517753 95
0.7278078607581044 0.4238239046089063 95
0.9136301581423057 0.879673326517753 95
0.7278078607581044 0.4238239046089063 95
0.7044161964498183 0.0 95
0.9136301581423057 0.879673326517753 95
0.9136301581423057 0.879673326517753 95
0.9136301581423057 0.879673326517753 95
1.0 1.0 95
0.0 0.20847601088383225 95
0.9136301581423057 0.879673326517753 95
0.9136301581423057 0.879673326517753 95
0.9136301581423057 0.879673326517753 95
0.9136301581423057 0.879673326517753 95
0.0 0.20847601088383225 95
0.04136804208693905 0.5796709852830972 95
0.0 0.20847601088383225 95
0.04136804208693905 0.5796709852830972 95
0.9136301581423057 0.879673326517753 95
0.9136301581423057 0.879673326517753 95
0.0 0.20847601088383225 95
0.04136804208693905 0.5796709852830972 95
0.7083691749484077 0.7456803850631102 95
0.7278078607581044 0.4238239046089063 95
0.04136804208693905 0.5796709852830972 95
0.7083691749484077 0.7456803850631102 95
0.9136301581423057 0.879673326517753 95
0.9136301581423057 0.879673326517753 95
0.9136301581423057 0.879673326517753 95
0.7083691749484077 0.7456803850631102 95
0.04136804208693905 0.5796709852830972 95
0.7044161964498183 0.0 95
0.9136301581423057 0.879673326517753 95
0.7044161964498183 0.0 95
0.7044161964498183 0.0 95
0.9136301581423057 0.879673326517753 95
0.0 0.20847601088383225 95
0.04136804208693905 0.5796709852830972 95
0.9136301581423057 0.879673326517753 95
0.0 0.20847601088383225 95
0.9136301581423057 0.879673326517753 95
0.04136804208693905 0.5796709852830972 95
0.7278078607581044 0.4238239046089063 95
0.7083691749484077 0.7456803850631102 95
0.04136804208693905 0.5796709852830972 95
0.9136301581423057 0.879673326517753 95
0.7083691749484077 0.7456803850631102 95
0.9136301581423057 0.879673326517753 95
0.9136301581423057 0.879673326517753 95
0.7044161964498183 0.0 95
0.7083691749484077 0.7456803850631102 95
0.9136301581423057 0.879673326517753 95
0.7083691749484077 0.7456803850631102 95
1.0 1.0 95
0.04136804208693905 0.5796709852830972 95
0.7083691749484077 0.7456803850631102 95
0.0 0.20847601088383225 95
1.0 1.0 95
0.9136301581423057 0.879673326517753 95
0.9136301581423057 0.879673326517753 95
0.9136301581423057 0.879673326517753 95
0.0 0.20847601088383225 95
0.9136301581423057 0.879673326517753 95
0.9136301581423057 0.879673326517753 95
0.7278078607581044 0.4238239046089063 95
0.7083691749484077 0.7456803850631102 95
0.9136301581423057 0.879673326517753 95
0.7083691749484077 0.7456803850631102 95
0.7278078607581044 0.4238239046089063 95
0.7044161964498183 0.0 95
0.7083691749484077 0.7456803850631102 95
0.0 0.20847601088383225 95
0.04136804208693905 0.5796709852830972 95
1.0 1.0 95
0.7044161964498183 0.0 95
0.04136804208693905 0.5796709852830972 95
0.7044161964498183 0.0 95
0.9136301581423057 0.879673326517753 95
0.7278078607581044 0.4238239046089063 95
0.9136301581423057 0.879673326517753 95
0.0 0.20847601088383225 95
0.0 0.20847601088383225 95
0.9136301581423057 0.879673326517753 95
0.9136301581423057 0.879673326517753 95
0.7044161964498183 0.0 95
0.7083691749484077 0.7456803850631102 95
0.7083691749484077 0.7456803850631102 95
0.9136301581423057 0.879673326517753 95
0.04136804208693905 0.5796709852830972 95
0.9136301581423057 0.879673326517753 95
0.9136301581423057 0.879673326517753 95
0.0 0.20847601088383225 95
0.7083691749484077 0.7456803850631102 95
0.7278078607581044 0.4238239046089063 95
0.9136301581423057 0.879673326517753 95
0.0 0.20847601088383225 95
0.04136804208693905 0.5796709852830972 95
0.9136301581423057 0.879673326517753 95
0.0 0.20847601088383225 95
