0.8864603543278933 0.0 95
0.0 0.21558716381924636 95
0.39965815933469945 0.4181705913948223 95
0.09202658145017353 0.583121318798621 95
0.4902742703851235 0.7399047298914352 95
0.805127098464634 0.8785323217561857 95
1.0 1.0 95
0.39965815933469945 0.4181705913948223 95
0.8864603543278933 0.0 95
0.4902742703851235 0.7399047298914352 95
0.39965815933469945 0.4181705913948223 95
0.0 0.21558716381924636 95
1.0 1.0 95
0.805127098464634 0.8785323217561857 95
0.39965815933469945 0.4181705913948223 95
1.0 1.0 95
0.805127098464634 0.8785323217561857 95
0.805127098464634 0.8785323217561857 95
1.0 1.0 95
0.39965815933469945 0.4181705913948223 95
0.39965815933469945 0.4181705913948223 95
0.09202658145017353 0.583121318798621 95
0.8864603543278933 0.0 95
0.4902742703851235 0.7399047298914352 95
0.4902742703851235 0.7399047298914352 95
0.39965815933469945 0.4181705913948223 95
0.805127098464634 0.8785323217561857 95
0.805127098464634 0.8785323217561857 95
0.4902742703851235 0.7399047298914352 95
0.0 0.21558716381924636 95
0.0 0.21558716381924636 95
0.8864603543278933 0.0 95
0.8864603543278933 0.0 95
0.39965815933469945 0.4181705913948223 95
0.0 0.21558716381924636 95
0.805127098464634 0.8785323217561857 95
0.8864603543278933 0.0 95
0.8864603543278933 0.0 95
0.4902742703851235 0.7399047298914352 95
0.4902742703851235 0.7399047298914352 95
0.39965815933469945 0.4181705913948223 95
0.0 0.21558716381924636 95
0.09202658145017353 0.583121318798621 95
0.39965815933469945 0.4181705913948223 95
1.0 1.0 95
1.0 1.0 95
0.0 0.21558716381924636 95
1.0 1.0 95
0.39965815933469945 0.4181705913948223 95
0.39965815933469945 0.4181705913948223 95
0.805127098464634 0.8785323217561857 95
0.805127098464634 0.8785323217561857 95
0.0 0.21558716381924636 95
0.39965815933469945 0.4181705913948223 95
0.39965815933469945 0.4181705913948223 95
1.0 1.0 95
0.39965815933469945 0.4181705913948223 95
0.09202658145017353 0.583121318798621 95
0.39965815933469945 0.4181705913948223 95
0.805127098464634 0.8785323217561857 95
1.0 1.0 95
0.4902742703851235 0.7399047298914352 95
0.8864603543278933 0.0 95
0.805127098464634 0.8785323217561857 95
0.8864603543278933 0.0 95
0.805127098464634 0.8785323217561857 95
1.0 1.0 95
1.0 1.0 95
0.39965815933469945 0.4181705913948223 95
0.39965815933469945 0.4181705913948223 95
0.09202658145017353 0.583121318798621 95
1.0 1.0 95
0.39965815933469945 0.4181705913948223 95
0.39965815933469945 0.4181705913948223 95
0.805127098464634 0.8785323217561857 95
0.805127098464634 0.8785323217561857 95
1.0 1.0 95
0.4902742703851235 0.7399047298914352 95
0.39965815933469945 0.4181705913948223 95
0.0 0.21558716381924636 95
0.4902742703851235 0.7399047298914352 95
0.09202658145017353 0.583121318798621 95
0.09202658145017353 0.583121318798621 95
1.0 1.0 95
0.4902742703851235 0.7399047298914352 95
0.0 0.21558716381924636 95
0.4902742703851235 0.7399047298914352 95
0.09202658145017353 0.583121318798621 95
0.0 0.21558716381924636 95
0.39965815933469945 0.4181705913948223 95
0.4902742703851235 0.7399047298914352 95
0.39965815933469945 0.4181705913948223 95
0.09202658145017353 0.583121318798621 95
0.39965815933469945 0.4181705913948223 95
0.09202658145017353 0.583121318798621 95
0.39965815933469945 0.4181705913948223 95
0.39965815933469945 0.4181705913948223 95
0.39965815933469945 0.4181705913948223 95
1.0 1.0 95
0.805127098464634 0.8785323217561857 95
0.805127098464634 0.8785323217561857 95
0.39965815933469945 0.4181705913948223 95
0.39965815933469945 0.4181705913948223 95
0.805127098464634 0.8785323217561857 95
1.0 1.0 95
0.8864603543278933 0.0 95
0.39965815933469945 0.4181705913948223 95
0.39965815933469945 0.4181705913948223 95
0.8864603543278933 0.0 95
0.39965815933469945 0.4181705913948223 95
0.0 0.21558716381924636 95
0.09202658145017353 0.583121318798621 95
0.805127098464634 0.8785323217561857 95
0.805127098464634 0.8785323217561857 95
1.0 1.0 95
0.09202658145017353 0.583121318798621 95
0.805127098464634 0.8785323217561857 95
0.39965815933469945 0.4181705913948223 95
0.39965815933469945 0.4181705913948223 95
1.0 1.0 95
1.0 1.0 95
0.805127098464634 0.8785323217561857 95
0.39965815933469945 0.4181705913948223 95
1.0 1.0 95
0.805127098464634 0.8785323217561857 95
0.0 0.21558716381924636 95
0.805127098464634 0.8785323217561857 95
0.8864603543278933 0.0 95
