0.5832875401083084 0.0 95
0.6622368655517695 0.21546920112863097 95
0.5128255407724726 0.38973198034698725 95
0.7992536768336541 0.5615762313107291 95
0.7083259748516764 0.6957950954075175 95
0.9229304300064423 0.8262041284305545 95
1.0 0.9363232648007099 95
0.0 1.0 95
0.7083259748516764 0.6957950954075175 95
0.5128255407724726 0.38973198034698725 95
0.5128255407724726 0.38973198034698725 95
0.7992536768336541 0.5615762313107291 95
0.7992536768336541 0.5615762313107291 95
0.7083259748516764 0.6957950954075175 95
0.6622368655517695 0.21546920112863097 95
1.0 0.9363232648007099 95
1.0 0.9363232648007099 95
0.7083259748516764 0.6957950954075175 95
0.6622368655517695 0.21546920112863097 95
0.5832875401083084 0.0 95
0.0 1.0 95
0.7992536768336541 0.5615762313107291 95
0.5128255407724726 0.38973198034698725 95
0.9229304300064423 0.8262041284305545 95
0.7992536768336541 0.5615762313107291 95
0.9229304300064423 0.8262041284305545 95
0.5832875401083084 0.0 95
0.6622368655517695 0.21546920112863097 95
0.5128255407724726 0.38973198034698725 95
1.0 0.9363232648007099 95
0.7992536768336541 0.5615762313107291 95
0.9229304300064423 0.8262041284305545 95
1.0 0.9363232648007099 95
0.5832875401083084 0.0 95
0.7992536768336541 0.5615762313107291 95
0.5128255407724726 0.38973198034698725 95
0.7992536768336541 0.5615762313107291 95
0.7992536768336541 0.5615762313107291 95
1.0 0.9363232648007099 95
0.7083259748516764 0.6957950954075175 95
0.5832875401083084 0.0 95
0.5128255407724726 0.38973198034698725 95
0.6622368655517695 0.21546920112863097 95
0.5832875401083084 0.0 95
0.6622368655517695 0.21546920112863097 95
0.7992536768336541 0.5615762313107291 95
0.9229304300064423 0.8262041284305545 95
0.6622368655517695 0.21546920112863097 95
1.0 0.9363232648007099 95
0.6622368655517695 0.21546920112863097 95
0.0 1.0 95
0.7992536768336541 0.5615762313107291 95
0.5128255407724726 0.38973198034698725 95
0.6622368655517695 0.21546920112863097 95
0.7992536768336541 0.5615762313107291 95
0.9229304300064423 0.8262041284305545 95
0.5128255407724726 0.38973198034698725 95
0.7992536768336541 0.5615762313107291 95
1.0 0.9363232648007099 95
1.0 0.9363232648007099 95
0.7992536768336541 0.5615762313107291 95
0.0 1.0 95
0.9229304300064423 0.8262041284305545 95
0.6622368655517695 0.21546920112863097 95
0.9229304300064423 0.8262041284305545 95
0.7992536768336541 0.5615762313107291 95
1.0 0.9363232648007099 95
1.0 0.9363232648007099 95
0.5128255407724726 0.38973198034698725 95
0.5128255407724726 0.38973198034698725 95
0.5832875401083084 0.0 95
0.7083259748516764 0.6957950954075175 95
0.5832875401083084 0.0 95
0.7992536768336541 0.5615762313107291 95
0.6622368655517695 0.21546920112863097 95
0.5128255407724726 0.38973198034698725 95
0.5128255407724726 0.38973198034698725 95
0.7083259748516764 0.6957950954075175 95
0.7992536768336541 0.5615762313107291 95
0.0 1.0 95
0.5832875401083084 0.0 95
0.5832875401083084 0.0 95
0.9229304300064423 0.8262041284305545 95
1.0 0.9363232648007099 95
0.7992536768336541 0.5615762313107291 95
0.5832875401083084 0.0 95
1.0 0.9363232648007099 95
0.5832875401083084 0.0 95
0.6622368655517695 0.21546920112863097 95
0.7992536768336541 0.5615762313107291 95
0.7992536768336541 0.5615762313107291 95
0.6622368655517695 0.21546920112863097 95
0.9229304300064423 0.8262041284305545 95
0.0 1.0 95
0.7992536768336541 0.5615762313107291 95
0.5128255407724726 0.38973198034698725 95
0.9229304300064423 0.8262041284305545 95
0.7992536768336541 0.5615762313107291 95
0.5128255407724726 0.38973198034698725 95
1.0 0.9363232648007099 95
0.7992536768336541 0.5615762313107291 95
0.7992536768336541 0.5615762313107291 95
0.7083259748516764 0.6957950954075175 95
0.5128255407724726 0.38973198034698725 95
0.6622368655517695 0.21546920112863097 95
0.5832875401083084 0.0 95
1.0 0.9363232648007099 95
0.7992536768336541 0.5615762313107291 95
0.7083259748516764 0.6957950954075175 95
1.0 0.9363232648007099 95
0.7992536768336541 0.5615762313107291 95
0.6622368655517695 0.21546920112863097 95
0.5832875401083084 0.0 95
0.9229304300064423 0.8262041284305545 95
0.7083259748516764 0.6957950954075175 95
0.5128255407724726 0.38973198034698725 95
0.7992536768336541 0.5615762313107291 95
0.5832875401083084 0.0 95
0.5128255407724726 0.38973198034698725 95
0.6622368655517695 0.21546920112863097 95
0.7992536768336541 0.5615762313107291 95
0.7992536768336541 0.5615762313107291 95
1.0 0.9363232648007099 95
0.6622368655517695 0.21546920112863097 95
0.5128255407724726 0.38973198034698725 95
0.6622368655517695 0.21546920112863097 95
0.0 1.0 95
0.6622368655517695 0.21546920112863097 95
