0.44366596428486954 0.0 95
0.4071763970161931 0.22953051890230428 95
0.0 0.4190175411255307 95
0.4025690059393917 0.5941977474203922 95
0.31690430268838704 0.7412025251943483 95
1.0 0.8834792518768765 95
0.8780810922285901 1.0 95
0.31690430268838704 0.7412025251943483 95
0.0 0.4190175411255307 95
0.4071763970161931 0.22953051890230428 95
0.8780810922285901 1.0 95
0.31690430268838704 0.7412025251943483 95
0.8780810922285901 1.0 95
1.0 0.8834792518768765 95
0.4025690059393917 0.5941977474203922 95
1.0 0.8834792518768765 95
0.4071763970161931 0.22953051890230428 95
0.8780810922285901 1.0 95
0.44366596428486954 0.0 95
0.8780810922285901 1.0 95
1.0 0.8834792518768765 95
0.0 0.4190175411255307 95
1.0 0.8834792518768765 95
0.4025690059393917 0.5941977474203922 95
0.0 0.4190175411255307 95
1.0 0.8834792518768765 95
0.31690430268838704 0.7412025251943483 95
0.44366596428486954 0.0 95
0.0 0.4190175411255307 95
0.4071763970161931 0.22953051890230428 95
0.4025690059393917 0.5941977474203922 95
0.4025690059393917 0.5941977474203922 95
1.0 0.8834792518768765 95
0.4071763970161931 0.22953051890230428 95
0.31690430268838704 0.7412025251943483 95
0.4025690059393917 0.5941977474203922 95
0.31690430268838704 0.7412025251943483 95
0.31690430268838704 0.7412025251943483 95
0.4025690059393917 0.5941977474203922 95
0.4025690059393917 0.5941977474203922 95
0.0 0.4190175411255307 95
0.44366596428486954 0.0 95
0.31690430268838704 0.7412025251943483 95
0.0 0.4190175411255307 95
0.31690430268838704 0.7412025251943483 95
0.8780810922285901 1.0 95
1.0 0.8834792518768765 95
0.0 0.4190175411255307 95
0.0 0.4190175411255307 95
0.4025690059393917 0.5941977474203922 95
0.4025690059393917 0.5941977474203922 95
0.4025690059393917 0.5941977474203922 95
1.0 0.8834792518768765 95
0.4025690059393917 0.5941977474203922 95
0.31690430268838704 0.7412025251943483 95
0.4025690059393917 0.5941977474203922 95
1.0 0.8834792518768765 95
0.0 0.4190175411255307 95
0.31690430268838704 0.7412025251943483 95
0.8780810922285901 1.0 95
0.4071763970161931 0.22953051890230428 95
1.0 0.8834792518768765 95
0.4025690059393917 0.5941977474203922 95
0.0 0.4190175411255307 95
0.4071763970161931 0.22953051890230428 95
0.4071763970161931 0.22953051890230428 95
0.0 0.4190175411255307 95
0.8780810922285901 1.0 95
0.31690430268838704 0.7412025251943483 95
1.0 0.8834792518768765 95
0.31690430268838704 0.7412025251943483 95
0.8780810922285901 1.0 95
0.31690430268838704 0.7412025251943483 95
0.4025690059393917 0.5941977474203922 95
0.31690430268838704 0.7412025251943483 95
0.4025690059393917 0.5941977474203922 95
0.31690430268838704 0.7412025251943483 95
0.0 0.4190175411255307 95
0.31690430268838704 0.7412025251943483 95
0.4025690059393917 0.5941977474203922 95
0.31690430268838704 0.7412025251943483 95
0.4025690059393917 0.5941977474203922 95
0.44366596428486954 0.0 95
0.8780810922285901 1.0 95
0.31690430268838704 0.7412025251943483 95
1.0 0.8834792518768765 95
0.4025690059393917 0.5941977474203922 95
0.4071763970161931 0.22953051890230428 95
0.4071763970161931 0.22953051890230428 95
0.0 0.4190175411255307 95
0.8780810922285901 1.0 95
0.31690430268838704 0.7412025251943483 95
0.4025690059393917 0.5941977474203922 95
0.4071763970161931 0.22953051890230428 95
0.4071763970161931 0.22953051890230428 95
0.0 0.4190175411255307 95
0.4071763970161931 0.22953051890230428 95
1.0 0.8834792518768765 95
0.31690430268838704 0.7412025251943483 95
0.8780810922285901 1.0 95
0.4025690059393917 0.5941977474203922 95
0.4025690059393917 0.5941977474203922 95
0.4025690059393917 0.5941977474203922 95
0.4071763970161931 0.22953051890230428 95
1.0 0.8834792518768765 95
0.8780810922285901 1.0 95
0.31690430268838704 0.7412025251943483 95
0.4071763970161931 0.22953051890230428 95
0.8780810922285901 1.0 95
0.4025690059393917 0.5941977474203922 95
0.8780810922285901 1.0 95
0.44366596428486954 0.0 95
0.31690430268838704 0.7412025251943483 95
0.4071763970161931 0.22953051890230428 95
1.0 0.8834792518768765 95
0.8780810922285901 1.0 95
1.0 0.8834792518768765 95
0.31690430268838704 0.7412025251943483 95
0.31690430268838704 0.7412025251943483 95
0.0 0.4190175411255307 95
1.0 0.8834792518768765 95
0.0 0.4190175411255307 95
0.31690430268838704 0.7412025251943483 95
0.0 0.4190175411255307 95
0.8780810922285901 1.0 95
1.0 0.8834792518768765 95
0.31690430268838704 0.7412025251943483 95
0.4071763970161931 0.22953051890230428 95
