0.3133583879208309 0.0 95
0.32965336515547317 0.23011237428711523 95
0.0 0.4154034656173806 95
0.3299764498749321 0.5950936844223587 95
0.6461008578286199 0.746665052714923 95
1.0 0.8841358177185297 95
0.9643397630866813 1.0 95
0.3133583879208309 0.0 95
0.9643397630866813 1.0 95
0.9643397630866813 1.0 95
0.32965336515547317 0.23011237428711523 95
0.9643397630866813 1.0 95
0.6461008578286199 0.746665052714923 95
0.3133583879208309 0.0 95
1.0 0.8841358177185297 95
0.6461008578286199 0.746665052714923 95
1.0 0.8841358177185297 95
0.3133583879208309 0.0 95
0.9643397630866813 1.0 95
0.6461008578286199 0.746665052714923 95
0.9643397630866813 1.0 95
0.32965336515547317 0.23011237428711523 95
1.0 0.8841358177185297 95
0.32965336515547317 0.23011237428711523 95
1.0 0.8841358177185297 95
0.3299764498749321 0.5950936844223587 95
0.3299764498749321 0.5950936844223587 95
1.0 0.8841358177185297 95
1.0 0.8841358177185297 95
0.6461008578286199 0.746665052714923 95
0.3133583879208309 0.0 95
1.0 0.8841358177185297 95
1.0 0.8841358177185297 95
0.6461008578286199 0.746665052714923 95
1.0 0.8841358177185297 95
1.0 0.8841358177185297 95
0.32965336515547317 0.23011237428711523 95
1.0 0.8841358177185297 95
0.3299764498749321 0.5950936844223587 95
1.0 0.8841358177185297 95
0.3133583879208309 0.0 95
0.32965336515547317 0.23011237428711523 95
0.9643397630866813 1.0 95
0.3133583879208309 0.0 95
0.3133583879208309 0.0 95
0.3133583879208309 0.0 95
0.9643397630866813 1.0 95
1.0 0.8841358177185297 95
0.32965336515547317 0.23011237428711523 95
0.32965336515547317 0.23011237428711523 95
0.3133583879208309 0.0 95
0.6461008578286199 0.746665052714923 95
0.3299764498749321 0.5950936844223587 95
0.3133583879208309 0.0 95
1.0 0.8841358177185297 95
0.9643397630866813 1.0 95
1.0 0.8841358177185297 95
0.3299764498749321 0.5950936844223587 95
0.3133583879208309 0.0 95
0.3133583879208309 0.0 95
0.3133583879208309 0.0 95
0.32965336515547317 0.23011237428711523 95
0.32965336515547317 0.23011237428711523 95
0.9643397630866813 1.0 95
0.3133583879208309 0.0 95
0.3299764498749321 0.5950936844223587 95
0.6461008578286199 0.746665052714923 95
0.9643397630866813 1.0 95
0.3133583879208309 0.0 95
0.32965336515547317 0.23011237428711523 95
0.3133583879208309 0.0 95
1.0 0.8841358177185297 95
0.9643397630866813 1.0 95
0.32965336515547317 0.23011237428711523 95
1.0 0.8841358177185297 95
0.32965336515547317 0.23011237428711523 95
1.0 0.8841358177185297 95
0.3133583879208309 0.0 95
0.3133583879208309 0.0 95
1.0 0.8841358177185297 95
0.3299764498749321 0.5950936844223587 95
0.3133583879208309 0.0 95
0.3299764498749321 0.5950936844223587 95
0.6461008578286199 0.746665052714923 95
1.0 0.8841358177185297 95
0.3133583879208309 0.0 95
0.32965336515547317 0.23011237428711523 95
1.0 0.8841358177185297 95
1.0 0.8841358177185297 95
0.3133583879208309 0.0 95
0.3133583879208309 0.0 95
0.6461008578286199 0.746665052714923 95
0.6461008578286199 0.746665052714923 95
0.3133583879208309 0.0 95
0.6461008578286199 0.746665052714923 95
0.6461008578286199 0.746665052714923 95
0.32965336515547317 0.23011237428711523 95
1.0 0.8841358177185297 95
0.3133583879208309 0.0 95
1.0 0.8841358177185297 95
1.0 0.8841358177185297 95
0.32965336515547317 0.23011237428711523 95
1.0 0.8841358177185297 95
1.0 0.8841358177185297 95
0.9643397630866813 1.0 95
1.0 0.8841358177185297 95
0.3133583879208309 0.0 95
0.6461008578286199 0.746665052714923 95
0.3299764498749321 0.5950936844223587 95
0.9643397630866813 1.0 95
0.3133583879208309 0.0 95
0.32965336515547317 0.23011237428711523 95
1.0 0.8841358177185297 95
0.3299764498749321 0.5950936844223587 95
1.0 0.8841358177185297 95
1.0 0.8841358177185297 95
0.3133583879208309 0.0 95
0.3133583879208309 0.0 95
0.9643397630866813 1.0 95
0.32965336515547317 0.23011237428711523 95
0.6461008578286199 0.746665052714923 95
0.3299764498749321 0.5950936844223587 95
0.3133583879208309 0.0 95
0.3299764498749321 0.5950936844223587 95
0.3133583879208309 0.0 95
1.0 0.8841358177185297 95
0.3299764498749321 0.5950936844223587 95
0.6461008578286199 0.746665052714923 95
