0.4268984605500611 0.0 95
1.0 0.23686525300987732 95
0.0 0.37940628142297744 95
0.6297304379425703 0.5575543548677325 95
0.3748632601476678 0.6849456702968629 95
0.7683528833510734 0.8135482316915656 95
0.764679085457148 0.9191966263166609 95
0.19627533373895448 1.0 95
0.7683528833510734 0.8135482316915656 95
0.0 0.37940628142297744 95
0.4268984605500611 0.0 95
0.6297304379425703 0.5575543548677325 95
0.7683528833510734 0.8135482316915656 95
0.4268984605500611 0.0 95
1.0 0.23686525300987732 95
0.7683528833510734 0.8135482316915656 95
0.6297304379425703 0.5575543548677325 95
0.0 0.37940628142297744 95
0.7683528833510734 0.8135482316915656 95
1.0 0.23686525300987732 95
1.0 0.23686525300987732 95
0.7683528833510734 0.8135482316915656 95
1.0 0.23686525300987732 95
0.4268984605500611 0.0 95
1.0 0.23686525300987732 95
0.7683528833510734 0.8135482316915656 95
0.6297304379425703 0.5575543548677325 95
1.0 0.23686525300987732 95
0.3748632601476678 0.6849456702968629 95
1.0 0.23686525300987732 95
0.764679085457148 0.9191966263166609 95
1.0 0.23686525300987732 95
0.6297304379425703 0.5575543548677325 95
1.0 0.23686525300987732 95
1.0 0.23686525300987732 95
1.0 0.23686525300987732 95
0.6297304379425703 0.5575543548677325 95
0.7683528833510734 0.8135482316915656 95
0.0 0.37940628142297744 95
0.7683528833510734 0.8135482316915656 95
0.4268984605500611 0.0 95
0.7683528833510734 0.8135482316915656 95
1.0 0.23686525300987732 95
0.0 0.37940628142297744 95
0.7683528833510734 0.8135482316915656 95
1.0 0.23686525300987732 95
1.0 0.23686525300987732 95
0.7683528833510734 0.8135482316915656 95
0.6297304379425703 0.5575543548677325 95
0.7683528833510734 0.8135482316915656 95
1.0 0.23686525300987732 95
0.7683528833510734 0.8135482316915656 95
0.4268984605500611 0.0 95
0.0 0.37940628142297744 95
0.4268984605500611 0.0 95
0.4268984605500611 0.0 95
1.0 0.23686525300987732 95
0.0 0.37940628142297744 95
0.6297304379425703 0.5575543548677325 95
0.0 0.37940628142297744 95
1.0 0.23686525300987732 95
1.0 0.23686525300987732 95
0.4268984605500611 0.0 95
0.7683528833510734 0.8135482316915656 95
1.0 0.23686525300987732 95
0.3748632601476678 0.6849456702968629 95
0.0 0.37940628142297744 95
0.4268984605500611 0.0 95
0.764679085457148 0.9191966263166609 95
0.6297304379425703 0.5575543548677325 95
0.0 0.37940628142297744 95
0.6297304379425703 0.5575543548677325 95
0.4268984605500611 0.0 95
1.0 0.23686525300987732 95
0.0 0.37940628142297744 95
0.7683528833510734 0.8135482316915656 95
0.6297304379425703 0.5575543548677325 95
0.7683528833510734 0.8135482316915656 95
1.0 0.23686525300987732 95
0.4268984605500611 0.0 95
0.0 0.37940628142297744 95
0.4268984605500611 0.0 95
0.4268984605500611 0.0 95
0.7683528833510734 0.8135482316915656 95
0.7683528833510734 0.8135482316915656 95
0.0 0.37940628142297744 95
1.0 0.23686525300987732 95
0.7683528833510734 0.8135482316915656 95
0.6297304379425703 0.5575543548677325 95
1.0 0.23686525300987732 95
0.4268984605500611 0.0 95
0.0 0.37940628142297744 95
0.7683528833510734 0.8135482316915656 95
0.0 0.37940628142297744 95
1.0 0.23686525300987732 95
0.4268984605500611 0.0 95
0.7683528833510734 0.8135482316915656 95
0.6297304379425703 0.5575543548677325 95
0.7683528833510734 0.8135482316915656 95
1.0 0.23686525300987732 95
0.6297304379425703 0.5575543548677325 95
1.0 0.23686525300987732 95
0.0 0.37940628142297744 95
1.0 0.23686525300987732 95
0.6297304379425703 0.5575543548677325 95
0.4268984605500611 0.0 95
0.0 0.37940628142297744 95
0.7683528833510734 0.8135482316915656 95
0.4268984605500611 0.0 95
0.7683528833510734 0.8135482316915656 95
0.6297304379425703 0.5575543548677325 95
1.0 0.23686525300987732 95
0.4268984605500611 0.0 95
1.0 0.23686525300987732 95
0.764679085457148 0.9191966263166609 95
0.7683528833510734 0.8135482316915656 95
0.6297304379425703 0.5575543548677325 95
0.4268984605500611 0.0 95
0.7683528833510734 0.8135482316915656 95
1.0 0.23686525300987732 95
0.7683528833510734 0.8135482316915656 95
0.7683528833510734 0.8135482316915656 95
1.0 0.23686525300987732 95
0.4268984605500611 0.0 95
0.4268984605500611 0.0 95
0.0 0.37940628142297744 95
0.7683528833510734 0.8135482316915656 95
0.0 0.37940628142297744 95
