0.0 0.0 95
0.7827096192948628 0.2648205072485429 95
0.1367398691740719 0.4242533072835636 95
0.6450227039833404 0.6087884950917729 95
0.4713663584530494 0.7466079248863104 95
0.6965636432641522 0.8802617314565456 95
1.0 1.0 95
0.7827096192948628 0.2648205072485429 95
0.4713663584530494 0.7466079248863104 95
0.1367398691740719 0.4242533072835636 95
0.4713663584530494 0.7466079248863104 95
0.4713663584530494 0.7466079248863104 95
0.6450227039833404 0.6087884950917729 95
1.0 1.0 95
0.6965636432641522 0.8802617314565456 95
0.1367398691740719 0.4242533072835636 95
1.0 1.0 95
0.6450227039833404 0.6087884950917729 95
0.6965636432641522 0.8802617314565456 95
1.0 1.0 95
0.6965636432641522 0.8802617314565456 95
1.0 1.0 95
0.0 0.0 95
0.6965636432641522 0.8802617314565456 95
0.6450227039833404 0.6087884950917729 95
0.1367398691740719 0.4242533072835636 95
0.6450227039833404 0.6087884950917729 95
0.1367398691740719 0.4242533072835636 95
0.7827096192948628 0.2648205072485429 95
0.4713663584530494 0.7466079248863104 95
0.1367398691740719 0.4242533072835636 95
1.0 1.0 95
0.7827096192948628 0.2648205072485429 95
0.6965636432641522 0.8802617314565456 95
0.7827096192948628 0.2648205072485429 95
0.4713663584530494 0.7466079248863104 95
0.0 0.0 95
0.6450227039833404 0.6087884950917729 95
1.0 1.0 95
1.0 1.0 95
0.1367398691740719 0.4242533072835636 95
1.0 1.0 95
0.6965636432641522 0.8802617314565456 95
1.0 1.0 95
0.0 0.0 95
0.4713663584530494 0.7466079248863104 95
0.6450227039833404 0.6087884950917729 95
0.6965636432641522 0.8802617314565456 95
0.1367398691740719 0.4242533072835636 95
0.6450227039833404 0.6087884950917729 95
0.6450227039833404 0.6087884950917729 95
0.1367398691740719 0.4242533072835636 95
0.1367398691740719 0.4242533072835636 95
0.6450227039833404 0.6087884950917729 95
0.4713663584530494 0.7466079248863104 95
1.0 1.0 95
1.0 1.0 95
0.6965636432641522 0.8802617314565456 95
0.6965636432641522 0.8802617314565456 95
0.6450227039833404 0.6087884950917729 95
0.4713663584530494 0.7466079248863104 95
0.4713663584530494 0.7466079248863104 95
0.6965636432641522 0.8802617314565456 95
0.1367398691740719 0.4242533072835636 95
0.6965636432641522 0.8802617314565456 95
0.6450227039833404 0.6087884950917729 95
1.0 1.0 95
1.0 1.0 95
0.6965636432641522 0.8802617314565456 95
0.4713663584530494 0.7466079248863104 95
0.1367398691740719 0.4242533072835636 95
0.4713663584530494 0.7466079248863104 95
0.4713663584530494 0.7466079248863104 95
0.7827096192948628 0.2648205072485429 95
1.0 1.0 95
0.1367398691740719 0.4242533072835636 95
0.4713663584530494 0.7466079248863104 95
0.1367398691740719 0.4242533072835636 95
0.6965636432641522 0.8802617314565456 95
1.0 1.0 95
1.0 1.0 95
0.7827096192948628 0.2648205072485429 95
1.0 1.0 95
0.6450227039833404 0.6087884950917729 95
1.0 1.0 95
0.4713663584530494 0.7466079248863104 95
0.4713663584530494 0.7466079248863104 95
0.6450227039833404 0.6087884950917729 95
0.6450227039833404 0.6087884950917729 95
0.6450227039833404 0.6087884950917729 95
0.1367398691740719 0.4242533072835636 95
0.1367398691740719 0.4242533072835636 95
0.1367398691740719 0.4242533072835636 95
0.1367398691740719 0.4242533072835636 95
0.6965636432641522 0.8802617314565456 95
0.7827096192948628 0.2648205072485429 95
0.6965636432641522 0.8802617314565456 95
1.0 1.0 95
0.6965636432641522 0.8802617314565456 95
0.6450227039833404 0.6087884950917729 95
0.6450227039833404 0.6087884950917729 95
0.6965636432641522 0.8802617314565456 95
1.0 1.0 95
0.6450227039833404 0.6087884950917729 95
1.0 1.0 95
0.6450227039833404 0.6087884950917729 95
0.1367398691740719 0.4242533072835636 95
0.4713663584530494 0.7466079248863104 95
0.7827096192948628 0.2648205072485429 95
0.4713663584530494 0.7466079248863104 95
0.4713663584530494 0.7466079248863104 95
0.7827096192948628 0.2648205072485429 95
1.0 1.0 95
0.1367398691740719 0.4242533072835636 95
0.1367398691740719 0.4242533072835636 95
0.0 0.0 95
1.0 1.0 95
0.4713663584530494 0.7466079248863104 95
0.6450227039833404 0.6087884950917729 95
0.4713663584530494 0.7466079248863104 95
0.4713663584530494 0.7466079248863104 95
1.0 1.0 95
0.6450227039833404 0.6087884950917729 95
1.0 1.0 95
0.6450227039833404 0.6087884950917729 95
0.0 0.0 95
0.6965636432641522 0.8802617314565456 95
0.4713663584530494 0.7466079248863104 95
