0.7096868096156702 0.0 95
0.8569640944189149 0.23906138094791066 95
0.5381509475276552 0.39622694734977804 95
0.7550974038981306 0.5737923864337081 95
0.7111323354305248 0.7110801477765838 95
0.8429320966490769 0.8436976116169259 95
1.0 0.9616448368921532 95
0.0 1.0 95
0.7550974038981306 0.5737923864337081 95
0.8569640944189149 0.23906138094791066 95
0.8569640944189149 0.23906138094791066 95
0.5381509475276552 0.39622694734977804 95
0.7096868096156702 0.0 95
0.0 1.0 95
0.7096868096156702 0.0 95
1.0 0.9616448368921532 95
0.8569640944189149 0.23906138094791066 95
1.0 0.9616448368921532 95
0.7096868096156702 0.0 95
0.5381509475276552 0.39622694734977804 95
0.7096868096156702 0.0 95
0.5381509475276552 0.39622694734977804 95
0.7111323354305248 0.7110801477765838 95
0.5381509475276552 0.39622694734977804 95
1.0 0.9616448368921532 95
0.0 1.0 95
0.0 1.0 95
0.8429320966490769 0.8436976116169259 95
0.7550974038981306 0.5737923864337081 95
0.7550974038981306 0.5737923864337081 95
0.0 1.0 95
0.0 1.0 95
0.0 1.0 95
0.7096868096156702 0.0 95
0.8569640944189149 0.23906138094791066 95
0.0 1.0 95
0.7550974038981306 0.5737923864337081 95
0.7550974038981306 0.5737923864337081 95
0.5381509475276552 0.39622694734977804 95
0.7550974038981306 0.5737923864337081 95
0.8569640944189149 0.23906138094791066 95
0.7096868096156702 0.0 95
0.8569640944189149 0.23906138094791066 95
1.0 0.9616448368921532 95
0.7096868096156702 0.0 95
1.0 0.9616448368921532 95
0.7096868096156702 0.0 95
0.7550974038981306 0.5737923864337081 95
0.8429320966490769 0.8436976116169259 95
0.7550974038981306 0.5737923864337081 95
0.7550974038981306 0.5737923864337081 95
0.7111323354305248 0.7110801477765838 95
0.5381509475276552 0.39622694734977804 95
0.7550974038981306 0.5737923864337081 95
0.8569640944189149 0.23906138094791066 95
0.7096868096156702 0.0 95
0.7096868096156702 0.0 95
1.0 0.9616448368921532 95
0.8569640944189149 0.23906138094791066 95
0.8429320966490769 0.8436976116169259 95
0.5381509475276552 0.39622694734977804 95
0.5381509475276552 0.39622694734977804 95
0.0 1.0 95
0.7096868096156702 0.0 95
0.8429320966490769 0.8436976116169259 95
0.5381509475276552 0.39622694734977804 95
0.0 1.0 95
0.7096868096156702 0.0 95
0.7550974038981306 0.5737923864337081 95
1.0 0.9616448368921532 95
0.0 1.0 95
0.8569640944189149 0.23906138094791066 95
0.7550974038981306 0.5737923864337081 95
0.7096868096156702 0.0 95
0.7096868096156702 0.0 95
0.5381509475276552 0.39622694734977804 95
0.8429320966490769 0.8436976116169259 95
0.7096868096156702 0.0 95
0.0 1.0 95
1.0 0.9616448368921532 95
0.7096868096156702 0.0 95
0.8569640944189149 0.23906138094791066 95
0.8569640944189149 0.23906138094791066 95
0.7550974038981306 0.5737923864337081 95
0.0 1.0 95
0.7111323354305248 0.7110801477765838 95
0.0 1.0 95
0.8569640944189149 0.23906138094791066 95
0.7111323354305248 0.7110801477765838 95
1.0 0.9616448368921532 95
0.8429320966490769 0.8436976116169259 95
0.7096868096156702 0.0 95
0.7096868096156702 0.0 95
0.0 1.0 95
0.8569640944189149 0.23906138094791066 95
1.0 0.9616448368921532 95
0.7550974038981306 0.5737923864337081 95
0.7096868096156702 0.0 95
0.5381509475276552 0.39622694734977804 95
0.5381509475276552 0.39622694734977804 95
0.7096868096156702 0.0 95
0.7111323354305248 0.7110801477765838 95
0.7550974038981306 0.5737923864337081 95
0.8569640944189149 0.23906138094791066 95
0.7550974038981306 0.5737923864337081 95
0.0 1.0 95
0.5381509475276552 0.39622694734977804 95
0.7550974038981306 0.5737923864337081 95
0.5381509475276552 0.39622694734977804 95
0.8569640944189149 0.23906138094791066 95
0.7096868096156702 0.0 95
1.0 0.9616448368921532 95
0.8429320966490769 0.8436976116169259 95
0.7550974038981306 0.5737923864337081 95
0.0 1.0 95
0.8569640944189149 0.23906138094791066 95
0.5381509475276552 0.39622694734977804 95
0.8569640944189149 0.23906138094791066 95
0.7550974038981306 0.5737923864337081 95
0.5381509475276552 0.39622694734977804 95
0.8569640944189149 0.23906138094791066 95
0.7096868096156702 0.0 95
0.7096868096156702 0.0 95
0.8569640944189149 0.23906138094791066 95
0.7096868096156702 0.0 95
0.5381509475276552 0.39622694734977804 95
0.0 1.0 95
0.7550974038981306 0.5737923864337081 95
