0.7135460801246887 0.0 95
0.8510882811755183 0.23314300565043988 95
0.4866101387364234 0.39190952176775323 95
0.6534301118384345 0.5627713693081416 95
0.6702440659816367 0.7030557831274044 95
0.8209453229424092 0.8333823673328294 95
1.0 0.947957996866799 95
0.0 1.0 95
0.0 1.0 95
0.6702440659816367 0.7030557831274044 95
0.4866101387364234 0.39190952176775323 95
0.6702440659816367 0.7030557831274044 95
0.8209453229424092 0.8333823673328294 95
0.8510882811755183 0.23314300565043988 95
0.7135460801246887 0.0 95
0.0 1.0 95
0.4866101387364234 0.39190952176775323 95
0.6534301118384345 0.5627713693081416 95
0.6534301118384345 0.5627713693081416 95
0.6702440659816367 0.7030557831274044 95
1.0 0.947957996866799 95
0.8510882811755183 0.23314300565043988 95
0.6702440659816367 0.7030557831274044 95
1.0 0.947957996866799 95
0.0 1.0 95
0.8510882811755183 0.23314300565043988 95
0.6534301118384345 0.5627713693081416 95
0.6534301118384345 0.5627713693081416 95
0.8209453229424092 0.8333823673328294 95
0.4866101387364234 0.39190952176775323 95
0.4866101387364234 0.39190952176775323 95
0.6702440659816367 0.7030557831274044 95
0.7135460801246887 0.0 95
0.0 1.0 95
0.6702440659816367 0.7030557831274044 95
0.4866101387364234 0.39190952176775323 95
0.4866101387364234 0.39190952176775323 95
0.6702440659816367 0.7030557831274044 95
0.4866101387364234 0.39190952176775323 95
0.7135460801246887 0.0 95
0.6534301118384345 0.5627713693081416 95
0.4866101387364234 0.39190952176775323 95
0.8209453229424092 0.8333823673328294 95
0.8209453229424092 0.8333823673328294 95
0.0 1.0 95
0.0 1.0 95
0.6702440659816367 0.7030557831274044 95
0.6702440659816367 0.7030557831274044 95
0.4866101387364234 0.39190952176775323 95
0.7135460801246887 0.0 95
0.8209453229424092 0.8333823673328294 95
0.6702440659816367 0.7030557831274044 95
0.6702440659816367 0.7030557831274044 95
0.0 1.0 95
1.0 0.947957996866799 95
0.8510882811755183 0.23314300565043988 95
0.6534301118384345 0.5627713693081416 95
0.6702440659816367 0.7030557831274044 95
0.4866101387364234 0.39190952176775323 95
0.6702440659816367 0.7030557831274044 95
0.8510882811755183 0.23314300565043988 95
0.8209453229424092 0.8333823673328294 95
0.8510882811755183 0.23314300565043988 95
0.6534301118384345 0.5627713693081416 95
0.0 1.0 95
0.0 1.0 95
0.0 1.0 95
0.6702440659816367 0.7030557831274044 95
0.6702440659816367 0.7030557831274044 95
0.8209453229424092 0.8333823673328294 95
0.0 1.0 95
0.8510882811755183 0.23314300565043988 95
0.0 1.0 95
0.4866101387364234 0.39190952176775323 95
0.8209453229424092 0.8333823673328294 95
0.7135460801246887 0.0 95
1.0 0.947957996866799 95
0.8510882811755183 0.23314300565043988 95
0.6702440659816367 0.7030557831274044 95
0.6534301118384345 0.5627713693081416 95
0.4866101387364234 0.39190952176775323 95
0.0 1.0 95
0.6702440659816367 0.7030557831274044 95
0.6702440659816367 0.7030557831274044 95
0.6702440659816367 0.7030557831274044 95
0.0 1.0 95
0.6702440659816367 0.7030557831274044 95
0.4866101387364234 0.39190952176775323 95
1.0 0.947957996866799 95
0.6534301118384345 0.5627713693081416 95
0.6702440659816367 0.7030557831274044 95
0.8209453229424092 0.8333823673328294 95
0.4866101387364234 0.39190952176775323 95
0.0 1.0 95
0.8209453229424092 0.8333823673328294 95
0.7135460801246887 0.0 95
0.0 1.0 95
0.8510882811755183 0.23314300565043988 95
0.8510882811755183 0.23314300565043988 95
0.6534301118384345 0.5627713693081416 95
0.6702440659816367 0.7030557831274044 95
0.6702440659816367 0.7030557831274044 95
0.4866101387364234 0.39190952176775323 95
0.8209453229424092 0.8333823673328294 95
0.6702440659816367 0.7030557831274044 95
0.8510882811755183 0.23314300565043988 95
0.6702440659816367 0.7030557831274044 95
0.4866101387364234 0.39190952176775323 95
0.6534301118384345 0.5627713693081416 95
0.7135460801246887 0.0 95
1.0 0.947957996866799 95
1.0 0.947957996866799 95
0.6534301118384345 0.5627713693081416 95
0.8209453229424092 0.8333823673328294 95
0.4866101387364234 0.39190952176775323 95
0.6534301118384345 0.5627713693081416 95
0.4866101387364234 0.39190952176775323 95
0.6702440659816367 0.7030557831274044 95
0.4866101387364234 0.39190952176775323 95
0.6534301118384345 0.5627713693081416 95
0.8209453229424092 0.8333823673328294 95
0.8209453229424092 0.8333823673328294 95
0.4866101387364234 0.39190952176775323 95
0.0 1.0 95
0.4866101387364234 0.39190952176775323 95
0.0 1.0 95
0.8209453229424092 0.8333823673328294 95
0.0 1.0 95
