0.5574133301174464 0.0 95
0.5654677460141749 0.21839899632282467 95
0.5288612505964133 0.3980288310252715 95
0.49446067308480335 0.5567565481004774 95
0.5436988712585514 0.6941635616453274 95
0.8112423539428449 0.8253874672992639 95
1.0 0.9390722561402125 95
0.0 1.0 95
0.5288612505964133 0.3980288310252715 95
0.5654677460141749 0.21839899632282467 95
0.0 1.0 95
0.5654677460141749 0.21839899632282467 95
0.49446067308480335 0.5567565481004774 95
1.0 0.9390722561402125 95
0.5436988712585514 0.6941635616453274 95
0.5288612505964133 0.3980288310252715 95
0.5436988712585514 0.6941635616453274 95
0.8112423539428449 0.8253874672992639 95
0.5654677460141749 0.21839899632282467 95
1.0 0.9390722561402125 95
0.8112423539428449 0.8253874672992639 95
0.5574133301174464 0.0 95
1.0 0.9390722561402125 95
0.5654677460141749 0.21839899632282467 95
0.5288612505964133 0.3980288310252715 95
0.8112423539428449 0.8253874672992639 95
0.5288612505964133 0.3980288310252715 95
0.49446067308480335 0.5567565481004774 95
0.49446067308480335 0.5567565481004774 95
0.8112423539428449 0.8253874672992639 95
0.5654677460141749 0.21839899632282467 95
1.0 0.9390722561402125 95
0.5436988712585514 0.6941635616453274 95
1.0 0.9390722561402125 95
1.0 0.9390722561402125 95
0.5288612505964133 0.3980288310252715 95
1.0 0.9390722561402125 95
0.8112423539428449 0.8253874672992639 95
1.0 0.9390722561402125 95
0.8112423539428449 0.8253874672992639 95
0.0 1.0 95
1.0 0.9390722561402125 95
0.5574133301174464 0.0 95
0.5654677460141749 0.21839899632282467 95
1.0 0.9390722561402125 95
0.0 1.0 95
0.5288612505964133 0.3980288310252715 95
0.5288612505964133 0.3980288310252715 95
0.5436988712585514 0.6941635616453274 95
0.5288612505964133 0.3980288310252715 95
0.49446067308480335 0.5567565481004774 95
1.0 0.9390722561402125 95
0.5288612505964133 0.3980288310252715 95
1.0 0.9390722561402125 95
0.49446067308480335 0.5567565481004774 95
0.5436988712585514 0.6941635616453274 95
0.5654677460141749 0.21839899632282467 95
0.49446067308480335 0.5567565481004774 95
0.49446067308480335 0.5567565481004774 95
0.5436988712585514 0.6941635616453274 95
0.49446067308480335 0.5567565481004774 95
1.0 0.9390722561402125 95
0.5288612505964133 0.3980288310252715 95
0.5288612505964133 0.3980288310252715 95
1.0 0.9390722561402125 95
0.49446067308480335 0.5567565481004774 95
1.0 0.9390722561402125 95
0.49446067308480335 0.5567565481004774 95
0.8112423539428449 0.8253874672992639 95
0.49446067308480335 0.5567565481004774 95
1.0 0.9390722561402125 95
0.5288612505964133 0.3980288310252715 95
0.5436988712585514 0.6941635616453274 95
0.49446067308480335 0.5567565481004774 95
0.0 1.0 95
0.5574133301174464 0.0 95
0.5654677460141749 0.21839899632282467 95
0.49446067308480335 0.5567565481004774 95
1.0 0.9390722561402125 95
0.0 1.0 95
1.0 0.9390722561402125 95
0.49446067308480335 0.5567565481004774 95
0.5654677460141749 0.21839899632282467 95
0.49446067308480335 0.5567565481004774 95
0.5288612505964133 0.3980288310252715 95
0.49446067308480335 0.5567565481004774 95
1.0 0.9390722561402125 95
0.5654677460141749 0.21839899632282467 95
0.5436988712585514 0.6941635616453274 95
1.0 0.9390722561402125 95
0.8112423539428449 0.8253874672992639 95
0.5288612505964133 0.3980288310252715 95
0.5288612505964133 0.3980288310252715 95
0.8112423539428449 0.8253874672992639 95
0.5288612505964133 0.3980288310252715 95
0.49446067308480335 0.5567565481004774 95
0.5288612505964133 0.3980288310252715 95
0.5288612505964133 0.3980288310252715 95
0.0 1.0 95
0.0 1.0 95
0.5574133301174464 0.0 95
0.5436988712585514 0.6941635616453274 95
0.5436988712585514 0.6941635616453274 95
0.49446067308480335 0.5567565481004774 95
0.49446067308480335 0.5567565481004774 95
0.5436988712585514 0.6941635616453274 95
1.0 0.9390722561402125 95
0.8112423539428449 0.8253874672992639 95
0.5574133301174464 0.0 95
1.0 0.9390722561402125 95
0.8112423539428449 0.8253874672992639 95
0.8112423539428449 0.8253874672992639 95
0.5574133301174464 0.0 95
0.5654677460141749 0.21839899632282467 95
0.5654677460141749 0.21839899632282467 95
0.0 1.0 95
0.5288612505964133 0.3980288310252715 95
1.0 0.9390722561402125 95
1.0 0.9390722561402125 95
0.49446067308480335 0.5567565481004774 95
0.5436988712585514 0.6941635616453274 95
0.49446067308480335 0.5567565481004774 95
0.8112423539428449 0.8253874672992639 95
0.5288612505964133 0.3980288310252715 95
0.0 1.0 95
0.5288612505964133 0.3980288310252715 95
1.0 0.9390722561402125 95
0.0 1.0 95
