0.0 0.0 95
0.33087734926446677 0.2336686039133762 95
0.2543217870044649 0.4223100835604264 95
0.513372562462069 0.5996746230896933 95
0.2582864120453666 0.7373909649176734 95
0.9184619416677849 0.8835774753636 95
1.0 1.0 95
0.513372562462069 0.5996746230896933 95
0.2543217870044649 0.4223100835604264 95
0.2543217870044649 0.4223100835604264 95
0.513372562462069 0.5996746230896933 95
0.9184619416677849 0.8835774753636 95
0.513372562462069 0.5996746230896933 95
0.2543217870044649 0.4223100835604264 95
0.33087734926446677 0.2336686039133762 95
0.0 0.0 95
0.0 0.0 95
0.33087734926446677 0.2336686039133762 95
0.33087734926446677 0.2336686039133762 95
1.0 1.0 95
1.0 1.0 95
0.0 0.0 95
0.2582864120453666 0.7373909649176734 95
0.9184619416677849 0.8835774753636 95
0.2582864120453666 0.7373909649176734 95
1.0 1.0 95
0.9184619416677849 0.8835774753636 95
0.33087734926446677 0.2336686039133762 95
1.0 1.0 95
0.9184619416677849 0.8835774753636 95
0.9184619416677849 0.8835774753636 95
0.33087734926446677 0.2336686039133762 95
0.33087734926446677 0.2336686039133762 95
0.2543217870044649 0.4223100835604264 95
0.33087734926446677 0.2336686039133762 95
0.513372562462069 0.5996746230896933 95
1.0 1.0 95
1.0 1.0 95
0.513372562462069 0.5996746230896933 95
0.0 0.0 95
0.33087734926446677 0.2336686039133762 95
0.2543217870044649 0.4223100835604264 95
0.33087734926446677 0.2336686039133762 95
0.2582864120453666 0.7373909649176734 95
1.0 1.0 95
0.9184619416677849 0.8835774753636 95
0.33087734926446677 0.2336686039133762 95
0.2582864120453666 0.7373909649176734 95
1.0 1.0 95
0.2582864120453666 0.7373909649176734 95
0.33087734926446677 0.2336686039133762 95
0.2543217870044649 0.4223100835604264 95
0.33087734926446677 0.2336686039133762 95
0.2582864120453666 0.7373909649176734 95
0.0 0.0 95
0.9184619416677849 0.8835774753636 95
0.33087734926446677 0.2336686039133762 95
0.9184619416677849 0.8835774753636 95
0.33087734926446677 0.2336686039133762 95
0.2582864120453666 0.7373909649176734 95
0.9184619416677849 0.8835774753636 95
1.0 1.0 95
0.513372562462069 0.5996746230896933 95
0.513372562462069 0.5996746230896933 95
0.2543217870044649 0.4223100835604264 95
1.0 1.0 95
1.0 1.0 95
0.9184619416677849 0.8835774753636 95
0.0 0.0 95
0.9184619416677849 0.8835774753636 95
0.33087734926446677 0.2336686039133762 95
0.33087734926446677 0.2336686039133762 95
0.9184619416677849 0.8835774753636 95
0.2543217870044649 0.4223100835604264 95
0.513372562462069 0.5996746230896933 95
0.0 0.0 95
0.2582864120453666 0.7373909649176734 95
0.2582864120453666 0.7373909649176734 95
0.33087734926446677 0.2336686039133762 95
0.2582864120453666 0.7373909649176734 95
0.9184619416677849 0.8835774753636 95
0.2582864120453666 0.7373909649176734 95
0.33087734926446677 0.2336686039133762 95
0.9184619416677849 0.8835774753636 95
0.2582864120453666 0.7373909649176734 95
0.9184619416677849 0.8835774753636 95
0.513372562462069 0.5996746230896933 95
0.2582864120453666 0.7373909649176734 95
1.0 1.0 95
1.0 1.0 95
0.2543217870044649 0.4223100835604264 95
0.9184619416677849 0.8835774753636 95
0.33087734926446677 0.2336686039133762 95
0.2582864120453666 0.7373909649176734 95
0.0 0.0 95
0.2582864120453666 0.7373909649176734 95
0.0 0.0 95
0.9184619416677849 0.8835774753636 95
0.513372562462069 0.5996746230896933 95
0.9184619416677849 0.8835774753636 95
1.0 1.0 95
1.0 1.0 95
0.33087734926446677 0.2336686039133762 95
0.513372562462069 0.5996746230896933 95
0.2543217870044649 0.4223100835604264 95
1.0 1.0 95
0.2582864120453666 0.7373909649176734 95
0.9184619416677849 0.8835774753636 95
0.0 0.0 95
1.0 1.0 95
1.0 1.0 95
0.33087734926446677 0.2336686039133762 95
0.33087734926446677 0.2336686039133762 95
0.513372562462069 0.5996746230896933 95
0.2582864120453666 0.7373909649176734 95
0.2582864120453666 0.7373909649176734 95
0.0 0.0 95
1.0 1.0 95
0.33087734926446677 0.2336686039133762 95
0.513372562462069 0.5996746230896933 95
0.33087734926446677 0.2336686039133762 95
0.9184619416677849 0.8835774753636 95
0.0 0.0 95
0.513372562462069 0.5996746230896933 95
0.33087734926446677 0.2336686039133762 95
0.33087734926446677 0.2336686039133762 95
0.513372562462069 0.5996746230896933 95
0.33087734926446677 0.2336686039133762 95
