0.1487941263397834 0.0 95
0.0 0.22645558413444553 95
0.055378384242490794 0.4238639046921623 95
0.24687331429526962 0.5951850784775921 95
0.10414051848014022 0.7373146829373272 95
0.871505910022372 0.8825724597119096 95
1.0 1.0 95
0.10414051848014022 0.7373146829373272 95
0.1487941263397834 0.0 95
0.24687331429526962 0.5951850784775921 95
0.10414051848014022 0.7373146829373272 95
0.0 0.22645558413444553 95
0.0 0.22645558413444553 95
1.0 1.0 95
0.0 0.22645558413444553 95
0.055378384242490794 0.4238639046921623 95
0.10414051848014022 0.7373146829373272 95
0.10414051848014022 0.7373146829373272 95
0.871505910022372 0.8825724597119096 95
0.24687331429526962 0.5951850784775921 95
0.1487941263397834 0.0 95
0.1487941263397834 0.0 95
1.0 1.0 95
0.10414051848014022 0.7373146829373272 95
0.1487941263397834 0.0 95
0.24687331429526962 0.5951850784775921 95
0.055378384242490794 0.4238639046921623 95
0.24687331429526962 0.5951850784775921 95
0.0 0.22645558413444553 95
0.871505910022372 0.8825724597119096 95
0.0 0.22645558413444553 95
0.055378384242490794 0.4238639046921623 95
1.0 1.0 95
1.0 1.0 95
0.24687331429526962 0.5951850784775921 95
0.055378384242490794 0.4238639046921623 95
0.10414051848014022 0.7373146829373272 95
0.871505910022372 0.8825724597119096 95
0.24687331429526962 0.5951850784775921 95
0.871505910022372 0.8825724597119096 95
1.0 1.0 95
0.055378384242490794 0.4238639046921623 95
0.24687331429526962 0.5951850784775921 95
0.0 0.22645558413444553 95
0.1487941263397834 0.0 95
0.24687331429526962 0.5951850784775921 95
1.0 1.0 95
0.24687331429526962 0.5951850784775921 95
0.10414051848014022 0.7373146829373272 95
0.24687331429526962 0.5951850784775921 95
0.055378384242490794 0.4238639046921623 95
0.1487941263397834 0.0 95
0.0 0.22645558413444553 95
0.871505910022372 0.8825724597119096 95
0.24687331429526962 0.5951850784775921 95
0.871505910022372 0.8825724597119096 95
0.24687331429526962 0.5951850784775921 95
0.055378384242490794 0.4238639046921623 95
0.24687331429526962 0.5951850784775921 95
0.0 0.22645558413444553 95
0.24687331429526962 0.5951850784775921 95
0.055378384242490794 0.4238639046921623 95
1.0 1.0 95
0.10414051848014022 0.7373146829373272 95
0.1487941263397834 0.0 95
0.10414051848014022 0.7373146829373272 95
0.0 0.22645558413444553 95
0.055378384242490794 0.4238639046921623 95
0.24687331429526962 0.5951850784775921 95
0.24687331429526962 0.5951850784775921 95
0.24687331429526962 0.5951850784775921 95
0.055378384242490794 0.4238639046921623 95
0.10414051848014022 0.7373146829373272 95
0.0 0.22645558413444553 95
0.871505910022372 0.8825724597119096 95
0.1487941263397834 0.0 95
0.24687331429526962 0.5951850784775921 95
0.1487941263397834 0.0 95
0.24687331429526962 0.5951850784775921 95
0.24687331429526962 0.5951850784775921 95
1.0 1.0 95
0.871505910022372 0.8825724597119096 95
0.24687331429526962 0.5951850784775921 95
0.871505910022372 0.8825724597119096 95
1.0 1.0 95
0.1487941263397834 0.0 95
1.0 1.0 95
0.871505910022372 0.8825724597119096 95
0.0 0.22645558413444553 95
0.0 0.22645558413444553 95
1.0 1.0 95
0.1487941263397834 0.0 95
0.055378384242490794 0.4238639046921623 95
0.24687331429526962 0.5951850784775921 95
0.871505910022372 0.8825724597119096 95
0.24687331429526962 0.5951850784775921 95
0.0 0.22645558413444553 95
0.1487941263397834 0.0 95
1.0 1.0 95
0.24687331429526962 0.5951850784775921 95
0.0 0.22645558413444553 95
0.24687331429526962 0.5951850784775921 95
0.24687331429526962 0.5951850784775921 95
0.24687331429526962 0.5951850784775921 95
0.0 0.22645558413444553 95
1.0 1.0 95
0.10414051848014022 0.7373146829373272 95
0.1487941263397834 0.0 95
0.055378384242490794 0.4238639046921623 95
0.1487941263397834 0.0 95
0.1487941263397834 0.0 95
0.0 0.22645558413444553 95
0.1487941263397834 0.0 95
0.0 0.22645558413444553 95
0.055378384242490794 0.4238639046921623 95
1.0 1.0 95
0.24687331429526962 0.5951850784775921 95
0.10414051848014022 0.7373146829373272 95
0.871505910022372 0.8825724597119096 95
0.10414051848014022 0.7373146829373272 95
0.055378384242490794 0.4238639046921623 95
0.1487941263397834 0.0 95
0.24687331429526962 0.5951850784775921 95
0.10414051848014022 0.7373146829373272 95
0.24687331429526962 0.5951850784775921 95
1.0 1.0 95
0.1487941263397834 0.0 95
0.10414051848014022 0.7373146829373272 95
