0.4273720754473611 0.0 95
0.3109164113458613 0.22764036260133458 95
0.0 0.4141309746175483 95
0.1660078070621633 0.5877623702070539 95
0.8797775571550216 0.750224278890931 95
1.0 0.8848044723372189 95
0.8336591280739981 1.0 95
0.4273720754473611 0.0 95
0.8797775571550216 0.750224278890931 95
0.8797775571550216 0.750224278890931 95
0.8336591280739981 1.0 95
0.8336591280739981 1.0 95
1.0 0.8848044723372189 95
0.4273720754473611 0.0 95
0.8336591280739981 1.0 95
0.8336591280739981 1.0 95
0.4273720754473611 0.0 95
1.0 0.8848044723372189 95
0.1660078070621633 0.5877623702070539 95
0.8336591280739981 1.0 95
0.1660078070621633 0.5877623702070539 95
0.3109164113458613 0.22764036260133458 95
0.8336591280739981 1.0 95
0.8797775571550216 0.750224278890931 95
0.1660078070621633 0.5877623702070539 95
0.3109164113458613 0.22764036260133458 95
0.0 0.4141309746175483 95
0.4273720754473611 0.0 95
0.1660078070621633 0.5877623702070539 95
0.4273720754473611 0.0 95
0.3109164113458613 0.22764036260133458 95
1.0 0.8848044723372189 95
0.4273720754473611 0.0 95
1.0 0.8848044723372189 95
0.8797775571550216 0.750224278890931 95
0.8336591280739981 1.0 95
0.0 0.4141309746175483 95
0.4273720754473611 0.0 95
0.4273720754473611 0.0 95
0.3109164113458613 0.22764036260133458 95
0.4273720754473611 0.0 95
0.4273720754473611 0.0 95
1.0 0.8848044723372189 95
0.0 0.4141309746175483 95
0.1660078070621633 0.5877623702070539 95
0.3109164113458613 0.22764036260133458 95
0.3109164113458613 0.22764036260133458 95
0.8336591280739981 1.0 95
0.4273720754473611 0.0 95
0.8336591280739981 1.0 95
0.8336591280739981 1.0 95
0.1660078070621633 0.5877623702070539 95
0.8797775571550216 0.750224278890931 95
0.8797775571550216 0.750224278890931 95
0.8336591280739981 1.0 95
1.0 0.8848044723372189 95
0.8336591280739981 1.0 95
0.1660078070621633 0.5877623702070539 95
0.8336591280739981 1.0 95
0.1660078070621633 0.5877623702070539 95
0.1660078070621633 0.5877623702070539 95
0.8336591280739981 1.0 95
0.8336591280739981 1.0 95
0.0 0.4141309746175483 95
0.8797775571550216 0.750224278890931 95
0.8336591280739981 1.0 95
0.4273720754473611 0.0 95
0.8336591280739981 1.0 95
0.0 0.4141309746175483 95
0.1660078070621633 0.5877623702070539 95
0.1660078070621633 0.5877623702070539 95
0.8797775571550216 0.750224278890931 95
0.0 0.4141309746175483 95
0.8336591280739981 1.0 95
0.3109164113458613 0.22764036260133458 95
0.1660078070621633 0.5877623702070539 95
0.1660078070621633 0.5877623702070539 95
0.8797775571550216 0.750224278890931 95
0.8336591280739981 1.0 95
0.8336591280739981 1.0 95
0.4273720754473611 0.0 95
1.0 0.8848044723372189 95
0.8336591280739981 1.0 95
0.3109164113458613 0.22764036260133458 95
0.8797775571550216 0.750224278890931 95
0.8336591280739981 1.0 95
0.8336591280739981 1.0 95
0.0 0.4141309746175483 95
0.8797775571550216 0.750224278890931 95
0.8336591280739981 1.0 95
0.8336591280739981 1.0 95
0.8336591280739981 1.0 95
0.8797775571550216 0.750224278890931 95
0.1660078070621633 0.5877623702070539 95
0.8336591280739981 1.0 95
0.4273720754473611 0.0 95
0.1660078070621633 0.5877623702070539 95
0.8336591280739981 1.0 95
0.1660078070621633 0.5877623702070539 95
0.8336591280739981 1.0 95
0.8336591280739981 1.0 95
0.8797775571550216 0.750224278890931 95
0.8336591280739981 1.0 95
0.4273720754473611 0.0 95
0.4273720754473611 0.0 95
1.0 0.8848044723372189 95
1.0 0.8848044723372189 95
0.4273720754473611 0.0 95
0.3109164113458613 0.22764036260133458 95
1.0 0.8848044723372189 95
0.1660078070621633 0.5877623702070539 95
0.8336591280739981 1.0 95
0.4273720754473611 0.0 95
0.4273720754473611 0.0 95
0.4273720754473611 0.0 95
0.1660078070621633 0.5877623702070539 95
0.8336591280739981 1.0 95
0.8336591280739981 1.0 95
0.4273720754473611 0.0 95
0.4273720754473611 0.0 95
1.0 0.8848044723372189 95
0.1660078070621633 0.5877623702070539 95
0.8336591280739981 1.0 95
0.3109164113458613 0.22764036260133458 95
0.8336591280739981 1.0 95
0.8797775571550216 0.750224278890931 95
0.0 0.4141309746175483 95
0.0 0.4141309746175483 95
