1.0 0.0 95
0.28540305928085147 0.16806479322905565 95
0.0 0.3363730139931655 95
0.3502241155269806 0.523676285497657 95
0.13485683562515408 0.6529121554908025 95
0.26049850722791906 0.788035763415842 95
0.4112186187959997 0.9050750333158742 95
0.29392057356523105 1.0 95
0.28540305928085147 0.16806479322905565 95
1.0 0.0 95
0.0 0.3363730139931655 95
0.3502241155269806 0.523676285497657 95
0.0 0.3363730139931655 95
0.28540305928085147 0.16806479322905565 95
0.4112186187959997 0.9050750333158742 95
0.3502241155269806 0.523676285497657 95
0.0 0.3363730139931655 95
0.26049850722791906 0.788035763415842 95
0.13485683562515408 0.6529121554908025 95
0.3502241155269806 0.523676285497657 95
0.28540305928085147 0.16806479322905565 95
0.26049850722791906 0.788035763415842 95
0.0 0.3363730139931655 95
0.13485683562515408 0.6529121554908025 95
0.13485683562515408 0.6529121554908025 95
0.3502241155269806 0.523676285497657 95
0.13485683562515408 0.6529121554908025 95
0.4112186187959997 0.9050750333158742 95
0.28540305928085147 0.16806479322905565 95
1.0 0.0 95
0.28540305928085147 0.16806479322905565 95
0.28540305928085147 0.16806479322905565 95
0.13485683562515408 0.6529121554908025 95
0.29392057356523105 1.0 95
0.28540305928085147 0.16806479322905565 95
0.13485683562515408 0.6529121554908025 95
0.3502241155269806 0.523676285497657 95
0.28540305928085147 0.16806479322905565 95
0.28540305928085147 0.16806479322905565 95
0.13485683562515408 0.6529121554908025 95
0.26049850722791906 0.788035763415842 95
0.0 0.3363730139931655 95
0.3502241155269806 0.523676285497657 95
0.13485683562515408 0.6529121554908025 95
0.28540305928085147 0.16806479322905565 95
1.0 0.0 95
0.28540305928085147 0.16806479322905565 95
0.3502241155269806 0.523676285497657 95
0.0 0.3363730139931655 95
0.4112186187959997 0.9050750333158742 95
0.13485683562515408 0.6529121554908025 95
0.13485683562515408 0.6529121554908025 95
0.26049850722791906 0.788035763415842 95
0.13485683562515408 0.6529121554908025 95
0.13485683562515408 0.6529121554908025 95
0.0 0.3363730139931655 95
0.4112186187959997 0.9050750333158742 95
1.0 0.0 95
0.29392057356523105 1.0 95
0.13485683562515408 0.6529121554908025 95
0.13485683562515408 0.6529121554908025 95
0.28540305928085147 0.16806479322905565 95
0.0 0.3363730139931655 95
0.26049850722791906 0.788035763415842 95
0.28540305928085147 0.16806479322905565 95
0.3502241155269806 0.523676285497657 95
0.0 0.3363730139931655 95
0.13485683562515408 0.6529121554908025 95
1.0 0.0 95
0.0 0.3363730139931655 95
0.29392057356523105 1.0 95
0.28540305928085147 0.16806479322905565 95
1.0 0.0 95
0.26049850722791906 0.788035763415842 95
0.13485683562515408 0.6529121554908025 95
0.3502241155269806 0.523676285497657 95
0.13485683562515408 0.6529121554908025 95
0.28540305928085147 0.16806479322905565 95
0.13485683562515408 0.6529121554908025 95
0.13485683562515408 0.6529121554908025 95
0.26049850722791906 0.788035763415842 95
0.0 0.3363730139931655 95
0.28540305928085147 0.16806479322905565 95
0.13485683562515408 0.6529121554908025 95
0.28540305928085147 0.16806479322905565 95
0.0 0.3363730139931655 95
0.4112186187959997 0.9050750333158742 95
0.28540305928085147 0.16806479322905565 95
0.13485683562515408 0.6529121554908025 95
0.28540305928085147 0.16806479322905565 95
0.28540305928085147 0.16806479322905565 95
0.13485683562515408 0.6529121554908025 95
0.13485683562515408 0.6529121554908025 95
0.28540305928085147 0.16806479322905565 95
0.13485683562515408 0.6529121554908025 95
0.13485683562515408 0.6529121554908025 95
0.28540305928085147 0.16806479322905565 95
0.28540305928085147 0.16806479322905565 95
0.26049850722791906 0.788035763415842 95
0.13485683562515408 0.6529121554908025 95
0.13485683562515408 0.6529121554908025 95
0.26049850722791906 0.788035763415842 95
0.28540305928085147 0.16806479322905565 95
0.28540305928085147 0.16806479322905565 95
0.0 0.3363730139931655 95
0.3502241155269806 0.523676285497657 95
0.13485683562515408 0.6529121554908025 95
0.28540305928085147 0.16806479322905565 95
1.0 0.0 95
1.0 0.0 95
0.29392057356523105 1.0 95
0.0 0.3363730139931655 95
0.28540305928085147 0.16806479322905565 95
0.13485683562515408 0.6529121554908025 95
0.28540305928085147 0.16806479322905565 95
0.26049850722791906 0.788035763415842 95
0.28540305928085147 0.16806479322905565 95
1.0 0.0 95
0.0 0.3363730139931655 95
0.28540305928085147 0.16806479322905565 95
0.26049850722791906 0.788035763415842 95
0.28540305928085147 0.16806479322905565 95
0.0 0.3363730139931655 95
0.4112186187959997 0.9050750333158742 95
0.3502241155269806 0.523676285497657 95
0.0 0.3363730139931655 95
0.26049850722791906 0.788035763415842 95
1.0 0.0 95
