0.6034087389597957 0.0 95
0.43531654592444013 0.22599812297817584 95
0.0 0.4099174973658022 95
0.11747464189599789 0.5872882149098835 95
0.5920424068262296 0.7474694799174815 95
1.0 0.8889348731983392 95
0.6899953481693429 1.0 95
0.0 0.4099174973658022 95
0.11747464189599789 0.5872882149098835 95
0.6899953481693429 1.0 95
0.0 0.4099174973658022 95
0.11747464189599789 0.5872882149098835 95
0.6899953481693429 1.0 95
0.43531654592444013 0.22599812297817584 95
1.0 0.8889348731983392 95
0.5920424068262296 0.7474694799174815 95
0.6899953481693429 1.0 95
1.0 0.8889348731983392 95
0.6899953481693429 1.0 95
0.0 0.4099174973658022 95
0.11747464189599789 0.5872882149098835 95
0.5920424068262296 0.7474694799174815 95
0.43531654592444013 0.22599812297817584 95
0.11747464189599789 0.5872882149098835 95
0.11747464189599789 0.5872882149098835 95
0.11747464189599789 0.5872882149098835 95
0.0 0.4099174973658022 95
1.0 0.8889348731983392 95
0.6899953481693429 1.0 95
0.5920424068262296 0.7474694799174815 95
0.5920424068262296 0.7474694799174815 95
0.43531654592444013 0.22599812297817584 95
0.5920424068262296 0.7474694799174815 95
0.5920424068262296 0.7474694799174815 95
0.11747464189599789 0.5872882149098835 95
0.5920424068262296 0.7474694799174815 95
0.5920424068262296 0.7474694799174815 95
1.0 0.8889348731983392 95
0.0 0.4099174973658022 95
0.11747464189599789 0.5872882149098835 95
0.6899953481693429 1.0 95
0.11747464189599789 0.5872882149098835 95
0.43531654592444013 0.22599812297817584 95
0.0 0.4099174973658022 95
0.0 0.4099174973658022 95
1.0 0.8889348731983392 95
0.0 0.4099174973658022 95
0.6899953481693429 1.0 95
0.5920424068262296 0.7474694799174815 95
0.6899953481693429 1.0 95
0.0 0.4099174973658022 95
0.5920424068262296 0.7474694799174815 95
1.0 0.8889348731983392 95
0.11747464189599789 0.5872882149098835 95
0.11747464189599789 0.5872882149098835 95
0.0 0.4099174973658022 95
0.5920424068262296 0.7474694799174815 95
0.11747464189599789 0.5872882149098835 95
0.11747464189599789 0.5872882149098835 95
1.0 0.8889348731983392 95
0.5920424068262296 0.7474694799174815 95
0.43531654592444013 0.22599812297817584 95
1.0 0.8889348731983392 95
0.6899953481693429 1.0 95
0.6899953481693429 1.0 95
0.6899953481693429 1.0 95
0.0 0.4099174973658022 95
1.0 0.8889348731983392 95
1.0 0.8889348731983392 95
0.11747464189599789 0.5872882149098835 95
0.43531654592444013 0.22599812297817584 95
0.11747464189599789 0.5872882149098835 95
0.43531654592444013 0.22599812297817584 95
0.11747464189599789 0.5872882149098835 95
0.11747464189599789 0.5872882149098835 95
1.0 0.8889348731983392 95
0.5920424068262296 0.7474694799174815 95
1.0 0.8889348731983392 95
0.11747464189599789 0.5872882149098835 95
0.43531654592444013 0.22599812297817584 95
1.0 0.8889348731983392 95
0.43531654592444013 0.22599812297817584 95
0.6899953481693429 1.0 95
1.0 0.8889348731983392 95
0.11747464189599789 0.5872882149098835 95
0.5920424068262296 0.7474694799174815 95
0.5920424068262296 0.7474694799174815 95
0.5920424068262296 0.7474694799174815 95
0.6899953481693429 1.0 95
0.43531654592444013 0.22599812297817584 95
0.5920424068262296 0.7474694799174815 95
0.5920424068262296 0.7474694799174815 95
0.11747464189599789 0.5872882149098835 95
0.43531654592444013 0.22599812297817584 95
0.6899953481693429 1.0 95
0.0 0.4099174973658022 95
0.5920424068262296 0.7474694799174815 95
0.11747464189599789 0.5872882149098835 95
0.11747464189599789 0.5872882149098835 95
0.6899953481693429 1.0 95
1.0 0.8889348731983392 95
0.43531654592444013 0.22599812297817584 95
0.0 0.4099174973658022 95
0.11747464189599789 0.5872882149098835 95
0.11747464189599789 0.5872882149098835 95
0.0 0.4099174973658022 95
0.11747464189599789 0.5872882149098835 95
0.6899953481693429 1.0 95
0.11747464189599789 0.5872882149098835 95
0.6899953481693429 1.0 95
0.43531654592444013 0.22599812297817584 95
0.43531654592444013 0.22599812297817584 95
0.11747464189599789 0.5872882149098835 95
0.0 0.4099174973658022 95
0.5920424068262296 0.7474694799174815 95
1.0 0.8889348731983392 95
0.11747464189599789 0.5872882149098835 95
0.5920424068262296 0.7474694799174815 95
1.0 0.8889348731983392 95
0.5920424068262296 0.7474694799174815 95
0.43531654592444013 0.22599812297817584 95
0.11747464189599789 0.5872882149098835 95
0.11747464189599789 0.5872882149098835 95
0.5920424068262296 0.7474694799174815 95
0.0 0.4099174973658022 95
0.5920424068262296 0.7474694799174815 95
0.6899953481693429 1.0 95
0.5920424068262296 0.7474694799174815 95
