0.6372653370203348 0.0 95
0.8522779257992212 0.2384276632254916 95
0.6381171449534159 0.404804182104425 95
0.8512098611524318 0.5815885397363706 95
0.7488130188205263 0.7123961920455578 95
0.8823796712462209 0.8427219781240057 95
1.0 0.957435412346911 95
0.0 1.0 95
0.6372653370203348 0.0 95
0.8512098611524318 0.5815885397363706 95
0.0 1.0 95
0.0 1.0 95
0.8512098611524318 0.5815885397363706 95
0.6372653370203348 0.0 95
0.8512098611524318 0.5815885397363706 95
0.6381171449534159 0.404804182104425 95
0.8512098611524318 0.5815885397363706 95
0.6381171449534159 0.404804182104425 95
0.6372653370203348 0.0 95
0.6381171449534159 0.404804182104425 95
0.6381171449534159 0.404804182104425 95
0.6372653370203348 0.0 95
0.8522779257992212 0.2384276632254916 95
0.6372653370203348 0.0 95
0.0 1.0 95
0.0 1.0 95
0.8522779257992212 0.2384276632254916 95
1.0 0.957435412346911 95
1.0 0.957435412346911 95
0.7488130188205263 0.7123961920455578 95
0.8522779257992212 0.2384276632254916 95
0.6372653370203348 0.0 95
0.8823796712462209 0.8427219781240057 95
0.6372653370203348 0.0 95
0.6381171449534159 0.404804182104425 95
0.6381171449534159 0.404804182104425 95
0.6381171449534159 0.404804182104425 95
0.7488130188205263 0.7123961920455578 95
0.6372653370203348 0.0 95
0.8512098611524318 0.5815885397363706 95
0.8512098611524318 0.5815885397363706 95
0.8823796712462209 0.8427219781240057 95
0.7488130188205263 0.7123961920455578 95
0.6372653370203348 0.0 95
0.0 1.0 95
0.6372653370203348 0.0 95
0.6372653370203348 0.0 95
0.8522779257992212 0.2384276632254916 95
0.0 1.0 95
0.8512098611524318 0.5815885397363706 95
0.6372653370203348 0.0 95
0.6381171449534159 0.404804182104425 95
0.0 1.0 95
0.6372653370203348 0.0 95
0.6372653370203348 0.0 95
0.6381171449534159 0.404804182104425 95
1.0 0.957435412346911 95
0.6372653370203348 0.0 95
0.6372653370203348 0.0 95
0.0 1.0 95
0.6381171449534159 0.404804182104425 95
0.8512098611524318 0.5815885397363706 95
0.7488130188205263 0.7123961920455578 95
0.6381171449534159 0.404804182104425 95
0.7488130188205263 0.7123961920455578 95
0.6372653370203348 0.0 95
0.6381171449534159 0.404804182104425 95
0.8522779257992212 0.2384276632254916 95
0.8522779257992212 0.2384276632254916 95
0.6372653370203348 0.0 95
0.8823796712462209 0.8427219781240057 95
0.8512098611524318 0.5815885397363706 95
0.8823796712462209 0.8427219781240057 95
0.6381171449534159 0.404804182104425 95
0.0 1.0 95
1.0 0.957435412346911 95
0.6372653370203348 0.0 95
0.6372653370203348 0.0 95
0.6372653370203348 0.0 95
0.6372653370203348 0.0 95
1.0 0.957435412346911 95
0.7488130188205263 0.7123961920455578 95
0.6381171449534159 0.404804182104425 95
0.6372653370203348 0.0 95
0.8522779257992212 0.2384276632254916 95
0.6372653370203348 0.0 95
0.6372653370203348 0.0 95
0.6372653370203348 0.0 95
0.6372653370203348 0.0 95
0.6381171449534159 0.404804182104425 95
0.0 1.0 95
0.8522779257992212 0.2384276632254916 95
0.6372653370203348 0.0 95
0.6372653370203348 0.0 95
0.6372653370203348 0.0 95
0.6372653370203348 0.0 95
0.8512098611524318 0.5815885397363706 95
0.6381171449534159 0.404804182104425 95
0.6372653370203348 0.0 95
0.8512098611524318 0.5815885397363706 95
0.7488130188205263 0.7123961920455578 95
0.6372653370203348 0.0 95
0.6381171449534159 0.404804182104425 95
1.0 0.957435412346911 95
0.8512098611524318 0.5815885397363706 95
0.0 1.0 95
0.6372653370203348 0.0 95
0.8512098611524318 0.5815885397363706 95
0.8823796712462209 0.8427219781240057 95
0.7488130188205263 0.7123961920455578 95
0.0 1.0 95
0.6372653370203348 0.0 95
0.7488130188205263 0.7123961920455578 95
1.0 0.957435412346911 95
0.6381171449534159 0.404804182104425 95
0.6372653370203348 0.0 95
0.0 1.0 95
0.8512098611524318 0.5815885397363706 95
0.0 1.0 95
0.6381171449534159 0.404804182104425 95
0.6381171449534159 0.404804182104425 95
0.7488130188205263 0.7123961920455578 95
0.6381171449534159 0.404804182104425 95
0.6381171449534159 0.404804182104425 95
0.8512098611524318 0.5815885397363706 95
0.0 1.0 95
0.0 1.0 95
0.6381171449534159 0.404804182104425 95
