0.5080458540809583 0.0 95
1.0 0.23228211491457643 95
0.0 0.37776957679901596 95
0.8176877985950449 0.560516727022649 95
0.21810639731431353 0.6789771597457815 95
0.8400123880905754 0.8141434761938128 95
0.7991898614690943 0.9197617065764482 95
0.23783743687288056 1.0 95
0.5080458540809583 0.0 95
0.21810639731431353 0.6789771597457815 95
0.8400123880905754 0.8141434761938128 95
1.0 0.23228211491457643 95
0.8400123880905754 0.8141434761938128 95
0.21810639731431353 0.6789771597457815 95
0.5080458540809583 0.0 95
1.0 0.23228211491457643 95
0.0 0.37776957679901596 95
0.7991898614690943 0.9197617065764482 95
0.5080458540809583 0.0 95
0.21810639731431353 0.6789771597457815 95
0.8400123880905754 0.8141434761938128 95
0.5080458540809583 0.0 95
1.0 0.23228211491457643 95
0.5080458540809583 0.0 95
0.21810639731431353 0.6789771597457815 95
0.8400123880905754 0.8141434761938128 95
0.23783743687288056 1.0 95
1.0 0.23228211491457643 95
0.5080458540809583 0.0 95
0.8176877985950449 0.560516727022649 95
0.0 0.37776957679901596 95
0.5080458540809583 0.0 95
1.0 0.23228211491457643 95
0.0 0.37776957679901596 95
0.8176877985950449 0.560516727022649 95
0.7991898614690943 0.9197617065764482 95
0.5080458540809583 0.0 95
0.21810639731431353 0.6789771597457815 95
1.0 0.23228211491457643 95
0.8400123880905754 0.8141434761938128 95
0.5080458540809583 0.0 95
0.23783743687288056 1.0 95
0.0 0.37776957679901596 95
0.5080458540809583 0.0 95
1.0 0.23228211491457643 95
0.5080458540809583 0.0 95
1.0 0.23228211491457643 95
0.5080458540809583 0.0 95
0.0 0.37776957679901596 95
0.8400123880905754 0.8141434761938128 95
0.21810639731431353 0.6789771597457815 95
0.5080458540809583 0.0 95
0.5080458540809583 0.0 95
0.8176877985950449 0.560516727022649 95
0.5080458540809583 0.0 95
1.0 0.23228211491457643 95
1.0 0.23228211491457643 95
0.8400123880905754 0.8141434761938128 95
0.5080458540809583 0.0 95
0.21810639731431353 0.6789771597457815 95
1.0 0.23228211491457643 95
1.0 0.23228211491457643 95
1.0 0.23228211491457643 95
0.8400123880905754 0.8141434761938128 95
0.5080458540809583 0.0 95
0.23783743687288056 1.0 95
0.7991898614690943 0.9197617065764482 95
0.8400123880905754 0.8141434761938128 95
1.0 0.23228211491457643 95
1.0 0.23228211491457643 95
1.0 0.23228211491457643 95
0.8400123880905754 0.8141434761938128 95
0.8176877985950449 0.560516727022649 95
1.0 0.23228211491457643 95
0.8176877985950449 0.560516727022649 95
0.23783743687288056 1.0 95
0.21810639731431353 0.6789771597457815 95
0.0 0.37776957679901596 95
1.0 0.23228211491457643 95
0.5080458540809583 0.0 95
0.5080458540809583 0.0 95
0.21810639731431353 0.6789771597457815 95
0.21810639731431353 0.6789771597457815 95
0.5080458540809583 0.0 95
0.5080458540809583 0.0 95
0.21810639731431353 0.6789771597457815 95
0.7991898614690943 0.9197617065764482 95
0.8400123880905754 0.8141434761938128 95
0.8400123880905754 0.8141434761938128 95
0.21810639731431353 0.6789771597457815 95
0.21810639731431353 0.6789771597457815 95
0.0 0.37776957679901596 95
0.5080458540809583 0.0 95
0.21810639731431353 0.6789771597457815 95
1.0 0.23228211491457643 95
0.23783743687288056 1.0 95
0.8400123880905754 0.8141434761938128 95
0.5080458540809583 0.0 95
0.5080458540809583 0.0 95
0.8400123880905754 0.8141434761938128 95
0.5080458540809583 0.0 95
0.5080458540809583 0.0 95
0.5080458540809583 0.0 95
0.5080458540809583 0.0 95
0.5080458540809583 0.0 95
0.5080458540809583 0.0 95
0.5080458540809583 0.0 95
0.5080458540809583 0.0 95
1.0 0.23228211491457643 95
0.0 0.37776957679901596 95
0.21810639731431353 0.6789771597457815 95
0.23783743687288056 1.0 95
0.21810639731431353 0.6789771597457815 95
0.23783743687288056 1.0 95
1.0 0.23228211491457643 95
1.0 0.23228211491457643 95
0.8400123880905754 0.8141434761938128 95
0.8400123880905754 0.8141434761938128 95
0.0 0.37776957679901596 95
0.5080458540809583 0.0 95
0.5080458540809583 0.0 95
0.21810639731431353 0.6789771597457815 95
0.5080458540809583 0.0 95
0.0 0.37776957679901596 95
0.0 0.37776957679901596 95
1.0 0.23228211491457643 95
0.5080458540809583 0.0 95
0.5080458540809583 0.0 95
