0.46678509455779316 0.0 95
0.3166379794605619 0.22834704499938102 95
0.0 0.41207038059896917 95
0.2243465854014343 0.5901169589902981 95
0.42192358121810536 0.7399031650091245 95
0.9515354409707282 0.8821287810243846 95
1.0 1.0 95
0.42192358121810536 0.7399031650091245 95
0.2243465854014343 0.5901169589902981 95
0.42192358121810536 0.7399031650091245 95
0.9515354409707282 0.8821287810243846 95
0.0 0.41207038059896917 95
1.0 1.0 95
0.3166379794605619 0.22834704499938102 95
0.42192358121810536 0.7399031650091245 95
0.9515354409707282 0.8821287810243846 95
0.42192358121810536 0.7399031650091245 95
0.9515354409707282 0.8821287810243846 95
0.46678509455779316 0.0 95
0.9515354409707282 0.8821287810243846 95
0.0 0.41207038059896917 95
0.3166379794605619 0.22834704499938102 95
0.46678509455779316 0.0 95
0.0 0.41207038059896917 95
0.2243465854014343 0.5901169589902981 95
0.3166379794605619 0.22834704499938102 95
0.3166379794605619 0.22834704499938102 95
0.42192358121810536 0.7399031650091245 95
0.2243465854014343 0.5901169589902981 95
1.0 1.0 95
0.46678509455779316 0.0 95
0.42192358121810536 0.7399031650091245 95
0.3166379794605619 0.22834704499938102 95
0.0 0.41207038059896917 95
0.2243465854014343 0.5901169589902981 95
0.9515354409707282 0.8821287810243846 95
0.46678509455779316 0.0 95
0.42192358121810536 0.7399031650091245 95
0.2243465854014343 0.5901169589902981 95
0.9515354409707282 0.8821287810243846 95
0.42192358121810536 0.7399031650091245 95
0.42192358121810536 0.7399031650091245 95
0.9515354409707282 0.8821287810243846 95
0.46678509455779316 0.0 95
0.42192358121810536 0.7399031650091245 95
0.42192358121810536 0.7399031650091245 95
0.9515354409707282 0.8821287810243846 95
0.42192358121810536 0.7399031650091245 95
0.2243465854014343 0.5901169589902981 95
0.46678509455779316 0.0 95
0.46678509455779316 0.0 95
0.9515354409707282 0.8821287810243846 95
1.0 1.0 95
0.0 0.41207038059896917 95
0.2243465854014343 0.5901169589902981 95
1.0 1.0 95
0.3166379794605619 0.22834704499938102 95
0.3166379794605619 0.22834704499938102 95
0.46678509455779316 0.0 95
1.0 1.0 95
0.3166379794605619 0.22834704499938102 95
0.3166379794605619 0.22834704499938102 95
0.42192358121810536 0.7399031650091245 95
0.2243465854014343 0.5901169589902981 95
0.46678509455779316 0.0 95
0.42192358121810536 0.7399031650091245 95
0.46678509455779316 0.0 95
0.9515354409707282 0.8821287810243846 95
0.3166379794605619 0.22834704499938102 95
0.42192358121810536 0.7399031650091245 95
0.46678509455779316 0.0 95
0.0 0.41207038059896917 95
0.9515354409707282 0.8821287810243846 95
0.2243465854014343 0.5901169589902981 95
0.3166379794605619 0.22834704499938102 95
0.2243465854014343 0.5901169589902981 95
0.9515354409707282 0.8821287810243846 95
0.42192358121810536 0.7399031650091245 95
0.9515354409707282 0.8821287810243846 95
0.9515354409707282 0.8821287810243846 95
0.46678509455779316 0.0 95
0.3166379794605619 0.22834704499938102 95
0.0 0.41207038059896917 95
0.2243465854014343 0.5901169589902981 95
0.46678509455779316 0.0 95
0.3166379794605619 0.22834704499938102 95
0.42192358121810536 0.7399031650091245 95
0.9515354409707282 0.8821287810243846 95
0.46678509455779316 0.0 95
0.3166379794605619 0.22834704499938102 95
0.42192358121810536 0.7399031650091245 95
0.2243465854014343 0.5901169589902981 95
0.42192358121810536 0.7399031650091245 95
0.42192358121810536 0.7399031650091245 95
0.42192358121810536 0.7399031650091245 95
0.9515354409707282 0.8821287810243846 95
0.46678509455779316 0.0 95
0.3166379794605619 0.22834704499938102 95
0.0 0.41207038059896917 95
0.42192358121810536 0.7399031650091245 95
0.0 0.41207038059896917 95
0.3166379794605619 0.22834704499938102 95
0.9515354409707282 0.8821287810243846 95
0.9515354409707282 0.8821287810243846 95
0.46678509455779316 0.0 95
0.2243465854014343 0.5901169589902981 95
0.9515354409707282 0.8821287810243846 95
0.2243465854014343 0.5901169589902981 95
1.0 1.0 95
0.46678509455779316 0.0 95
0.9515354409707282 0.8821287810243846 95
0.42192358121810536 0.7399031650091245 95
0.9515354409707282 0.8821287810243846 95
0.9515354409707282 0.8821287810243846 95
0.0 0.41207038059896917 95
0.42192358121810536 0.7399031650091245 95
0.9515354409707282 0.8821287810243846 95
0.2243465854014343 0.5901169589902981 95
0.2243465854014343 0.5901169589902981 95
0.2243465854014343 0.5901169589902981 95
0.0 0.41207038059896917 95
0.9515354409707282 0.8821287810243846 95
0.46678509455779316 0.0 95
1.0 1.0 95
0.9515354409707282 0.8821287810243846 95
0.9515354409707282 0.8821287810243846 95
0.3166379794605619 0.22834704499938102 95
0.42192358121810536 0.7399031650091245 95
