0.48667319149632116 0.0 95
0.5317324011404025 0.22626871001948026 95
0.07531329018736499 0.4083633072709854 95
0.0 0.5800448745279061 95
0.7015312069747646 0.7473164955507167 95
0.7526947064635258 0.8800982984646025 95
1.0 1.0 95
0.7526947064635258 0.8800982984646025 95
0.48667319149632116 0.0 95
1.0 1.0 95
1.0 1.0 95
0.7015312069747646 0.7473164955507167 95
0.5317324011404025 0.22626871001948026 95
0.7015312069747646 0.7473164955507167 95
0.48667319149632116 0.0 95
0.7526947064635258 0.8800982984646025 95
0.7526947064635258 0.8800982984646025 95
0.48667319149632116 0.0 95
0.48667319149632116 0.0 95
0.5317324011404025 0.22626871001948026 95
1.0 1.0 95
0.07531329018736499 0.4083633072709854 95
0.7015312069747646 0.7473164955507167 95
0.5317324011404025 0.22626871001948026 95
0.5317324011404025 0.22626871001948026 95
0.0 0.5800448745279061 95
0.7015312069747646 0.7473164955507167 95
0.48667319149632116 0.0 95
0.0 0.5800448745279061 95
0.07531329018736499 0.4083633072709854 95
0.7526947064635258 0.8800982984646025 95
0.7015312069747646 0.7473164955507167 95
0.7015312069747646 0.7473164955507167 95
0.7015312069747646 0.7473164955507167 95
0.7015312069747646 0.7473164955507167 95
0.0 0.5800448745279061 95
0.0 0.5800448745279061 95
0.5317324011404025 0.22626871001948026 95
0.0 0.5800448745279061 95
0.5317324011404025 0.22626871001948026 95
0.48667319149632116 0.0 95
0.7526947064635258 0.8800982984646025 95
0.48667319149632116 0.0 95
0.7015312069747646 0.7473164955507167 95
1.0 1.0 95
0.7526947064635258 0.8800982984646025 95
0.7526947064635258 0.8800982984646025 95
0.5317324011404025 0.22626871001948026 95
0.07531329018736499 0.4083633072709854 95
0.07531329018736499 0.4083633072709854 95
0.7015312069747646 0.7473164955507167 95
0.7526947064635258 0.8800982984646025 95
1.0 1.0 95
0.48667319149632116 0.0 95
0.5317324011404025 0.22626871001948026 95
0.48667319149632116 0.0 95
1.0 1.0 95
0.7015312069747646 0.7473164955507167 95
0.0 0.5800448745279061 95
1.0 1.0 95
0.7015312069747646 0.7473164955507167 95
0.07531329018736499 0.4083633072709854 95
0.48667319149632116 0.0 95
0.48667319149632116 0.0 95
0.0 0.5800448745279061 95
0.48667319149632116 0.0 95
0.07531329018736499 0.4083633072709854 95
0.07531329018736499 0.4083633072709854 95
1.0 1.0 95
0.7015312069747646 0.7473164955507167 95
0.7526947064635258 0.8800982984646025 95
0.7526947064635258 0.8800982984646025 95
0.7015312069747646 0.7473164955507167 95
0.5317324011404025 0.22626871001948026 95
0.7015312069747646 0.7473164955507167 95
0.07531329018736499 0.4083633072709854 95
1.0 1.0 95
0.48667319149632116 0.0 95
0.7015312069747646 0.7473164955507167 95
0.0 0.5800448745279061 95
0.07531329018736499 0.4083633072709854 95
0.48667319149632116 0.0 95
1.0 1.0 95
0.7015312069747646 0.7473164955507167 95
0.0 0.5800448745279061 95
0.0 0.5800448745279061 95
0.7015312069747646 0.7473164955507167 95
0.7015312069747646 0.7473164955507167 95
0.7526947064635258 0.8800982984646025 95
0.48667319149632116 0.0 95
0.07531329018736499 0.4083633072709854 95
0.48667319149632116 0.0 95
0.7526947064635258 0.8800982984646025 95
0.07531329018736499 0.4083633072709854 95
0.5317324011404025 0.22626871001948026 95
1.0 1.0 95
0.5317324011404025 0.22626871001948026 95
0.7526947064635258 0.8800982984646025 95
0.07531329018736499 0.4083633072709854 95
0.7526947064635258 0.8800982984646025 95
0.7015312069747646 0.7473164955507167 95
0.0 0.5800448745279061 95
0.5317324011404025 0.22626871001948026 95
0.5317324011404025 0.22626871001948026 95
0.07531329018736499 0.4083633072709854 95
0.7015312069747646 0.7473164955507167 95
0.7015312069747646 0.7473164955507167 95
0.7015312069747646 0.7473164955507167 95
0.7015312069747646 0.7473164955507167 95
1.0 1.0 95
1.0 1.0 95
0.48667319149632116 0.0 95
0.5317324011404025 0.22626871001948026 95
0.48667319149632116 0.0 95
0.5317324011404025 0.22626871001948026 95
0.07531329018736499 0.4083633072709854 95
0.5317324011404025 0.22626871001948026 95
0.48667319149632116 0.0 95
0.7526947064635258 0.8800982984646025 95
0.7526947064635258 0.8800982984646025 95
0.0 0.5800448745279061 95
0.7526947064635258 0.8800982984646025 95
0.48667319149632116 0.0 95
0.7015312069747646 0.7473164955507167 95
0.7015312069747646 0.7473164955507167 95
0.48667319149632116 0.0 95
0.7015312069747646 0.7473164955507167 95
1.0 1.0 95
