1.0 0.0 95
0.6904628012922467 0.2250804389334907 95
0.14817332643092604 0.4133510952656892 95
0.0 0.5833373523797589 95
0.6265793716451376 0.7445872350404102 95
0.9752180856216568 0.8813247616124313 95
0.9129885096687056 1.0 95
0.9129885096687056 1.0 95
0.6265793716451376 0.7445872350404102 95
0.9752180856216568 0.8813247616124313 95
0.9129885096687056 1.0 95
0.9752180856216568 0.8813247616124313 95
1.0 0.0 95
0.6265793716451376 0.7445872350404102 95
0.6265793716451376 0.7445872350404102 95
0.9129885096687056 1.0 95
1.0 0.0 95
1.0 0.0 95
0.9752180856216568 0.8813247616124313 95
1.0 0.0 95
0.9129885096687056 1.0 95
0.9129885096687056 1.0 95
0.6265793716451376 0.7445872350404102 95
0.0 0.5833373523797589 95
0.14817332643092604 0.4133510952656892 95
0.0 0.5833373523797589 95
0.9752180856216568 0.8813247616124313 95
0.9129885096687056 1.0 95
0.9129885096687056 1.0 95
0.9129885096687056 1.0 95
0.0 0.5833373523797589 95
0.6265793716451376 0.7445872350404102 95
0.0 0.5833373523797589 95
0.9129885096687056 1.0 95
0.9129885096687056 1.0 95
0.9129885096687056 1.0 95
0.9129885096687056 1.0 95
0.6265793716451376 0.7445872350404102 95
0.9752180856216568 0.8813247616124313 95
0.0 0.5833373523797589 95
1.0 0.0 95
0.6265793716451376 0.7445872350404102 95
0.0 0.5833373523797589 95
0.9129885096687056 1.0 95
0.9129885096687056 1.0 95
0.6265793716451376 0.7445872350404102 95
0.9129885096687056 1.0 95
1.0 0.0 95
1.0 0.0 95
0.0 0.5833373523797589 95
1.0 0.0 95
0.0 0.5833373523797589 95
0.9129885096687056 1.0 95
0.14817332643092604 0.4133510952656892 95
0.9129885096687056 1.0 95
0.9129885096687056 1.0 95
1.0 0.0 95
0.9129885096687056 1.0 95
0.9752180856216568 0.8813247616124313 95
0.9129885096687056 1.0 95
1.0 0.0 95
0.9752180856216568 0.8813247616124313 95
0.6265793716451376 0.7445872350404102 95
0.6265793716451376 0.7445872350404102 95
0.0 0.5833373523797589 95
1.0 0.0 95
0.9129885096687056 1.0 95
0.6265793716451376 0.7445872350404102 95
1.0 0.0 95
0.14817332643092604 0.4133510952656892 95
1.0 0.0 95
0.6265793716451376 0.7445872350404102 95
0.6265793716451376 0.7445872350404102 95
0.9129885096687056 1.0 95
0.9129885096687056 1.0 95
0.9129885096687056 1.0 95
0.9129885096687056 1.0 95
0.14817332643092604 0.4133510952656892 95
0.9129885096687056 1.0 95
0.14817332643092604 0.4133510952656892 95
0.9752180856216568 0.8813247616124313 95
0.6904628012922467 0.2250804389334907 95
0.6265793716451376 0.7445872350404102 95
0.9129885096687056 1.0 95
0.0 0.5833373523797589 95
0.9129885096687056 1.0 95
0.9129885096687056 1.0 95
0.0 0.5833373523797589 95
0.6265793716451376 0.7445872350404102 95
0.0 0.5833373523797589 95
0.9129885096687056 1.0 95
0.6265793716451376 0.7445872350404102 95
1.0 0.0 95
0.6265793716451376 0.7445872350404102 95
1.0 0.0 95
1.0 0.0 95
1.0 0.0 95
0.6265793716451376 0.7445872350404102 95
1.0 0.0 95
0.0 0.5833373523797589 95
0.0 0.5833373523797589 95
0.9129885096687056 1.0 95
0.9129885096687056 1.0 95
0.9129885096687056 1.0 95
0.9129885096687056 1.0 95
0.0 0.5833373523797589 95
0.9129885096687056 1.0 95
0.9129885096687056 1.0 95
1.0 0.0 95
1.0 0.0 95
0.9129885096687056 1.0 95
0.6265793716451376 0.7445872350404102 95
1.0 0.0 95
0.9129885096687056 1.0 95
0.9752180856216568 0.8813247616124313 95
0.9752180856216568 0.8813247616124313 95
0.6265793716451376 0.7445872350404102 95
0.9129885096687056 1.0 95
0.9752180856216568 0.8813247616124313 95
0.6265793716451376 0.7445872350404102 95
0.0 0.5833373523797589 95
0.9129885096687056 1.0 95
0.6265793716451376 0.7445872350404102 95
0.9129885096687056 1.0 95
0.9752180856216568 0.8813247616124313 95
0.0 0.5833373523797589 95
0.9752180856216568 0.8813247616124313 95
0.9752180856216568 0.8813247616124313 95
