0.6112467303027318 0.0 95
0.6380801916947744 0.21418532568231824 95
0.5088043587960474 0.3918837139953776 95
0.7111343756278055 0.5620210745975053 95
0.6855957775230505 0.7003274540320014 95
0.8857236902667565 0.83042755574195 95
1.0 0.9446725619295467 95
0.0 1.0 95
0.6855957775230505 0.7003274540320014 95
1.0 0.9446725619295467 95
0.0 1.0 95
0.6112467303027318 0.0 95
0.7111343756278055 0.5620210745975053 95
0.7111343756278055 0.5620210745975053 95
0.6112467303027318 0.0 95
0.5088043587960474 0.3918837139953776 95
0.8857236902667565 0.83042755574195 95
0.8857236902667565 0.83042755574195 95
0.6112467303027318 0.0 95
1.0 0.9446725619295467 95
0.8857236902667565 0.83042755574195 95
1.0 0.9446725619295467 95
1.0 0.9446725619295467 95
0.5088043587960474 0.3918837139953776 95
0.8857236902667565 0.83042755574195 95
0.0 1.0 95
0.8857236902667565 0.83042755574195 95
0.6855957775230505 0.7003274540320014 95
0.6112467303027318 0.0 95
0.5088043587960474 0.3918837139953776 95
1.0 0.9446725619295467 95
0.6112467303027318 0.0 95
0.8857236902667565 0.83042755574195 95
0.6855957775230505 0.7003274540320014 95
0.6855957775230505 0.7003274540320014 95
0.8857236902667565 0.83042755574195 95
0.8857236902667565 0.83042755574195 95
0.6112467303027318 0.0 95
0.8857236902667565 0.83042755574195 95
0.6112467303027318 0.0 95
0.6855957775230505 0.7003274540320014 95
0.8857236902667565 0.83042755574195 95
0.6112467303027318 0.0 95
0.0 1.0 95
0.6112467303027318 0.0 95
0.5088043587960474 0.3918837139953776 95
0.6112467303027318 0.0 95
0.5088043587960474 0.3918837139953776 95
1.0 0.9446725619295467 95
0.6855957775230505 0.7003274540320014 95
0.6112467303027318 0.0 95
0.8857236902667565 0.83042755574195 95
0.8857236902667565 0.83042755574195 95
0.0 1.0 95
0.6855957775230505 0.7003274540320014 95
0.8857236902667565 0.83042755574195 95
0.6855957775230505 0.7003274540320014 95
0.6855957775230505 0.7003274540320014 95
0.8857236902667565 0.83042755574195 95
0.8857236902667565 0.83042755574195 95
0.6112467303027318 0.0 95
1.0 0.9446725619295467 95
0.5088043587960474 0.3918837139953776 95
0.7111343756278055 0.5620210745975053 95
0.8857236902667565 0.83042755574195 95
0.6855957775230505 0.7003274540320014 95
0.6112467303027318 0.0 95
0.8857236902667565 0.83042755574195 95
0.6112467303027318 0.0 95
0.8857236902667565 0.83042755574195 95
0.8857236902667565 0.83042755574195 95
0.6855957775230505 0.7003274540320014 95
0.6855957775230505 0.7003274540320014 95
0.6855957775230505 0.7003274540320014 95
1.0 0.9446725619295467 95
0.6380801916947744 0.21418532568231824 95
0.5088043587960474 0.3918837139953776 95
0.6112467303027318 0.0 95
0.0 1.0 95
0.6855957775230505 0.7003274540320014 95
0.6112467303027318 0.0 95
0.6855957775230505 0.7003274540320014 95
0.6855957775230505 0.7003274540320014 95
0.7111343756278055 0.5620210745975053 95
0.5088043587960474 0.3918837139953776 95
0.8857236902667565 0.83042755574195 95
0.6380801916947744 0.21418532568231824 95
0.8857236902667565 0.83042755574195 95
0.5088043587960474 0.3918837139953776 95
0.8857236902667565 0.83042755574195 95
0.0 1.0 95
0.6855957775230505 0.7003274540320014 95
0.6855957775230505 0.7003274540320014 95
0.8857236902667565 0.83042755574195 95
0.6112467303027318 0.0 95
0.8857236902667565 0.83042755574195 95
1.0 0.9446725619295467 95
0.5088043587960474 0.3918837139953776 95
0.6112467303027318 0.0 95
0.6112467303027318 0.0 95
0.8857236902667565 0.83042755574195 95
1.0 0.9446725619295467 95
0.6855957775230505 0.7003274540320014 95
0.6112467303027318 0.0 95
0.8857236902667565 0.83042755574195 95
1.0 0.9446725619295467 95
0.8857236902667565 0.83042755574195 95
0.8857236902667565 0.83042755574195 95
0.5088043587960474 0.3918837139953776 95
1.0 0.9446725619295467 95
0.8857236902667565 0.83042755574195 95
0.0 1.0 95
1.0 0.9446725619295467 95
0.6855957775230505 0.7003274540320014 95
0.8857236902667565 0.83042755574195 95
0.8857236902667565 0.83042755574195 95
0.5088043587960474 0.3918837139953776 95
0.0 1.0 95
0.7111343756278055 0.5620210745975053 95
1.0 0.9446725619295467 95
0.6855957775230505 0.7003274540320014 95
0.6112467303027318 0.0 95
0.0 1.0 95
0.6855957775230505 0.7003274540320014 95
0.6112467303027318 0.0 95
0.8857236902667565 0.83042755574195 95
0.8857236902667565 0.83042755574195 95
0.6855957775230505 0.7003274540320014 95
