0.22882734827742904 0.0 95
0.5550818783481061 0.2441826264449017 95
0.0 0.4096308579686811 95
0.44313679752312 0.5974174278384097 95
0.3228265679471145 0.7366937361236335 95
0.5505255735090931 0.8712152390199213 95
1.0 1.0 95
0.0 0.4096308579686811 95
0.5550818783481061 0.2441826264449017 95
0.5550818783481061 0.2441826264449017 95
0.22882734827742904 0.0 95
0.3228265679471145 0.7366937361236335 95
1.0 1.0 95
1.0 1.0 95
0.5505255735090931 0.8712152390199213 95
0.0 0.4096308579686811 95
0.0 0.4096308579686811 95
0.44313679752312 0.5974174278384097 95
0.44313679752312 0.5974174278384097 95
1.0 1.0 95
0.0 0.4096308579686811 95
0.44313679752312 0.5974174278384097 95
1.0 1.0 95
0.3228265679471145 0.7366937361236335 95
0.22882734827742904 0.0 95
0.0 0.4096308579686811 95
0.22882734827742904 0.0 95
0.22882734827742904 0.0 95
1.0 1.0 95
0.5505255735090931 0.8712152390199213 95
0.3228265679471145 0.7366937361236335 95
0.3228265679471145 0.7366937361236335 95
1.0 1.0 95
0.0 0.4096308579686811 95
0.44313679752312 0.5974174278384097 95
0.3228265679471145 0.7366937361236335 95
0.22882734827742904 0.0 95
1.0 1.0 95
1.0 1.0 95
0.22882734827742904 0.0 95
0.3228265679471145 0.7366937361236335 95
1.0 1.0 95
1.0 1.0 95
0.5550818783481061 0.2441826264449017 95
0.22882734827742904 0.0 95
0.5505255735090931 0.8712152390199213 95
1.0 1.0 95
1.0 1.0 95
0.44313679752312 0.5974174278384097 95
0.22882734827742904 0.0 95
0.5550818783481061 0.2441826264449017 95
0.5550818783481061 0.2441826264449017 95
0.0 0.4096308579686811 95
0.5505255735090931 0.8712152390199213 95
0.3228265679471145 0.7366937361236335 95
0.44313679752312 0.5974174278384097 95
0.5505255735090931 0.8712152390199213 95
0.0 0.4096308579686811 95
0.44313679752312 0.5974174278384097 95
0.0 0.4096308579686811 95
0.0 0.4096308579686811 95
0.22882734827742904 0.0 95
0.5505255735090931 0.8712152390199213 95
1.0 1.0 95
0.5550818783481061 0.2441826264449017 95
0.5505255735090931 0.8712152390199213 95
0.44313679752312 0.5974174278384097 95
0.3228265679471145 0.7366937361236335 95
0.5550818783481061 0.2441826264449017 95
0.3228265679471145 0.7366937361236335 95
0.3228265679471145 0.7366937361236335 95
0.5505255735090931 0.8712152390199213 95
1.0 1.0 95
0.3228265679471145 0.7366937361236335 95
0.22882734827742904 0.0 95
0.22882734827742904 0.0 95
0.0 0.4096308579686811 95
1.0 1.0 95
1.0 1.0 95
0.44313679752312 0.5974174278384097 95
0.44313679752312 0.5974174278384097 95
0.22882734827742904 0.0 95
1.0 1.0 95
0.5550818783481061 0.2441826264449017 95
1.0 1.0 95
0.22882734827742904 0.0 95
0.5550818783481061 0.2441826264449017 95
1.0 1.0 95
0.22882734827742904 0.0 95
1.0 1.0 95
0.0 0.4096308579686811 95
0.5505255735090931 0.8712152390199213 95
0.3228265679471145 0.7366937361236335 95
1.0 1.0 95
0.0 0.4096308579686811 95
0.44313679752312 0.5974174278384097 95
1.0 1.0 95
1.0 1.0 95
0.3228265679471145 0.7366937361236335 95
0.44313679752312 0.5974174278384097 95
0.5550818783481061 0.2441826264449017 95
1.0 1.0 95
0.44313679752312 0.5974174278384097 95
0.5550818783481061 0.2441826264449017 95
0.22882734827742904 0.0 95
0.0 0.4096308579686811 95
0.44313679752312 0.5974174278384097 95
0.0 0.4096308579686811 95
0.44313679752312 0.5974174278384097 95
0.44313679752312 0.5974174278384097 95
0.22882734827742904 0.0 95
1.0 1.0 95
0.3228265679471145 0.7366937361236335 95
0.22882734827742904 0.0 95
0.22882734827742904 0.0 95
0.3228265679471145 0.7366937361236335 95
1.0 1.0 95
0.5550818783481061 0.2441826264449017 95
0.44313679752312 0.5974174278384097 95
0.44313679752312 0.5974174278384097 95
0.0 0.4096308579686811 95
1.0 1.0 95
0.5550818783481061 0.2441826264449017 95
0.3228265679471145 0.7366937361236335 95
0.22882734827742904 0.0 95
0.0 0.4096308579686811 95
0.5550818783481061 0.2441826264449017 95
1.0 1.0 95
