0.5300068681085641 0.0 95
0.0 0.21705515466064088 95
0.7526421148013936 0.4295254820934888 95
0.21710470516596692 0.5873666286485139 95
0.42876827506266435 0.7424241309917288 95
1.0 0.8841236030686048 95
0.887201788009063 1.0 95
0.5300068681085641 0.0 95
0.887201788009063 1.0 95
0.0 0.21705515466064088 95
0.7526421148013936 0.4295254820934888 95
0.5300068681085641 0.0 95
0.887201788009063 1.0 95
0.42876827506266435 0.7424241309917288 95
0.42876827506266435 0.7424241309917288 95
0.42876827506266435 0.7424241309917288 95
0.5300068681085641 0.0 95
0.0 0.21705515466064088 95
0.7526421148013936 0.4295254820934888 95
0.21710470516596692 0.5873666286485139 95
0.42876827506266435 0.7424241309917288 95
0.887201788009063 1.0 95
0.21710470516596692 0.5873666286485139 95
0.887201788009063 1.0 95
0.5300068681085641 0.0 95
0.7526421148013936 0.4295254820934888 95
0.7526421148013936 0.4295254820934888 95
0.21710470516596692 0.5873666286485139 95
0.42876827506266435 0.7424241309917288 95
1.0 0.8841236030686048 95
0.42876827506266435 0.7424241309917288 95
0.887201788009063 1.0 95
1.0 0.8841236030686048 95
0.7526421148013936 0.4295254820934888 95
1.0 0.8841236030686048 95
1.0 0.8841236030686048 95
0.5300068681085641 0.0 95
0.7526421148013936 0.4295254820934888 95
0.42876827506266435 0.7424241309917288 95
0.21710470516596692 0.5873666286485139 95
0.42876827506266435 0.7424241309917288 95
0.7526421148013936 0.4295254820934888 95
0.7526421148013936 0.4295254820934888 95
0.42876827506266435 0.7424241309917288 95
0.5300068681085641 0.0 95
1.0 0.8841236030686048 95
0.42876827506266435 0.7424241309917288 95
0.887201788009063 1.0 95
0.887201788009063 1.0 95
0.887201788009063 1.0 95
0.21710470516596692 0.5873666286485139 95
0.21710470516596692 0.5873666286485139 95
0.887201788009063 1.0 95
0.7526421148013936 0.4295254820934888 95
0.42876827506266435 0.7424241309917288 95
0.42876827506266435 0.7424241309917288 95
0.5300068681085641 0.0 95
0.5300068681085641 0.0 95
0.5300068681085641 0.0 95
0.5300068681085641 0.0 95
0.42876827506266435 0.7424241309917288 95
0.0 0.21705515466064088 95
0.7526421148013936 0.4295254820934888 95
0.5300068681085641 0.0 95
0.42876827506266435 0.7424241309917288 95
0.887201788009063 1.0 95
1.0 0.8841236030686048 95
0.7526421148013936 0.4295254820934888 95
0.7526421148013936 0.4295254820934888 95
0.0 0.21705515466064088 95
0.7526421148013936 0.4295254820934888 95
0.7526421148013936 0.4295254820934888 95
0.5300068681085641 0.0 95
0.42876827506266435 0.7424241309917288 95
0.7526421148013936 0.4295254820934888 95
0.5300068681085641 0.0 95
0.42876827506266435 0.7424241309917288 95
0.21710470516596692 0.5873666286485139 95
0.21710470516596692 0.5873666286485139 95
0.5300068681085641 0.0 95
0.42876827506266435 0.7424241309917288 95
0.5300068681085641 0.0 95
0.5300068681085641 0.0 95
0.42876827506266435 0.7424241309917288 95
0.7526421148013936 0.4295254820934888 95
0.887201788009063 1.0 95
1.0 0.8841236030686048 95
0.42876827506266435 0.7424241309917288 95
0.7526421148013936 0.4295254820934888 95
0.5300068681085641 0.0 95
0.5300068681085641 0.0 95
0.5300068681085641 0.0 95
0.42876827506266435 0.7424241309917288 95
0.0 0.21705515466064088 95
0.21710470516596692 0.5873666286485139 95
0.21710470516596692 0.5873666286485139 95
0.7526421148013936 0.4295254820934888 95
0.7526421148013936 0.4295254820934888 95
1.0 0.8841236030686048 95
0.887201788009063 1.0 95
0.0 0.21705515466064088 95
0.42876827506266435 0.7424241309917288 95
0.42876827506266435 0.7424241309917288 95
0.42876827506266435 0.7424241309917288 95
0.7526421148013936 0.4295254820934888 95
0.21710470516596692 0.5873666286485139 95
0.887201788009063 1.0 95
0.0 0.21705515466064088 95
0.21710470516596692 0.5873666286485139 95
0.5300068681085641 0.0 95
0.42876827506266435 0.7424241309917288 95
0.42876827506266435 0.7424241309917288 95
1.0 0.8841236030686048 95
0.887201788009063 1.0 95
0.7526421148013936 0.4295254820934888 95
0.21710470516596692 0.5873666286485139 95
1.0 0.8841236030686048 95
0.887201788009063 1.0 95
0.5300068681085641 0.0 95
1.0 0.8841236030686048 95
0.7526421148013936 0.4295254820934888 95
0.887201788009063 1.0 95
0.42876827506266435 0.7424241309917288 95
0.21710470516596692 0.5873666286485139 95
1.0 0.8841236030686048 95
0.21710470516596692 0.5873666286485139 95
0.7526421148013936 0.4295254820934888 95
1.0 0.8841236030686048 95
