0.7265390996274088 0.0 95
0.0 0.2109608764815497 95
0.1231917704600238 0.4151403270438959 95
0.0320933349197903 0.581975109067096 95
0.9528480038879001 0.7510784911181402 95
1.0 0.8819539849813329 95
0.8824859169573883 1.0 95
1.0 0.8819539849813329 95
0.9528480038879001 0.7510784911181402 95
0.8824859169573883 1.0 95
0.0 0.2109608764815497 95
0.0320933349197903 0.581975109067096 95
1.0 0.8819539849813329 95
1.0 0.8819539849813329 95
0.1231917704600238 0.4151403270438959 95
0.0 0.2109608764815497 95
0.0 0.2109608764815497 95
0.0 0.2109608764815497 95
0.9528480038879001 0.7510784911181402 95
0.9528480038879001 0.7510784911181402 95
0.7265390996274088 0.0 95
0.7265390996274088 0.0 95
0.7265390996274088 0.0 95
1.0 0.8819539849813329 95
0.7265390996274088 0.0 95
0.9528480038879001 0.7510784911181402 95
0.9528480038879001 0.7510784911181402 95
1.0 0.8819539849813329 95
0.8824859169573883 1.0 95
1.0 0.8819539849813329 95
0.9528480038879001 0.7510784911181402 95
1.0 0.8819539849813329 95
0.8824859169573883 1.0 95
1.0 0.8819539849813329 95
1.0 0.8819539849813329 95
0.0 0.2109608764815497 95
0.8824859169573883 1.0 95
0.0 0.2109608764815497 95
1.0 0.8819539849813329 95
0.7265390996274088 0.0 95
0.9528480038879001 0.7510784911181402 95
1.0 0.8819539849813329 95
1.0 0.8819539849813329 95
0.7265390996274088 0.0 95
0.0 0.2109608764815497 95
0.8824859169573883 1.0 95
0.9528480038879001 0.7510784911181402 95
0.1231917704600238 0.4151403270438959 95
1.0 0.8819539849813329 95
0.7265390996274088 0.0 95
0.7265390996274088 0.0 95
1.0 0.8819539849813329 95
0.8824859169573883 1.0 95
0.0 0.2109608764815497 95
0.7265390996274088 0.0 95
0.1231917704600238 0.4151403270438959 95
1.0 0.8819539849813329 95
0.0320933349197903 0.581975109067096 95
0.9528480038879001 0.7510784911181402 95
0.7265390996274088 0.0 95
0.1231917704600238 0.4151403270438959 95
0.0320933349197903 0.581975109067096 95
0.0320933349197903 0.581975109067096 95
1.0 0.8819539849813329 95
0.7265390996274088 0.0 95
1.0 0.8819539849813329 95
1.0 0.8819539849813329 95
0.1231917704600238 0.4151403270438959 95
0.0320933349197903 0.581975109067096 95
1.0 0.8819539849813329 95
0.9528480038879001 0.7510784911181402 95
0.9528480038879001 0.7510784911181402 95
0.0320933349197903 0.581975109067096 95
1.0 0.8819539849813329 95
0.0320933349197903 0.581975109067096 95
1.0 0.8819539849813329 95
0.7265390996274088 0.0 95
0.7265390996274088 0.0 95
0.0320933349197903 0.581975109067096 95
0.0 0.2109608764815497 95
1.0 0.8819539849813329 95
0.0320933349197903 0.581975109067096 95
1.0 0.8819539849813329 95
0.0 0.2109608764815497 95
0.0 0.2109608764815497 95
1.0 0.8819539849813329 95
0.7265390996274088 0.0 95
0.7265390996274088 0.0 95
0.7265390996274088 0.0 95
0.1231917704600238 0.4151403270438959 95
1.0 0.8819539849813329 95
0.9528480038879001 0.7510784911181402 95
0.9528480038879001 0.7510784911181402 95
1.0 0.8819539849813329 95
0.0 0.2109608764815497 95
1.0 0.8819539849813329 95
0.9528480038879001 0.7510784911181402 95
0.7265390996274088 0.0 95
0.1231917704600238 0.4151403270438959 95
1.0 0.8819539849813329 95
0.7265390996274088 0.0 95
1.0 0.8819539849813329 95
0.9528480038879001 0.7510784911181402 95
0.8824859169573883 1.0 95
1.0 0.8819539849813329 95
1.0 0.8819539849813329 95
0.8824859169573883 1.0 95
0.9528480038879001 0.7510784911181402 95
0.1231917704600238 0.4151403270438959 95
1.0 0.8819539849813329 95
0.8824859169573883 1.0 95
1.0 0.8819539849813329 95
1.0 0.8819539849813329 95
0.8824859169573883 1.0 95
0.0 0.2109608764815497 95
0.9528480038879001 0.7510784911181402 95
0.8824859169573883 1.0 95
0.0320933349197903 0.581975109067096 95
0.9528480038879001 0.7510784911181402 95
0.0 0.2109608764815497 95
1.0 0.8819539849813329 95
0.7265390996274088 0.0 95
0.9528480038879001 0.7510784911181402 95
1.0 0.8819539849813329 95
0.9528480038879001 0.7510784911181402 95
0.0320933349197903 0.581975109067096 95
0.0 0.2109608764815497 95
0.0 0.2109608764815497 95
