0.31659338550871713 0.0 95
0.0 0.22446090458930956 95
0.14305513931374803 0.4218389491656682 95
0.4813180438759498 0.5984588604642351 95
0.449966108691182 0.7440334214839426 95
1.0 0.8844054773299097 95
0.9297905412561476 1.0 95
0.449966108691182 0.7440334214839426 95
0.0 0.22446090458930956 95
0.31659338550871713 0.0 95
1.0 0.8844054773299097 95
0.14305513931374803 0.4218389491656682 95
1.0 0.8844054773299097 95
0.0 0.22446090458930956 95
0.9297905412561476 1.0 95
0.449966108691182 0.7440334214839426 95
0.0 0.22446090458930956 95
0.31659338550871713 0.0 95
0.4813180438759498 0.5984588604642351 95
0.14305513931374803 0.4218389491656682 95
0.14305513931374803 0.4218389491656682 95
1.0 0.8844054773299097 95
0.31659338550871713 0.0 95
0.14305513931374803 0.4218389491656682 95
0.4813180438759498 0.5984588604642351 95
0.0 0.22446090458930956 95
1.0 0.8844054773299097 95
0.9297905412561476 1.0 95
0.449966108691182 0.7440334214839426 95
1.0 0.8844054773299097 95
0.0 0.22446090458930956 95
0.0 0.22446090458930956 95
0.14305513931374803 0.4218389491656682 95
0.9297905412561476 1.0 95
0.9297905412561476 1.0 95
0.449966108691182 0.7440334214839426 95
0.0 0.22446090458930956 95
0.14305513931374803 0.4218389491656682 95
0.0 0.22446090458930956 95
1.0 0.8844054773299097 95
1.0 0.8844054773299097 95
0.449966108691182 0.7440334214839426 95
0.0 0.22446090458930956 95
0.0 0.22446090458930956 95
0.31659338550871713 0.0 95
0.0 0.22446090458930956 95
0.0 0.22446090458930956 95
0.0 0.22446090458930956 95
1.0 0.8844054773299097 95
0.14305513931374803 0.4218389491656682 95
1.0 0.8844054773299097 95
0.449966108691182 0.7440334214839426 95
0.0 0.22446090458930956 95
0.0 0.22446090458930956 95
0.0 0.22446090458930956 95
1.0 0.8844054773299097 95
0.0 0.22446090458930956 95
1.0 0.8844054773299097 95
1.0 0.8844054773299097 95
1.0 0.8844054773299097 95
0.0 0.22446090458930956 95
1.0 0.8844054773299097 95
0.9297905412561476 1.0 95
0.0 0.22446090458930956 95
1.0 0.8844054773299097 95
1.0 0.8844054773299097 95
0.449966108691182 0.7440334214839426 95
0.9297905412561476 1.0 95
1.0 0.8844054773299097 95
0.14305513931374803 0.4218389491656682 95
0.0 0.22446090458930956 95
0.14305513931374803 0.4218389491656682 95
0.14305513931374803 0.4218389491656682 95
0.0 0.22446090458930956 95
0.0 0.22446090458930956 95
0.14305513931374803 0.4218389491656682 95
1.0 0.8844054773299097 95
0.449966108691182 0.7440334214839426 95
1.0 0.8844054773299097 95
1.0 0.8844054773299097 95
0.449966108691182 0.7440334214839426 95
1.0 0.8844054773299097 95
1.0 0.8844054773299097 95
0.14305513931374803 0.4218389491656682 95
0.0 0.22446090458930956 95
0.0 0.22446090458930956 95
0.0 0.22446090458930956 95
1.0 0.8844054773299097 95
1.0 0.8844054773299097 95
0.0 0.22446090458930956 95
1.0 0.8844054773299097 95
1.0 0.8844054773299097 95
0.31659338550871713 0.0 95
0.31659338550871713 0.0 95
1.0 0.8844054773299097 95
0.449966108691182 0.7440334214839426 95
1.0 0.8844054773299097 95
0.0 0.22446090458930956 95
0.449966108691182 0.7440334214839426 95
0.449966108691182 0.7440334214839426 95
0.9297905412561476 1.0 95
0.449966108691182 0.7440334214839426 95
0.0 0.22446090458930956 95
0.9297905412561476 1.0 95
0.0 0.22446090458930956 95
1.0 0.8844054773299097 95
0.0 0.22446090458930956 95
0.0 0.22446090458930956 95
0.9297905412561476 1.0 95
0.9297905412561476 1.0 95
0.31659338550871713 0.0 95
1.0 0.8844054773299097 95
0.449966108691182 0.7440334214839426 95
1.0 0.8844054773299097 95
0.4813180438759498 0.5984588604642351 95
0.31659338550871713 0.0 95
0.449966108691182 0.7440334214839426 95
0.449966108691182 0.7440334214839426 95
1.0 0.8844054773299097 95
0.9297905412561476 1.0 95
1.0 0.8844054773299097 95
0.14305513931374803 0.4218389491656682 95
0.31659338550871713 0.0 95
0.0 0.22446090458930956 95
0.9297905412561476 1.0 95
0.0 0.22446090458930956 95
1.0 0.8844054773299097 95
0.9297905412561476 1.0 95
