0.4081536182131683 0.0 95
0.3659231118798311 0.22917380465144357 95
0.0 0.41510059506143204 95
0.022037718802844185 0.587168256564559 95
0.9086570874195492 0.7533361307819701 95
1.0 0.884998911703736 95
0.9165781241547 1.0 95
0.4081536182131683 0.0 95
0.022037718802844185 0.587168256564559 95
0.3659231118798311 0.22917380465144357 95
0.022037718802844185 0.587168256564559 95
0.3659231118798311 0.22917380465144357 95
0.022037718802844185 0.587168256564559 95
0.022037718802844185 0.587168256564559 95
0.3659231118798311 0.22917380465144357 95
0.3659231118798311 0.22917380465144357 95
1.0 0.884998911703736 95
0.9086570874195492 0.7533361307819701 95
1.0 0.884998911703736 95
1.0 0.884998911703736 95
0.4081536182131683 0.0 95
0.022037718802844185 0.587168256564559 95
0.9086570874195492 0.7533361307819701 95
0.022037718802844185 0.587168256564559 95
0.0 0.41510059506143204 95
0.9165781241547 1.0 95
0.022037718802844185 0.587168256564559 95
0.022037718802844185 0.587168256564559 95
1.0 0.884998911703736 95
0.4081536182131683 0.0 95
0.3659231118798311 0.22917380465144357 95
0.4081536182131683 0.0 95
0.4081536182131683 0.0 95
0.4081536182131683 0.0 95
0.4081536182131683 0.0 95
0.3659231118798311 0.22917380465144357 95
0.022037718802844185 0.587168256564559 95
1.0 0.884998911703736 95
0.9165781241547 1.0 95
0.3659231118798311 0.22917380465144357 95
0.3659231118798311 0.22917380465144357 95
0.4081536182131683 0.0 95
0.3659231118798311 0.22917380465144357 95
0.9086570874195492 0.7533361307819701 95
1.0 0.884998911703736 95
0.4081536182131683 0.0 95
0.022037718802844185 0.587168256564559 95
0.3659231118798311 0.22917380465144357 95
0.9165781241547 1.0 95
0.022037718802844185 0.587168256564559 95
0.4081536182131683 0.0 95
0.022037718802844185 0.587168256564559 95
1.0 0.884998911703736 95
1.0 0.884998911703736 95
0.4081536182131683 0.0 95
0.3659231118798311 0.22917380465144357 95
0.022037718802844185 0.587168256564559 95
0.9086570874195492 0.7533361307819701 95
0.022037718802844185 0.587168256564559 95
0.022037718802844185 0.587168256564559 95
0.4081536182131683 0.0 95
0.022037718802844185 0.587168256564559 95
1.0 0.884998911703736 95
0.022037718802844185 0.587168256564559 95
0.4081536182131683 0.0 95
1.0 0.884998911703736 95
1.0 0.884998911703736 95
0.9086570874195492 0.7533361307819701 95
0.022037718802844185 0.587168256564559 95
0.0 0.41510059506143204 95
0.3659231118798311 0.22917380465144357 95
0.3659231118798311 0.22917380465144357 95
0.022037718802844185 0.587168256564559 95
0.4081536182131683 0.0 95
0.022037718802844185 0.587168256564559 95
0.022037718802844185 0.587168256564559 95
0.4081536182131683 0.0 95
0.3659231118798311 0.22917380465144357 95
0.4081536182131683 0.0 95
0.9086570874195492 0.7533361307819701 95
0.3659231118798311 0.22917380465144357 95
0.022037718802844185 0.587168256564559 95
0.022037718802844185 0.587168256564559 95
0.022037718802844185 0.587168256564559 95
0.3659231118798311 0.22917380465144357 95
1.0 0.884998911703736 95
1.0 0.884998911703736 95
1.0 0.884998911703736 95
0.3659231118798311 0.22917380465144357 95
0.3659231118798311 0.22917380465144357 95
0.9165781241547 1.0 95
0.4081536182131683 0.0 95
0.9086570874195492 0.7533361307819701 95
0.9086570874195492 0.7533361307819701 95
0.3659231118798311 0.22917380465144357 95
1.0 0.884998911703736 95
0.9086570874195492 0.7533361307819701 95
0.9086570874195492 0.7533361307819701 95
0.022037718802844185 0.587168256564559 95
0.4081536182131683 0.0 95
1.0 0.884998911703736 95
0.9086570874195492 0.7533361307819701 95
0.022037718802844185 0.587168256564559 95
0.4081536182131683 0.0 95
0.022037718802844185 0.587168256564559 95
0.4081536182131683 0.0 95
1.0 0.884998911703736 95
0.3659231118798311 0.22917380465144357 95
0.022037718802844185 0.587168256564559 95
0.4081536182131683 0.0 95
1.0 0.884998911703736 95
1.0 0.884998911703736 95
1.0 0.884998911703736 95
0.022037718802844185 0.587168256564559 95
0.022037718802844185 0.587168256564559 95
0.3659231118798311 0.22917380465144357 95
0.022037718802844185 0.587168256564559 95
0.9165781241547 1.0 95
0.022037718802844185 0.587168256564559 95
0.022037718802844185 0.587168256564559 95
0.3659231118798311 0.22917380465144357 95
0.4081536182131683 0.0 95
0.9086570874195492 0.7533361307819701 95
0.4081536182131683 0.0 95
0.4081536182131683 0.0 95
0.022037718802844185 0.587168256564559 95
0.022037718802844185 0.587168256564559 95
0.022037718802844185 0.587168256564559 95
