0.3580022062558102 0.0 95
0.9306682531911026 0.23251399855016439 95
0.0 0.37976003474288783 95
0.7517745903742871 0.556466387730446 95
0.4421475083625224 0.681104402092288 95
0.8412413357282562 0.8114536680724335 95
1.0 0.9187424216317153 95
0.4998766422276758 1.0 95
0.0 0.37976003474288783 95
0.4998766422276758 1.0 95
0.7517745903742871 0.556466387730446 95
0.7517745903742871 0.556466387730446 95
0.0 0.37976003474288783 95
1.0 0.9187424216317153 95
0.9306682531911026 0.23251399855016439 95
0.9306682531911026 0.23251399855016439 95
0.7517745903742871 0.556466387730446 95
0.3580022062558102 0.0 95
0.4421475083625224 0.681104402092288 95
0.9306682531911026 0.23251399855016439 95
0.0 0.37976003474288783 95
0.4421475083625224 0.681104402092288 95
0.4998766422276758 1.0 95
0.8412413357282562 0.8114536680724335 95
0.8412413357282562 0.8114536680724335 95
0.4421475083625224 0.681104402092288 95
1.0 0.9187424216317153 95
0.0 0.37976003474288783 95
0.3580022062558102 0.0 95
0.4421475083625224 0.681104402092288 95
0.9306682531911026 0.23251399855016439 95
0.7517745903742871 0.556466387730446 95
0.3580022062558102 0.0 95
0.4998766422276758 1.0 95
1.0 0.9187424216317153 95
0.4998766422276758 1.0 95
0.7517745903742871 0.556466387730446 95
0.7517745903742871 0.556466387730446 95
0.8412413357282562 0.8114536680724335 95
0.7517745903742871 0.556466387730446 95
0.0 0.37976003474288783 95
0.4421475083625224 0.681104402092288 95
0.4998766422276758 1.0 95
0.9306682531911026 0.23251399855016439 95
0.4998766422276758 1.0 95
0.4421475083625224 0.681104402092288 95
0.4998766422276758 1.0 95
0.8412413357282562 0.8114536680724335 95
0.4421475083625224 0.681104402092288 95
0.0 0.37976003474288783 95
0.0 0.37976003474288783 95
0.3580022062558102 0.0 95
0.4421475083625224 0.681104402092288 95
0.7517745903742871 0.556466387730446 95
0.4998766422276758 1.0 95
0.3580022062558102 0.0 95
1.0 0.9187424216317153 95
0.7517745903742871 0.556466387730446 95
0.4421475083625224 0.681104402092288 95
0.8412413357282562 0.8114536680724335 95
0.0 0.37976003474288783 95
0.7517745903742871 0.556466387730446 95
0.8412413357282562 0.8114536680724335 95
0.9306682531911026 0.23251399855016439 95
0.4421475083625224 0.681104402092288 95
0.4421475083625224 0.681104402092288 95
0.8412413357282562 0.8114536680724335 95
0.9306682531911026 0.23251399855016439 95
0.4421475083625224 0.681104402092288 95
0.4998766422276758 1.0 95
0.4998766422276758 1.0 95
0.4998766422276758 1.0 95
0.4421475083625224 0.681104402092288 95
0.7517745903742871 0.556466387730446 95
0.4421475083625224 0.681104402092288 95
0.9306682531911026 0.23251399855016439 95
0.3580022062558102 0.0 95
0.0 0.37976003474288783 95
0.4421475083625224 0.681104402092288 95
1.0 0.9187424216317153 95
0.9306682531911026 0.23251399855016439 95
0.7517745903742871 0.556466387730446 95
0.0 0.37976003474288783 95
0.9306682531911026 0.23251399855016439 95
0.0 0.37976003474288783 95
0.4421475083625224 0.681104402092288 95
0.7517745903742871 0.556466387730446 95
0.4998766422276758 1.0 95
1.0 0.9187424216317153 95
0.9306682531911026 0.23251399855016439 95
0.8412413357282562 0.8114536680724335 95
1.0 0.9187424216317153 95
0.4998766422276758 1.0 95
0.9306682531911026 0.23251399855016439 95
0.4998766422276758 1.0 95
0.9306682531911026 0.23251399855016439 95
0.4421475083625224 0.681104402092288 95
0.8412413357282562 0.8114536680724335 95
0.7517745903742871 0.556466387730446 95
0.9306682531911026 0.23251399855016439 95
0.9306682531911026 0.23251399855016439 95
0.7517745903742871 0.556466387730446 95
0.0 0.37976003474288783 95
0.7517745903742871 0.556466387730446 95
0.0 0.37976003474288783 95
0.0 0.37976003474288783 95
0.7517745903742871 0.556466387730446 95
0.8412413357282562 0.8114536680724335 95
0.0 0.37976003474288783 95
0.9306682531911026 0.23251399855016439 95
0.3580022062558102 0.0 95
0.7517745903742871 0.556466387730446 95
0.8412413357282562 0.8114536680724335 95
0.0 0.37976003474288783 95
0.4421475083625224 0.681104402092288 95
0.7517745903742871 0.556466387730446 95
0.4998766422276758 1.0 95
0.4998766422276758 1.0 95
0.7517745903742871 0.556466387730446 95
0.4421475083625224 0.681104402092288 95
0.7517745903742871 0.556466387730446 95
0.8412413357282562 0.8114536680724335 95
0.0 0.37976003474288783 95
0.0 0.37976003474288783 95
0.4998766422276758 1.0 95
0.4421475083625224 0.681104402092288 95
0.4421475083625224 0.681104402092288 95
0.4421475083625224 0.681104402092288 95
