0.3104742457559426 0.0 95
0.9460195700229476 0.2338225048252708 95
0.0 0.3822016353081115 95
0.6920392674837962 0.5591881161198738 95
0.48499009242459473 0.6859814869182769 95
0.8229746278873834 0.8140980363076827 95
1.0 0.9216202397185009 95
0.2998095013120282 1.0 95
0.2998095013120282 1.0 95
0.2998095013120282 1.0 95
0.8229746278873834 0.8140980363076827 95
0.6920392674837962 0.5591881161198738 95
0.8229746278873834 0.8140980363076827 95
0.2998095013120282 1.0 95
0.0 0.3822016353081115 95
0.2998095013120282 1.0 95
0.48499009242459473 0.6859814869182769 95
0.2998095013120282 1.0 95
0.48499009242459473 0.6859814869182769 95
1.0 0.9216202397185009 95
0.8229746278873834 0.8140980363076827 95
0.0 0.3822016353081115 95
0.2998095013120282 1.0 95
0.8229746278873834 0.8140980363076827 95
0.2998095013120282 1.0 95
0.9460195700229476 0.2338225048252708 95
0.3104742457559426 0.0 95
0.48499009242459473 0.6859814869182769 95
0.2998095013120282 1.0 95
0.9460195700229476 0.2338225048252708 95
0.6920392674837962 0.5591881161198738 95
0.8229746278873834 0.8140980363076827 95
0.0 0.3822016353081115 95
0.48499009242459473 0.6859814869182769 95
0.6920392674837962 0.5591881161198738 95
0.2998095013120282 1.0 95
0.0 0.3822016353081115 95
0.48499009242459473 0.6859814869182769 95
0.8229746278873834 0.8140980363076827 95
0.6920392674837962 0.5591881161198738 95
0.8229746278873834 0.8140980363076827 95
0.2998095013120282 1.0 95
0.0 0.3822016353081115 95
0.8229746278873834 0.8140980363076827 95
0.48499009242459473 0.6859814869182769 95
0.0 0.3822016353081115 95
0.2998095013120282 1.0 95
0.2998095013120282 1.0 95
0.6920392674837962 0.5591881161198738 95
0.9460195700229476 0.2338225048252708 95
0.8229746278873834 0.8140980363076827 95
0.2998095013120282 1.0 95
0.48499009242459473 0.6859814869182769 95
0.48499009242459473 0.6859814869182769 95
0.48499009242459473 0.6859814869182769 95
0.2998095013120282 1.0 95
0.9460195700229476 0.2338225048252708 95
0.2998095013120282 1.0 95
0.48499009242459473 0.6859814869182769 95
0.8229746278873834 0.8140980363076827 95
0.2998095013120282 1.0 95
0.2998095013120282 1.0 95
0.8229746278873834 0.8140980363076827 95
0.9460195700229476 0.2338225048252708 95
0.0 0.3822016353081115 95
0.2998095013120282 1.0 95
0.2998095013120282 1.0 95
0.8229746278873834 0.8140980363076827 95
0.48499009242459473 0.6859814869182769 95
0.48499009242459473 0.6859814869182769 95
0.6920392674837962 0.5591881161198738 95
0.9460195700229476 0.2338225048252708 95
1.0 0.9216202397185009 95
0.9460195700229476 0.2338225048252708 95
0.8229746278873834 0.8140980363076827 95
0.3104742457559426 0.0 95
0.6920392674837962 0.5591881161198738 95
0.0 0.3822016353081115 95
0.8229746278873834 0.8140980363076827 95
0.9460195700229476 0.2338225048252708 95
0.9460195700229476 0.2338225048252708 95
0.9460195700229476 0.2338225048252708 95
0.48499009242459473 0.6859814869182769 95
0.9460195700229476 0.2338225048252708 95
0.2998095013120282 1.0 95
0.3104742457559426 0.0 95
0.0 0.3822016353081115 95
0.9460195700229476 0.2338225048252708 95
0.6920392674837962 0.5591881161198738 95
0.9460195700229476 0.2338225048252708 95
0.0 0.3822016353081115 95
0.2998095013120282 1.0 95
0.6920392674837962 0.5591881161198738 95
0.9460195700229476 0.2338225048252708 95
0.48499009242459473 0.6859814869182769 95
0.2998095013120282 1.0 95
0.48499009242459473 0.6859814869182769 95
0.8229746278873834 0.8140980363076827 95
0.2998095013120282 1.0 95
0.2998095013120282 1.0 95
0.3104742457559426 0.0 95
0.2998095013120282 1.0 95
0.8229746278873834 0.8140980363076827 95
0.48499009242459473 0.6859814869182769 95
0.0 0.3822016353081115 95
0.8229746278873834 0.8140980363076827 95
0.8229746278873834 0.8140980363076827 95
0.8229746278873834 0.8140980363076827 95
0.9460195700229476 0.2338225048252708 95
1.0 0.9216202397185009 95
0.3104742457559426 0.0 95
0.8229746278873834 0.8140980363076827 95
0.48499009242459473 0.6859814869182769 95
0.8229746278873834 0.8140980363076827 95
0.8229746278873834 0.8140980363076827 95
0.2998095013120282 1.0 95
0.6920392674837962 0.5591881161198738 95
0.6920392674837962 0.5591881161198738 95
1.0 0.9216202397185009 95
0.8229746278873834 0.8140980363076827 95
0.2998095013120282 1.0 95
0.2998095013120282 1.0 95
0.48499009242459473 0.6859814869182769 95
0.8229746278873834 0.8140980363076827 95
0.8229746278873834 0.8140980363076827 95
0.9460195700229476 0.2338225048252708 95
0.0 0.3822016353081115 95
0.8229746278873834 0.8140980363076827 95
