0.6572646284911848 0.0 95
0.84704968906673 0.2360705457298245 95
0.6987538590415209 0.4059424380720508 95
0.8417454979153289 0.5794950808837388 95
0.8008199260488457 0.7169971756442873 95
0.9793317621086454 0.8530895588815993 95
1.0 0.9635718206328245 95
0.0 1.0 95
0.6987538590415209 0.4059424380720508 95
1.0 0.9635718206328245 95
0.84704968906673 0.2360705457298245 95
0.8417454979153289 0.5794950808837388 95
0.8417454979153289 0.5794950808837388 95
0.6572646284911848 0.0 95
0.0 1.0 95
0.84704968906673 0.2360705457298245 95
0.0 1.0 95
0.6572646284911848 0.0 95
0.6987538590415209 0.4059424380720508 95
0.6572646284911848 0.0 95
0.9793317621086454 0.8530895588815993 95
0.6572646284911848 0.0 95
0.84704968906673 0.2360705457298245 95
1.0 0.9635718206328245 95
0.9793317621086454 0.8530895588815993 95
0.6987538590415209 0.4059424380720508 95
0.8417454979153289 0.5794950808837388 95
0.6987538590415209 0.4059424380720508 95
0.6572646284911848 0.0 95
0.6572646284911848 0.0 95
1.0 0.9635718206328245 95
0.8417454979153289 0.5794950808837388 95
0.6572646284911848 0.0 95
1.0 0.9635718206328245 95
0.6572646284911848 0.0 95
1.0 0.9635718206328245 95
0.84704968906673 0.2360705457298245 95
0.6572646284911848 0.0 95
0.8417454979153289 0.5794950808837388 95
0.6987538590415209 0.4059424380720508 95
0.8008199260488457 0.7169971756442873 95
0.8417454979153289 0.5794950808837388 95
0.8417454979153289 0.5794950808837388 95
1.0 0.9635718206328245 95
0.8008199260488457 0.7169971756442873 95
0.9793317621086454 0.8530895588815993 95
0.6572646284911848 0.0 95
1.0 0.9635718206328245 95
0.9793317621086454 0.8530895588815993 95
0.6987538590415209 0.4059424380720508 95
0.9793317621086454 0.8530895588815993 95
0.8417454979153289 0.5794950808837388 95
0.8417454979153289 0.5794950808837388 95
0.0 1.0 95
0.0 1.0 95
0.8417454979153289 0.5794950808837388 95
0.6987538590415209 0.4059424380720508 95
1.0 0.9635718206328245 95
1.0 0.9635718206328245 95
1.0 0.9635718206328245 95
0.9793317621086454 0.8530895588815993 95
0.6987538590415209 0.4059424380720508 95
0.6572646284911848 0.0 95
1.0 0.9635718206328245 95
0.6987538590415209 0.4059424380720508 95
0.6572646284911848 0.0 95
0.84704968906673 0.2360705457298245 95
0.0 1.0 95
0.6572646284911848 0.0 95
0.8417454979153289 0.5794950808837388 95
0.9793317621086454 0.8530895588815993 95
0.8008199260488457 0.7169971756442873 95
0.6572646284911848 0.0 95
0.8417454979153289 0.5794950808837388 95
0.9793317621086454 0.8530895588815993 95
1.0 0.9635718206328245 95
0.9793317621086454 0.8530895588815993 95
0.8417454979153289 0.5794950808837388 95
0.6572646284911848 0.0 95
1.0 0.9635718206328245 95
0.8417454979153289 0.5794950808837388 95
0.0 1.0 95
0.6572646284911848 0.0 95
0.9793317621086454 0.8530895588815993 95
1.0 0.9635718206328245 95
0.8417454979153289 0.5794950808837388 95
0.9793317621086454 0.8530895588815993 95
1.0 0.9635718206328245 95
0.6572646284911848 0.0 95
1.0 0.9635718206328245 95
0.6572646284911848 0.0 95
0.6987538590415209 0.4059424380720508 95
0.6987538590415209 0.4059424380720508 95
0.84704968906673 0.2360705457298245 95
0.6572646284911848 0.0 95
0.8008199260488457 0.7169971756442873 95
0.84704968906673 0.2360705457298245 95
1.0 0.9635718206328245 95
0.9793317621086454 0.8530895588815993 95
0.0 1.0 95
0.0 1.0 95
0.8417454979153289 0.5794950808837388 95
0.0 1.0 95
0.6572646284911848 0.0 95
0.8417454979153289 0.5794950808837388 95
0.6987538590415209 0.4059424380720508 95
1.0 0.9635718206328245 95
0.6987538590415209 0.4059424380720508 95
0.0 1.0 95
0.8417454979153289 0.5794950808837388 95
0.6572646284911848 0.0 95
0.84704968906673 0.2360705457298245 95
0.9793317621086454 0.8530895588815993 95
0.8417454979153289 0.5794950808837388 95
0.8417454979153289 0.5794950808837388 95
0.8417454979153289 0.5794950808837388 95
0.8417454979153289 0.5794950808837388 95
0.8417454979153289 0.5794950808837388 95
0.9793317621086454 0.8530895588815993 95
0.8008199260488457 0.7169971756442873 95
0.6987538590415209 0.4059424380720508 95
1.0 0.9635718206328245 95
0.9793317621086454 0.8530895588815993 95
1.0 0.9635718206328245 95
0.84704968906673 0.2360705457298245 95
0.0 1.0 95
0.6987538590415209 0.4059424380720508 95
0.84704968906673 0.2360705457298245 95
