0.45156384658011617 0.0 95
0.5843257927309953 0.2246283081732724 95
0.0 0.3816822983490526 95
0.5251144018783798 0.554794141504341 95
0.39019751344503595 0.6884909509343723 95
0.7989181100383917 0.8199398730621821 95
1.0 0.930599416234383 95
0.015022868085587341 1.0 95
0.39019751344503595 0.6884909509343723 95
0.0 0.3816822983490526 95
0.5251144018783798 0.554794141504341 95
0.0 0.3816822983490526 95
1.0 0.930599416234383 95
0.0 0.3816822983490526 95
0.39019751344503595 0.6884909509343723 95
0.0 0.3816822983490526 95
0.45156384658011617 0.0 95
0.5843257927309953 0.2246283081732724 95
1.0 0.930599416234383 95
1.0 0.930599416234383 95
0.5843257927309953 0.2246283081732724 95
0.7989181100383917 0.8199398730621821 95
0.45156384658011617 0.0 95
1.0 0.930599416234383 95
0.015022868085587341 1.0 95
0.39019751344503595 0.6884909509343723 95
0.39019751344503595 0.6884909509343723 95
0.5251144018783798 0.554794141504341 95
0.39019751344503595 0.6884909509343723 95
0.5843257927309953 0.2246283081732724 95
0.5843257927309953 0.2246283081732724 95
0.5843257927309953 0.2246283081732724 95
0.5843257927309953 0.2246283081732724 95
0.5843257927309953 0.2246283081732724 95
0.5843257927309953 0.2246283081732724 95
0.0 0.3816822983490526 95
0.5843257927309953 0.2246283081732724 95
0.0 0.3816822983490526 95
0.5843257927309953 0.2246283081732724 95
0.5843257927309953 0.2246283081732724 95
0.45156384658011617 0.0 95
0.5843257927309953 0.2246283081732724 95
0.39019751344503595 0.6884909509343723 95
0.5843257927309953 0.2246283081732724 95
0.0 0.3816822983490526 95
1.0 0.930599416234383 95
0.45156384658011617 0.0 95
0.0 0.3816822983490526 95
0.5843257927309953 0.2246283081732724 95
0.0 0.3816822983490526 95
0.7989181100383917 0.8199398730621821 95
0.5843257927309953 0.2246283081732724 95
1.0 0.930599416234383 95
0.5251144018783798 0.554794141504341 95
0.5843257927309953 0.2246283081732724 95
0.015022868085587341 1.0 95
0.015022868085587341 1.0 95
0.39019751344503595 0.6884909509343723 95
0.0 0.3816822983490526 95
1.0 0.930599416234383 95
0.5843257927309953 0.2246283081732724 95
0.0 0.3816822983490526 95
0.5251144018783798 0.554794141504341 95
0.39019751344503595 0.6884909509343723 95
0.5843257927309953 0.2246283081732724 95
0.45156384658011617 0.0 95
0.0 0.3816822983490526 95
0.39019751344503595 0.6884909509343723 95
0.7989181100383917 0.8199398730621821 95
0.5843257927309953 0.2246283081732724 95
0.5843257927309953 0.2246283081732724 95
1.0 0.930599416234383 95
0.0 0.3816822983490526 95
1.0 0.930599416234383 95
0.5843257927309953 0.2246283081732724 95
0.39019751344503595 0.6884909509343723 95
0.5843257927309953 0.2246283081732724 95
0.5843257927309953 0.2246283081732724 95
1.0 0.930599416234383 95
1.0 0.930599416234383 95
0.5251144018783798 0.554794141504341 95
0.5843257927309953 0.2246283081732724 95
0.5251144018783798 0.554794141504341 95
0.39019751344503595 0.6884909509343723 95
0.45156384658011617 0.0 95
0.5843257927309953 0.2246283081732724 95
0.39019751344503595 0.6884909509343723 95
0.5843257927309953 0.2246283081732724 95
0.5843257927309953 0.2246283081732724 95
0.5843257927309953 0.2246283081732724 95
1.0 0.930599416234383 95
0.0 0.3816822983490526 95
0.7989181100383917 0.8199398730621821 95
0.0 0.3816822983490526 95
0.45156384658011617 0.0 95
0.0 0.3816822983490526 95
0.015022868085587341 1.0 95
0.0 0.3816822983490526 95
0.5843257927309953 0.2246283081732724 95
0.39019751344503595 0.6884909509343723 95
0.0 0.3816822983490526 95
0.5251144018783798 0.554794141504341 95
0.0 0.3816822983490526 95
0.0 0.3816822983490526 95
0.5843257927309953 0.2246283081732724 95
0.0 0.3816822983490526 95
0.5843257927309953 0.2246283081732724 95
0.5843257927309953 0.2246283081732724 95
0.5843257927309953 0.2246283081732724 95
0.5251144018783798 0.554794141504341 95
0.5843257927309953 0.2246283081732724 95
0.7989181100383917 0.8199398730621821 95
1.0 0.930599416234383 95
0.39019751344503595 0.6884909509343723 95
0.5843257927309953 0.2246283081732724 95
0.7989181100383917 0.8199398730621821 95
0.5251144018783798 0.554794141504341 95
0.5843257927309953 0.2246283081732724 95
0.5843257927309953 0.2246283081732724 95
0.45156384658011617 0.0 95
0.5843257927309953 0.2246283081732724 95
0.5843257927309953 0.2246283081732724 95
0.5843257927309953 0.2246283081732724 95
0.39019751344503595 0.6884909509343723 95
0.5251144018783798 0.554794141504341 95
0.45156384658011617 0.0 95
0.5843257927309953 0.2246283081732724 95
0.45156384658011617 0.0 95
