149.43345220542915 13.946706660744521 40
151.0116556618407 10.378625327094444 40
155.30211183803695 6.951458065562393 40
152.87306180490745 -0.7896901382350375 40
149.83649842625238 -4.4776963429454835 40
148.3604194041974 -8.194502348739316 40
153.69233225877105 22.113177742231592 95
156.789466662405 18.904199764036345 95
152.7475518164764 14.665875837223538 95
149.72423104184563 10.962219844905075 95
147.6009313807771 7.170472824516731 95
145.52717185743433 3.7313370494734954 95
143.6248664835506 0.195838153244174 95
145.8411481003076 -3.1424744683364016 95
148.76004587849326 -6.454359009892757 95
150.333307312248 -10.14161414969076 95
153.55487506856704 -13.814158232652662 95
155.37462066721073 -17.659781355395488 95
155.44949733392704 -21.285294891765304 95
