149.58471305172503 14.220015379931386 40
149.7308869982751 10.424630052782224 40
154.62582863765147 6.967100179932805 40
153.0739877700542 -0.5710419007621395 40
149.9685691109606 -4.222771369096456 40
148.30087285321113 -7.892220557253249 40
154.9636338525961 24.413885561264784 95
155.5812999782746 20.871265464032966 95
154.75598957467622 17.119395163460112 95
151.63163479438956 13.141055116727411 95
149.16373138986154 9.245741606449425 95
147.13489358989915 5.8211329042598665 95
144.03320246063424 2.199792929787976 95
144.74607618132217 -1.0658002209054174 95
146.8077138830263 -4.445308700133658 95
149.78577764299828 -8.013789108922051 95
152.1553437896616 -11.64093450930314 95
155.53478701401284 -15.447330789028266 95
155.1336558454984 -19.262773658288644 95
