157.45883155067762 17.436045620624242 40
149.2965272677697 12.595336815654395 40
152.93572887156387 9.226655546756282 40
156.80572697728036 5.575155198747565 40
154.9662491732051 1.6888621663178511 40
152.0607086255047 -2.1389668770884365 40
149.62126603008832 -5.719451028912173 40
156.15680415790035 -9.815607401722579 40
154.67638974810205 22.470079094058256 95
157.1161895756386 19.117494559486467 95
153.18340690585427 14.834212102955803 95
150.0672814687259 11.069627707660068 95
148.78749074616934 7.472163171302992 95
146.2238255666812 3.8689096196201334 95
143.89956657856433 0.353183382017942 95
146.1710303304562 -2.910307910316426 95
148.613681522658 -6.366801731009293 95
151.06494965377232 -10.066826019319025 95
154.26336088944086 -13.750676786766912 95
155.01638101107233 -17.4906151472741 95
156.3454480221201 -21.190835466364703 95
