156.0318653765851 16.65271047240848 40
149.30867666750385 12.121504449478726 40
153.0577395436929 8.837111127285223 40
157.02022136741306 5.1319138583956025 40
154.66918691855062 1.375228074770756 40
151.23143000247137 -2.43191269745845 40
149.30363103019582 -6.180476495871138 40
157.45184294463564 -10.345931143382758 40
154.7745398899731 22.139654510563656 95
157.54956060166268 18.865088900480018 95
153.17860465948917 14.622951123898527 95
150.03532273442116 10.820469351099653 95
148.32703690274087 7.165202275787209 95
145.72811969163772 3.696722350908799 95
143.9499518253081 0.11776880521861124 95
146.28930267255635 -3.231957390993405 95
149.0526204211065 -6.629958190029773 95
151.68024585461757 -10.232479781693758 95
154.443653665845 -13.979036710178587 95
155.6084982871809 -17.81532727199872 95
156.5347200235963 -21.651375294293015 95
