158.21035663124988 17.698583234618877 40
148.3218729190319 12.86058113329415 40
152.51331169711386 9.597748070519936 40
155.24417582408017 5.878908020780857 40
152.290462951524 -1.7485670665179698 40
149.4775040135254 -5.542233725682831 40
155.1295656077402 -9.39706468158968 40
155.3114698010815 23.471322357884905 95
156.53838105945903 19.91419732963399 95
154.66140088999296 16.12764938684143 95
150.9484368923008 12.004166975308213 95
149.03951020494455 8.381528671443395 95
147.02254788669944 4.772883080819387 95
144.9441304073812 1.3044387483024455 95
145.1592588557989 -2.1378010747419633 95
147.2706492620863 -5.544951841410535 95
150.8456317928487 -9.184824114609341 95
153.52438877528215 -12.714737558283446 95
155.72868392715878 -20.32927697472487 95
