158.23436518677107 16.73892039383755 40
151.8727004170449 12.362934981702685 40
154.54489854186 8.6519698922523 40
158.79716797087647 5.096114391889168 40
156.39647882558285 1.0759878018324172 40
152.77918648213893 -2.5871208208349077 40
151.04711601593343 -6.379303411361856 40
158.91537220283993 -10.574545966017062 40
155.14647142742405 21.286906858900135 95
156.765664433376 17.817886512214233 95
152.57628722622894 13.81001724326531 95
149.76782657220096 9.980386958386651 95
147.4647354134072 6.31757939829889 95
145.02281147457848 2.8083183596002472 95
145.0236194665245 -0.6327889290219757 95
146.64435704361603 -4.040117234000394 95
149.3846840704093 -7.542996101285048 95
151.0736378715726 -11.019599141935378 95
154.5144263976054 -14.83552021396549 95
155.14682074019294 -18.534468274283878 95
156.14176965391806 -22.29177862672226 95
