152.62386145427766 15.024338804653448 40
148.06591369155262 10.95596109982365 40
153.47013272682486 7.623564598110265 40
152.7749461946086 0.13153372463420598 40
149.50463429126523 -3.7805656686260902 40
148.17401336648493 -7.416201791010532 40
154.51498003012097 22.18853186426081 95
156.89390038034023 18.873384657868733 95
152.8590492036081 14.550380633128281 95
149.86956809672088 10.685272972757662 95
148.4749006919473 7.212930369577845 95
145.55417747254938 3.6525909009358464 95
143.84986627438644 0.19614494929828347 95
146.26252455828757 -3.3111795234210724 95
148.77426052067003 -6.698882856700985 95
150.92356602570248 -10.305476363828358 95
154.18320173646777 -14.08264631706982 95
155.51883470977785 -17.71913303502167 95
155.9521193804787 -21.484112402817935 95
