159.78177134580295 18.05103055408997 40
150.9308789350089 13.162497709232298 40
154.2575397455707 9.74645041615349 40
157.11796112968256 5.9463885995320735 40
154.59172276860664 -1.6406361987222777 40
151.22945394754137 -5.51693942034889 40
156.30519589973713 -9.419831492601459 40
155.19746618120013 23.887174716471712 95
156.7258440037751 20.415982006857966 95
154.58746832450694 16.588859575617597 95
151.70561558790865 12.56410856741095 95
149.13363661410955 8.917310707311339 95
147.0575373629545 5.215669155846398 95
144.56312461323728 1.8530048725326218 95
145.0676148871809 -1.4638087117420449 95
147.14218369361765 -4.937449024919461 95
149.98570569489922 -8.475772071208278 95
152.16295872892934 -12.184272274458824 95
155.2639178799924 -15.890922866686452 95
154.91229779086282 -19.621480401718923 95
