152.23780756264154 14.855997190288281 40
148.5017607704351 10.81501274865165 40
154.67911845929035 7.4583454806125165 40
153.12494607747664 -0.13182006768677704 40
149.95346490850397 -3.8344391243053932 40
148.99399514577212 -7.540962350342103 40
154.46627538492046 22.6976957797464 95
156.74627181062831 19.46301039070345 95
153.03871328980742 15.283724500268942 95
149.97109052692028 11.35041876611957 95
148.24229490357496 7.850127497150247 95
146.3376778240394 4.271305311921745 95
144.57284961160687 0.7885303923766955 95
145.85347138571518 -2.5060945186407038 95
148.34746096825126 -6.152759484424267 95
150.8226345240908 -9.555026960324636 95
154.11865070419145 -13.398936716001884 95
155.72977017644072 -17.18412947440032 95
156.58385423270815 -20.918824504020453 95
