149.57302659242333 14.348934298527084 40
149.47286337807907 10.536978908057261 40
155.36148249455832 7.311064367116214 40
153.09940095415143 -0.43933155310460226 40
150.01739343342814 -4.267200195113515 40
149.0976858378753 -7.9754062206403376 40
154.6394147252431 24.060370184896662 95
155.89910126190586 20.567759375537875 95
154.68236490147137 16.641713057496744 95
151.38591904253917 12.787069275083239 95
148.9814691296612 8.94898630951062 95
147.22517030947859 5.422624119835989 95
145.06151376724887 1.9780921500961992 95
144.89262379564025 -1.4620429593767954 95
147.17116050589485 -4.817884945506416 95
150.2671642769845 -8.368353491204843 95
153.0484430880431 -12.087170608791677 95
156.7517417062832 -16.086394780890735 95
156.08874348112556 -19.68399815798052 95
