158.5292880606941 18.237923209575264 40
149.31480644292165 13.287862838925616 40
153.01598505499777 9.980389860558535 40
156.55670399978322 6.24073663342123 40
152.79387722871874 -1.4032269081383422 40
149.8140435926655 -5.209380474900067 40
155.62641758236168 -9.022809660111378 40
154.4659419097165 22.35348775793364 95
156.96320835413158 18.92514790371482 95
153.0132568594085 14.775616747759795 95
149.92369712816281 10.976823967929121 95
148.66669798009582 7.384809523269496 95
146.22487521079964 3.8290331137346656 95
144.4993498438376 0.43346823208876584 95
146.3935520990796 -3.034555785293736 95
148.88316122123635 -6.500379202119225 95
151.7466777087145 -9.987563735342622 95
154.9530396422788 -13.89734257397341 95
155.91070628613622 -17.591522542354358 95
156.75498496660478 -21.33341716930298 95
