153.2005414550685 15.300034627174654 40
148.8329825804095 11.095773967280028 40
154.89354713533538 7.69076892568413 40
154.0999939723531 0.044205916904805506 40
150.88330378894523 -3.6402475341307436 40
149.59740939492906 -7.48379429214378 40
155.4803854394892 22.846711876939263 95
158.18174025419995 19.466064706375985 95
154.13746052427692 15.351002023548006 95
151.29542889315616 11.409155141198065 95
149.15375862155338 7.653678139521508 95
146.78980122326163 4.204373536608959 95
146.02303980969563 0.756617298271917 95
146.19835784730128 -2.791198264623697 95
148.32415455006736 -6.111274581274895 95
151.5632272435544 -9.726447065536863 95
154.31423466603664 -13.45834237324103 95
156.4161094041208 -17.346219872874794 95
156.9821379405724 -21.146355894269345 95
