156.76225596322027 16.636075556160666 40
150.32396939915506 12.286607086393248 40
154.18587926869048 8.810288919312017 40
159.49115951525042 5.3001989808818255 40
154.77090836041071 1.1541302035654184 40
151.25296251345486 -2.6494444112185462 40
149.85320700012818 -6.2020693945394045 40
160.00257668918331 -10.413445673506828 40
156.110878978761 24.681895479858028 95
155.35450872234435 21.05652498963287 95
155.76062488568525 17.359532258124077 95
152.89098128963064 13.376227618196898 95
149.827218204148 9.450942291994918 95
148.12763075651952 6.022250946299691 95
144.97993762015983 2.411988319740601 95
145.04662898364296 -0.9888986203969121 95
147.25991779492725 -4.3786111989157686 95
150.79305974794065 -7.902729392684444 95
152.9779398488128 -11.703868788268819 95
156.10697193105096 -15.50415878137449 95
156.37040424815189 -19.243159181110617 95
158.51698235561045 -23.160446992039713 95
