158.6932749547335 18.117883702728967 40
149.63865323369885 13.315217109219358 40
153.12926080762958 9.766879572661939 40
156.93313425416346 6.209969814587463 40
156.18349036949104 2.3284093478700036 40
152.81887627679535 -1.4034450715261468 40
150.08889389024617 -5.218453176803578 40
156.44269217207687 -9.202770843586768 40
155.53613258755774 22.63828802506182 95
159.16009868288734 19.498345756847257 95
153.9384436365004 15.076843030687257 95
150.36948780550384 11.05069057165359 95
149.06418054902124 7.4453057189612935 95
146.64972957391427 3.840158316764782 95
145.42445924120096 0.3965846747930475 95
146.54674627365864 -2.8778084724174193 95
148.7402991733726 -6.331589596271739 95
151.8464618137342 -9.994131260402824 95
155.1598065701543 -13.830583867368087 95
156.41715565974954 -17.56227249856008 95
157.25041791529821 -21.40084263443993 95
