151.14787223454067 14.142326124733282 40
153.58405828022052 10.50227283469129 40
156.25504132409932 6.902274959636121 40
154.89803740804615 -0.7996302938252431 40
152.03561366715013 -4.540083499085524 40
150.70946115339075 -8.274210862695828 40
155.86392441027556 22.642594096699817 95
157.98853368750744 19.398552736514223 95
153.01784845069943 14.986679269230297 95
150.15789792363393 11.199835541450174 95
148.30900411267947 7.529229648856484 95
146.47051843099905 3.9953542464176337 95
145.07361899056056 0.6330070944815545 95
156.8753056716549 25.2853410185593 95
145.67494873142286 -2.7017239121195322 95
147.8411134856746 -6.293312984102982 95
150.5074299219655 -9.782339356444671 95
153.23231440356852 -13.490309393261878 95
155.93454805911003 -17.378916007654343 95
155.15439121980677 -20.85707038898689 95
