150.8637187599549 14.510151162477595 40
149.54192284455922 10.627913550596466 40
155.2385936783432 7.260959572727207 40
153.47427346736112 -0.48438950017502264 40
150.42069457550144 -4.148391883089902 40
149.58283603487752 -7.784626658030099 40
156.14677615612638 24.77487227108473 95
155.38307567506928 20.84467363034719 95
155.78073042733726 17.404784615882924 95
152.80895192268753 13.453037288648583 95
149.81681968683853 9.614372778362071 95
148.08254775197955 5.899072069630885 95
145.4555264123935 2.3802229083627164 95
145.17189059308996 -0.9501613694094466 95
147.3074848239047 -4.460441665921239 95
150.26662601241276 -7.9162321748213005 95
153.0028670021204 -11.705775887631361 95
156.02386374409497 -15.581846564643456 95
156.5297634068683 -19.176109297504397 95
159.19054417571627 -23.391892720327878 95
