149.97529545702042 14.34212851243177 40
149.75298338332556 10.469299578301095 40
155.16760191563088 7.1686337681744705 40
153.32382423099017 -0.6159224696279939 40
150.21847983570504 -4.229451912316821 40
149.4743778091378 -7.951475248338125 40
154.86380952005237 21.50634792187953 95
156.9895852795477 18.060197638885985 95
153.03032224503616 14.061511248098228 95
150.00071493613862 10.242461552150601 95
148.2783859651658 6.595519734283771 95
145.6670392433059 3.0989801692129904 95
145.2492222445964 -0.4753286650684979 95
147.07666261051023 -3.7710662091966953 95
149.99410763561178 -7.36873799211981 95
152.15481790351302 -10.973326239057648 95
155.63362919383343 -14.68601678319738 95
156.94431421215882 -18.66238828433173 95
157.65725100506552 -22.288827482076442 95
