154.97457558046273 15.916978807802684 40
150.79357296466443 11.713317639157149 40
154.47686802074915 8.026392911393069 40
154.1992702053319 0.48656434079007604 40
150.36598021167296 -3.2827292906982164 40
149.4193476062725 -7.002115695669849 40
155.31950693244247 22.909621696199107 95
157.89284821036884 19.561658519088436 95
153.73524839580784 15.353286315289742 95
150.78749071881458 11.494923563182592 95
148.37560210635993 7.6948895102630885 95
146.48877453352193 4.2357331911935105 95
145.62304517916058 0.7545447290612177 95
156.03328610466008 25.32428187296319 95
145.82778633855966 -2.5454334788778783 95
148.1308933523614 -5.941458964878146 95
150.8672988625291 -9.640475036237792 95
154.21827491279146 -13.407597954991004 95
156.87754696456778 -17.267480516272045 95
156.45995499688547 -20.90227218205173 95
