154.8090521505502 15.811172089362213 40
150.129891299144 11.534295718460925 40
154.53116201212993 7.94021410207385 40
153.9241329566697 0.5298973775658845 40
150.4909533652491 -3.285319828332102 40
149.5192488263939 -7.006559367379137 40
154.7321471992684 22.779873202103904 95
157.7298100361 19.454116556035466 95
153.34555776621482 15.229901948747795 95
150.64105072733025 11.44244120657454 95
148.72302345300434 7.753574659285948 95
146.61714155154786 4.1193965885034745 95
145.6976107491685 0.8343991753243861 95
145.67494873142286 -2.7017239121195322 95
148.04771866624432 -6.140327574370293 95
150.94477093100923 -9.604094365693848 95
154.03660519243616 -13.47645672235665 95
156.3711371858442 -17.298065793778626 95
156.3569825747028 -21.105559104986572 95
