157.07372146854695 17.0314115834414 40
149.4529014834995 12.521434200098684 40
153.29761336004262 9.026761565157203 40
157.56130891545996 5.419916069427165 40
154.81840657869503 1.465300028922463 40
151.23208728279099 -2.388488971218993 40
149.6833575844349 -6.066196576046 40
158.46945932285843 -10.090576681001997 40
154.15998160134396 21.665772491958226 95
156.65185164053554 18.367716314001733 95
152.84451428221516 14.170548819072692 95
149.84546029690176 10.31397248443292 95
148.17304284434388 6.712302082611581 95
145.4929175229874 3.0555810657197604 95
144.17486597226045 -0.1965880991697553 95
146.53085435039614 -3.59713057074609 95
149.50845725881544 -7.058812441831942 95
151.67380634863898 -10.689198647025057 95
155.19358322583358 -14.559098547859014 95
156.05093822715304 -18.340400852360542 95
156.73467858007206 -22.02762255445434 95
