157.07835992727155 16.986394076500996 40
149.38494025419183 12.429650284077477 40
153.7518233235916 8.963685151410099 40
157.63920156686132 5.33202862827006 40
154.8687982190769 1.4213344692974814 40
151.23398807150699 -2.2582167396362243 40
149.73165993757692 -6.111133555781248 40
158.51383774672794 -10.184422607902624 40
155.190946193931 23.92949737107758 95
156.49456252142735 20.25566343586562 95
154.75463307899727 16.436062958778315 95
151.02491643563826 12.300416277853433 95
149.0410556005781 8.789410985122668 95
147.26302122417064 5.062122077692855 95
144.46596931521225 1.6153435597885568 95
145.01407988422193 -1.7796798398878817 95
147.03537542518447 -5.13458845235496 95
150.11899720070886 -8.770821196077959 95
153.06815074478237 -12.466830093194645 95
156.6958834605945 -16.382997482261494 95
155.71456882349867 -19.852548479021507 95
