149.35735592001703 13.377898297605816 40
153.02677617191938 9.804742764528559 40
156.60495954727674 6.2875207704935745 40
152.7946186539181 -1.3155272483135403 40
150.04033789470031 -5.173704971193386 40
155.69635603462862 -9.1162229560332 40
154.69047298876995 21.482276218097432 95
156.040908540724 17.994179247340263 95
152.17038055504685 13.8569578815921 95
149.60719347663198 10.133615349203124 95
147.65578892400018 6.527480159380515 95
145.22042466767846 2.9309997166713764 95
144.37435040625644 -0.43309325956566475 95
146.42789457611136 -3.7144737187407 95
149.47569745787996 -7.2206903742189965 95
151.6810483951278 -10.939158228808115 95
154.9865039165202 -14.624952264348323 95
155.2910799563266 -18.379910527469317 95
156.36401644302137 -22.149491795672073 95
