151.52289038160066 14.438769660183056 40
149.36731970017797 10.616134672373914 40
155.0427223794946 7.1631472889399275 40
153.2495143210111 -0.3957666459318324 40
150.1196623415471 -4.183659402381575 40
149.12698091385192 -7.890975471892965 40
155.099864847972 23.69898571966374 95
156.10337568371523 20.161748439777504 95
153.93153260407638 16.136415189259502 95
150.84713784124122 12.327347853677685 95
148.80097237730973 8.612381759252305 95
146.91459956223827 5.010033479646233 95
144.61682037706936 1.5381446701961383 95
155.64240832349896 25.39154842189086 95
144.98757749823102 -1.897991357845386 95
146.90620525048675 -5.250415117098501 95
150.04172862609607 -8.80736458271939 95
152.8722005007156 -12.408905635430083 95
156.66206156788726 -16.465846176237157 95
155.2325646262932 -19.877144652683587 95
