149.4709004887436 13.517322192809 40
152.4283771695457 10.163577064497726 40
155.7415428115974 6.612320521406071 40
152.8215553961336 -1.0525896485969581 40
149.94729469389654 -4.95507052214238 40
150.99527723037463 -8.549996692181486 40
154.5718589356206 24.006687613800445 95
155.38419589881045 20.456717475687647 95
154.52868585541597 16.66780947809764 95
151.19357130526205 12.687774468386442 95
148.95161185701426 9.028729157382807 95
147.00325397385316 5.334165454766562 95
144.0141551823828 1.7674083016006459 95
155.88220520247592 25.47431257587126 95
144.9676199777291 -1.4627997103902537 95
146.9699500335748 -4.851421145244438 95
149.96074551754944 -8.474361558299162 95
152.27256347826477 -12.067680463031124 95
156.41966074678524 -16.138532518807665 95
155.4136968911132 -19.641927569288804 95
