150.96194842942435 14.256891369475895 40
153.20410904919638 10.565875527129931 40
156.72772862837513 6.967140441845369 40
154.62381475632898 -0.6208857376321375 40
152.06060361306942 -4.540792444041693 40
150.63905002750505 -8.183783133169586 40
155.81444379935166 22.63540597158968 95
158.69920308322736 19.354032286543223 95
153.11737225456983 14.996426702901378 95
150.22289625763864 10.99873015246492 95
148.71663640736492 7.387290144540164 95
146.39770255529302 3.9134622180306677 95
144.99956326540536 0.35588318548696307 95
146.1710303304562 -2.910307910316426 95
148.26226456840539 -6.392253518765298 95
150.74612527764927 -9.96299848315103 95
153.80763713166579 -13.794614346687212 95
155.80653673138926 -17.622800905935645 95
155.82520488973785 -21.120322466080342 95
