155.80436960218125 15.907832166325965 40
151.27366992428142 11.661392234679825 40
154.77209262965988 8.12997453633336 40
155.92426244395213 0.4917389615493928 40
152.11739077816668 -3.231666813251143 40
150.220470709327 -6.9945173899989825 40
161.17478344648015 -11.273648293101559 40
155.40520096429782 24.179518982936916 95
156.1300476037694 20.728199035244117 95
154.67326524818733 16.726076720614504 95
151.8841448745041 12.829152767842976 95
149.42574163173083 9.057468620272537 95
147.49849692883816 5.472970284362692 95
144.66311639923987 1.8542865636088646 95
144.91721835512658 -1.5018153057436918 95
146.96728213378486 -4.931580092473607 95
149.8677831094709 -8.346112020131802 95
152.029893394302 -11.96501209849646 95
155.38826828675195 -15.903649859211598 95
155.0576355997398 -19.46805761287717 95
157.70500078140074 -23.525204112576624 95
