158.06844109173795 17.134041360985325 40
151.64943398392214 12.652301316886474 40
154.21868645485424 9.122685452304646 40
157.8876096906522 5.385311144384878 40
156.1437496709837 1.4324608020581377 40
152.5832253096856 -2.3211525453443422 40
150.38613987530374 -6.006720852571919 40
158.61642406631114 -10.145090258601439 40
155.3563492359224 22.30935346634035 95
153.22438358863022 14.669488705619887 95
150.13801088770558 10.786719227049543 95
148.32703690274087 7.165202275787209 95
146.3049372164956 3.6315074111565266 95
144.59991396938568 0.1577340998719231 95
146.26342210367957 -3.2712924847621094 95
148.45140681052663 -6.643780247383319 95
151.22847850097028 -10.243432787965643 95
154.04147407290546 -13.984988038836411 95
155.414642688237 -17.750196142229612 95
155.65492620395565 -21.443170787948205 95
