159.25487005325627 18.04048415282589 40
150.20835260029887 13.102658795050075 40
153.98568193811664 9.68578711532078 40
157.34118538391573 5.99957630517425 40
157.43640994127688 2.120557884563649 40
153.93987700708516 -1.8107277349547553 40
151.00608535300677 -5.465786376389509 40
156.7294991551367 -9.444157352449016 40
156.06594383621137 24.80568079115175 95
155.4345684136455 21.02421085472067 95
155.34410579102098 17.484691046400563 95
152.19364500096643 13.315218598273475 95
149.61723025178532 9.601564288399128 95
147.49985392693628 6.077311620482993 95
144.82929590156206 2.448989313528499 95
144.67284812422082 -0.7890758050653138 95
146.68984221664044 -4.201510497087158 95
149.80080266997646 -7.72784054123635 95
151.75037344572357 -11.360228170395006 95
154.88391977326893 -15.169443650562505 95
154.2921697241832 -18.731176866493204 95
156.26595397882593 -22.657485012407225 95
