157.94410113883907 17.121212638792482 40
150.78741033744114 12.45327038689378 40
154.268607577013 9.125492864353287 40
157.86553497260837 5.2940351576500415 40
155.91914225064338 1.3857953721029685 40
152.333877471059 -2.273815097021568 40
150.25626634535155 -6.131458833682846 40
158.14230214669755 -10.1162214979436 40
156.07028436184027 24.93729815385608 95
155.36777271026313 21.144625866919917 95
155.13102248519783 17.589243522592046 95
152.1043223775326 13.4746099784606 95
149.5121799474795 9.676707722800787 95
147.52648485831736 6.038109418407528 95
144.92722814798643 2.569249178552722 95
144.57305927400614 -0.7491042348740973 95
146.7920725198214 -4.124311498358318 95
149.7779373904752 -7.685707257949441 95
151.78454848338868 -11.237919811683637 95
155.03734052547534 -15.141785488765928 95
155.09146750778618 -18.785295613359516 95
157.32982921965709 -22.811739581047625 95
