154.18341852316115 15.527214210577194 40
149.26654154661696 11.341981086485797 40
154.47686802074915 8.026392911393069 40
154.22470441763306 0.30967985337608367 40
150.5400405168028 -3.3295912557736833 40
149.43854071982872 -7.132033090980199 40
155.2729847930697 21.649499265598486 95
156.7264187915609 18.15985346230183 95
153.01307248059598 13.975770105718055 95
149.9037330170077 10.194769618077569 95
148.1802766722079 6.5506664048721195 95
145.56790098846912 3.0571558369260847 95
145.04934736919478 -0.43511811116885335 95
146.82776593866774 -3.7246173575011463 95
149.6964689295927 -7.3131945831823915 95
151.9333832152118 -10.91570839568398 95
155.04511893235053 -14.801134931257142 95
155.36053956638472 -18.43109453184521 95
156.4074741608911 -22.199158804112006 95
