154.5439248342261 15.6959389488319 40
149.0359237895012 11.41144774241953 40
154.42252838716635 8.112514857930202 40
154.39939612013774 0.4428767487554989 40
151.46483659107707 -3.349013433995849 40
149.5173322264454 -7.049515817673044 40
156.20023757795946 23.77994492401153 95
157.25495573538421 20.223288473004352 95
154.14797581640502 15.989126827472854 95
151.73931472329687 12.150349472515746 95
149.31636074276926 8.356250028284064 95
147.2671133792125 4.941641119524276 95
144.84377358571572 1.3430388862266198 95
145.73698755063134 -1.9475522244929864 95
147.2736516591296 -5.464627341855928 95
150.72584584921464 -9.095020233005659 95
153.7057115137883 -12.64534985835071 95
157.24065128106952 -16.700096098678355 95
155.81964057630097 -20.21151245385618 95
