149.6240347998438 13.487166248609459 40
152.98281514321076 10.11055035924541 40
156.05364531954754 6.311266304641106 40
152.96924766690447 -1.360856550401218 40
150.1971717619141 -4.962909583243558 40
155.33418624827488 -8.872667446368574 40
155.25080377857475 22.164578748680988 95
160.54785638121047 19.268518661231337 95
153.27415600493316 14.674253847314073 95
150.23184429770268 10.87582566570553 95
148.7784671669334 7.146342243254193 95
146.23094470478728 3.589768202188958 95
144.52497850350022 0.07882615553160231 95
146.71507747397666 -3.201334378821908 95
149.0240074747084 -6.7101282534723525 95
151.7188766217817 -10.401350951899294 95
154.86309499490415 -14.05958066939744 95
155.6036341241319 -17.85776224400185 95
156.8248184283013 -21.560758913598598 95
