151.94429623887393 13.641764022711238 40
153.58163528633492 10.14815935004241 40
156.5765244961604 6.376330038879727 40
155.72056181545403 -1.2055139286185026 40
152.6223475090447 -4.995145711957661 40
151.4827127282546 -8.794314404035168 40
155.3144861924933 23.948546485367604 95
157.05369433109828 20.41513462982662 95
154.77050431793333 16.523119958790396 95
151.90835837965443 12.539189742502037 95
149.4427596495448 8.772205442668769 95
147.4087376931302 5.1878754532018405 95
145.34091462167228 1.6251267445248547 95
145.31546767247283 -1.6644759326904512 95
147.35876862950542 -5.186116851353171 95
150.60269665183256 -8.634249312829592 95
153.05673918479937 -12.29784900363906 95
156.72521058032564 -16.34285756997788 95
155.9710382271042 -20.01493778054793 95
