149.92000265028793 14.120030557086347 40
152.49984610895177 10.607633996457665 40
155.6979248620837 7.057754306264515 40
153.27346477823647 -0.7036927048961211 40
150.2588551894907 -4.576065898980628 40
148.76653999413034 -8.087185126404194 40
156.00361068193942 23.575921598060027 95
157.1692653059074 19.90735211426397 95
154.12419005290968 15.731804268251627 95
150.9798840949951 11.923803867132644 95
149.3140763768177 8.39696943771114 95
147.34867576403397 4.743245258848779 95
145.56945695006672 1.2703654051760473 95
146.20794883586422 -2.233007436017367 95
147.5954191417143 -5.557179894665904 95
150.82566429017442 -9.101043425212728 95
153.34303612248044 -12.783931231810246 95
157.42119905115013 -16.892948656115987 95
156.05094958953592 -20.371346474990865 95
