155.9345124479569 16.37187003523625 40
150.17263454011123 11.971144792391751 40
154.04795153571993 8.581202018188673 40
159.02618200259525 4.966339259045 40
154.82232992610403 0.9324711442885321 40
151.02577591462403 -2.7758052438500633 40
149.81786849557213 -6.459325314171823 40
159.5582568481471 -10.70703329640666 40
155.92395701634624 23.433421716954 95
157.08628175930806 19.76627704033495 95
153.91231840763538 15.837419846258669 95
151.27895286507433 11.94742315508324 95
149.07127914945818 8.26097650065146 95
147.07889505884208 4.573961988267266 95
145.1954592756312 1.1483055945675065 95
156.3254362860906 25.24045304592272 95
145.75800130995455 -2.2261354692123425 95
147.59389816771207 -5.597430094162893 95
150.77077043712023 -9.180265889242444 95
153.11182884200701 -12.84874969232231 95
157.71486506505477 -16.96796872084466 95
155.88296537420723 -20.306183938488168 95
