157.07372146854695 17.0314115834414 40
149.42798016322672 12.519452333336796 40
153.0655362526643 9.145963953662143 40
157.26146953921707 5.410100344580357 40
155.5666731357616 1.6504739619057052 40
151.70894031222264 -2.2649523939614458 40
149.88974139459114 -5.901657593348939 40
157.51845751562706 -10.078236286551547 40
155.22221564750856 21.469833941564403 95
155.6333360363089 17.81817089965616 95
152.74301124103607 13.909102847442401 95
149.6847813474034 10.097864030577856 95
148.0072262286895 6.502575189071497 95
145.4953686730734 2.936548941607419 95
145.17422264619128 -0.47508322858515656 95
146.74650233134432 -3.962834025890538 95
149.736295016744 -7.519812474962981 95
151.74986220751097 -11.027321524351681 95
155.19444007417945 -14.8153896358457 95
154.67012952717192 -18.520303913485286 95
157.0204845170476 -22.50462323682869 95
