149.3451925504605 13.809159324828837 40
152.33952620097625 10.377473808516736 40
155.2346619679276 6.770211017126082 40
153.1476030773678 -0.878932545263275 40
150.23261201875297 -4.618494746428846 40
148.90288547620796 -8.351655778345298 40
155.09253839433197 21.495003126370136 95
156.36376892764576 18.031410558849853 95
152.7143160748415 13.948482562394071 95
149.81224836809483 10.065422936780571 95
147.45775626968998 6.478434680438295 95
145.89447878062384 2.984407199109687 95
144.67394557953511 -0.552354460205884 95
146.87465247203374 -3.8460481301347 95
149.59857552059475 -7.267518641799782 95
151.80870458135718 -10.906750814528692 95
155.00339233938035 -14.711844319599384 95
154.68020778000025 -18.435941693766342 95
156.3705931199813 -22.280935961158697 95
