151.5367570938835 14.834883247508804 40
148.75411417543734 10.789500177207094 40
154.53531768818544 7.3185042188027705 40
153.49978380794877 -0.2642536391551088 40
150.27731547007653 -3.885490005889923 40
149.06058548826337 -7.715891787986488 40
154.91149463057383 22.590514188962135 95
158.50962041711915 19.462534141802003 95
153.07604431789952 15.160978892685915 95
150.0831056782793 11.194257008057274 95
148.60655530954878 7.5849666465990975 95
146.54439497337498 4.037363234521697 95
145.5486144689029 0.635079666394774 95
145.8249229408238 -2.704505371191406 95
148.11586466802677 -6.305008615598867 95
150.7569035336379 -9.798554074423185 95
153.38173645564413 -13.503464253713881 95
155.96412854666704 -17.33915314191337 95
155.7681030985446 -20.98281873536484 95
