155.06539111696804 16.015639852039644 40
149.59364831857746 11.668017596855188 40
153.9231508978899 8.087572460211776 40
154.4739789721531 0.5760051704223017 40
150.36598021167296 -3.2827292906982164 40
149.42125128348667 -6.959185968297423 40
155.28577416175938 23.640726892019657 95
156.2879195837475 20.098925771893068 95
154.39952425592443 16.228043922303222 95
151.455218919202 12.252312521993376 95
149.0848362059761 8.46565050290155 95
146.9699500335748 4.851421145244438 95
144.59139702302167 1.5773100300587477 95
155.5397441590499 25.244179763607086 95
145.46253680382867 -1.9042089157416615 95
147.07674376850179 -5.376994276960558 95
150.0369026370822 -8.889198336785903 95
152.86540975487526 -12.492282636655673 95
156.1513200288442 -16.541338466081918 95
155.0813511678593 -20.072746323089458 95
