155.9887249477136 16.332118356880173 40
149.5840497043566 11.79694467965604 40
153.85518902901245 8.438211266770328 40
158.85394037416512 4.870134147490115 40
154.64680056635584 1.0201791646906329 40
150.97346009041482 -2.9049934391125287 40
149.43785753151718 -6.572795515281186 40
159.57734038707173 -10.800028416420961 40
154.78952243521704 21.496031477401637 95
155.48963367372284 17.973576299987606 95
152.668320281994 13.902301330157693 95
149.5904897320355 10.009545780392823 95
147.50415150922504 6.561081278538351 95
145.0204653910276 2.9269639167164465 95
144.49894685497026 -0.5516863279791131 95
146.67472100703864 -3.840812740472439 95
149.59055888457408 -7.430701016779951 95
151.45364684883754 -10.964276364065539 95
154.298513223206 -14.729861408313695 95
154.88383049187897 -18.417374328685025 95
156.27159306102595 -22.26682963892952 95
