157.87951347815834 15.744130120444558 40
152.2494428465116 11.33748505545253 40
155.53858817485823 7.810621151619247 40
160.3753944760429 4.087439300703038 40
156.5499938812505 0.04487405076424253 40
152.8097843156313 -3.596632919849017 40
151.65327656740396 -7.406882359806953 40
161.39919546214327 -11.659870358566698 40
155.15838001102796 22.280924854086273 95
159.71434314278423 19.080123020278887 95
153.1039440885747 14.61582377160405 95
150.08519320898804 10.824065983757329 95
148.2829055596718 7.041478451394546 95
146.3059221161895 3.591608794328257 95
144.44995165797675 0.11817786671067783 95
146.7409392453995 -3.161862485621688 95
148.94540326694195 -6.787992755449674 95
151.67464234216703 -10.315206996261114 95
154.8476662378599 -14.228501702158988 95
155.65330806958252 -17.86346304599519 95
156.76940061591716 -21.596701843709294 95
