149.3414208356486 13.852068055684967 40
152.3616375830257 10.422820716596656 40
155.23280960946607 6.814726113337022 40
152.89710422446535 -0.9653249098284029 40
149.9801799252554 -4.697366366798585 40
148.81203799031732 -8.175289984048167 40
154.90283395724217 24.31773081549886 95
155.6974461693731 20.757188666463655 95
154.8444955504089 17.000965347279493 95
151.58896394360968 13.054061073206501 95
149.25335875057675 9.414743845247894 95
147.3129135889988 5.747705187305003 95
144.0825911638033 2.2398489958730714 95
144.49414862964184 -1.3003890936843345 95
146.57913666584568 -4.558420153445324 95
149.702058367544 -8.17308665807817 95
151.61591436166253 -11.807630468345799 95
154.96634671757948 -15.60429059608085 95
154.5878473649929 -19.195001225779063 95
156.61816745193215 -23.01390066891179 95
