155.3770266247227 15.91130639717083 40
150.22330784508827 11.627869734325008 40
154.01858848953466 8.180929584028124 40
154.2738173071993 0.6195494731681401 40
150.52028100168505 -3.069692353772894 40
149.4000473102217 -6.872234479408421 40
159.78997794257117 -10.997536180048513 40
154.65251461990306 23.97602389347889 95
156.18045194934882 20.34493619791282 95
154.5377537503553 16.583524679468564 95
151.346503765273 12.659045107281983 95
148.98874064261156 8.827098148804403 95
147.00470317552612 5.294076338273159 95
143.8381841647185 1.843712612236222 95
144.5926390672849 -1.4590159553190918 95
146.52019500117015 -4.836574905764943 95
149.6565883136848 -8.53906167610126 95
151.84889186138582 -12.034104265343338 95
155.07242017073256 -16.042272357486574 95
154.08850865606695 -19.55983448675328 95
156.86340689213839 -23.574609290323995 95
