157.7714146353195 17.331869916572185 40
149.42112844589693 12.605314110343441 40
152.9382390671514 9.182766792444978 40
156.88219904808676 5.5327264587271845 40
155.29123172256112 1.6922300460792497 40
152.05951819284135 -2.2262661286313965 40
149.6898809624461 -5.894187140699167 40
156.4535815015858 -9.87836177213985 40
154.29159188191886 21.98470319434377 95
156.5916788117865 18.66376507852312 95
152.78834707313038 14.501607623317216 95
149.80056071879787 10.598237274837311 95
147.73160599213028 7.055677925328888 95
145.40906482511429 3.4505603437279655 95
143.47499466491894 -0.03912673612762079 95
145.2627807130498 -3.2885467173821894 95
148.1980172321484 -6.71343343303875 95
150.19463413913823 -10.338006375042223 95
153.22178109379902 -14.163383192017823 95
154.49079957641902 -17.687364027427307 95
154.74585221558047 -21.44695426100707 95
