158.24964224318177 17.565223568576492 40
148.94828381021316 12.86902614919957 40
152.70604849672887 9.301430081822412 40
155.92663539146696 5.679686103390443 40
154.79031421402436 1.775837295254238 40
152.21346559453397 -1.9225158488491023 40
149.3760495836307 -5.581634388833964 40
155.7378772790912 -9.700936508258746 40
154.20105964897098 21.371448901150686 95
154.91787221456514 17.693459060106576 95
151.63389200268688 13.683029493408654 95
148.89746328511546 9.881601705072583 95
147.08662024487018 6.381752889398913 95
144.07374502168653 2.7506354585899326 95
143.3489552364013 -0.5472957447466064 95
145.54586236856144 -3.970131911130104 95
148.37106501927835 -7.289003021338004 95
150.12316321448003 -10.991428090953109 95
153.09995254787285 -14.657575851384276 95
153.4389928242949 -18.288004430937164 95
154.85481894508882 -22.10804546955152 95
