158.1750573879807 17.5573432529333 40
148.9268705193487 12.824188434499893 40
152.80333729334956 9.351060919556247 40
155.92663539146696 5.679686103390443 40
154.71531867614937 1.7750191883904556 40
152.13847099369397 -1.9216159350482414 40
149.52442586808147 -5.629909407024729 40
155.6906034300388 -9.65334002870361 40
153.52082197838507 21.362519024707833 95
154.92331489368715 17.86530163057578 95
151.40833947416613 13.954111855494958 95
148.75084336220715 10.197872279652778 95
146.93149631933238 6.4954610584634285 95
144.1698395762615 2.949128100815872 95
143.24935546802587 -0.42971850689180896 95
144.92837696652498 -3.676435073387541 95
147.75464757078632 -7.097164661519881 95
149.91652099653396 -10.729712591481352 95
153.0241706990176 -14.397679739386223 95
153.35459646526448 -18.15071260242665 95
154.68678937520087 -21.868877835687876 95
