151.15456993750269 13.48697493912413 40
153.94194454840894 9.993452650612799 40
156.80481380078686 6.295154731058728 40
155.24416637131327 -1.3800890315440353 40
152.06567671009458 -5.196310165827429 40
152.47634537155037 -8.936901095507611 40
155.93781707150472 23.000822419512126 95
158.35351956847867 19.706432078776796 95
153.81823226289848 15.276846811990314 95
150.7407634863753 11.450015220280958 95
148.84573215516923 7.8006742780110185 95
146.71251818731818 4.28224615544553 95
145.67261115912916 0.834256004570525 95
156.36386210075082 25.159158450500332 95
146.17773303186442 -2.551541821130428 95
148.17594110727032 -6.064691004062487 95
150.8226345240908 -9.555026960324636 95
153.46379324103341 -13.426342170276715 95
156.03732748531814 -17.13193089641603 95
155.87292800444018 -20.953661740197358 95
