152.92260048038588 15.317935716998809 40
148.23447859218723 11.053430418987224 40
153.46384167529226 7.755664475475264 40
153.02494611094292 0.13173825537566092 40
149.71055937700243 -3.527316401032762 40
148.40278757657404 -7.341570899818235 40
152.73486797468115 22.443278052831733 95
156.5335635452938 19.349912372191056 95
152.61996777218187 15.199870467150864 95
149.24507210069936 11.336405014688491 95
147.3561237670586 7.561434278449329 95
145.29377206055955 4.042561120646615 95
143.62379835344487 0.5875130032672261 95
144.3494411001707 -2.716519660954076 95
146.27589239562047 -6.0268817696101395 95
149.41502033321015 -9.629502781888469 95
151.96586972822254 -13.337051313723617 95
157.41001637412313 -17.456442080168696 95
153.64298625902615 -20.653895477819646 95
