156.10386983593574 16.93134755033575 40
148.59079019613108 12.323962461451249 40
152.75091992421596 8.95219210686997 40
156.26346529693438 5.332585549508698 40
154.56759455184516 1.5517173153920611 40
151.0833819848753 -2.299473038382422 40
149.13210975726304 -6.087904666750431 40
156.7171951095686 -10.074535236739745 40
153.27266271463208 22.394214975449295 95
156.43572581151963 19.121288916363568 95
152.71927703908835 14.957436968217019 95
149.35707036525872 11.181062423005761 95
147.46213339793368 7.4459192669547765 95
145.46870436266207 4.047428325297711 95
143.673952867736 0.5485365617441872 95
144.44791925397948 -2.797185763552614 95
146.31918639954839 -6.188553253726946 95
149.80890380928275 -9.73693814610469 95
152.4852041431903 -13.424535091003367 95
153.82423259169985 -20.80639547289774 95
