158.45969904103808 18.184364029765405 40
148.7277127880383 13.109144488873985 40
152.27549525659128 9.802869235809753 40
155.2326558273241 6.190522720930838 40
152.26889721911007 -1.3986454770005303 40
149.3670983328404 -5.108704562032892 40
154.1237926875439 -9.028647163683576 40
154.17508530593472 24.117329265649538 95
154.07866872051517 20.413095559315487 95
153.93879571000303 16.774077481458 95
150.57830100669565 12.842931555410312 95
148.24549271849466 9.10766235928551 95
146.64458061009984 5.5614276663398 95
143.36058423706316 2.033104081918159 95
143.59382731728533 -1.3314489752296743 95
145.64827186124592 -4.728269115923971 95
149.0213557471978 -8.258209931160545 95
150.88989270797728 -11.792488226625615 95
154.17821743778248 -15.694836498284086 95
153.68427459284942 -19.16792549728998 95
156.1662415106898 -23.16507365464029 95
