152.5783377285938 15.240979375410117 40
148.3810815317862 11.106663042914219 40
154.16725980203918 7.700801795782233 40
152.97499401418594 0.043899120796898665 40
149.9345339514387 -3.5754175339193295 40
148.42776007977963 -7.3427431129586465 40
153.96305895520481 23.525283784816025 95
154.8443268031543 19.956204094916096 95
153.05691969717725 16.0869304968921 95
149.968338077726 12.337876608431332 95
147.7932235878472 8.71582248055861 95
146.40935642063442 5.152703416231004 95
143.54188117634095 1.526711615603544 95
154.5142811850043 25.16424864527898 95
144.1391457701127 -1.7689422438860938 95
146.05816571930546 -5.18022458122304 95
149.25022053275953 -8.63838358274546 95
151.52662611978022 -12.29968299414019 95
154.9349178369045 -16.156170953281205 95
153.05038160918235 -19.597721532965288 95
