156.06792667856956 16.791993937454983 40
148.42302058725892 12.224918419276728 40
152.85320208290494 8.913886900569294 40
156.9160185024428 5.263728840085764 40
154.66800737353338 1.508311017028875 40
151.05645040906205 -2.4292402659230996 40
149.23203478731534 -6.091776148255777 40
157.26063154762906 -10.198249137905592 40
153.41442660119904 21.219786417994786 95
154.87364406492995 17.859573736497328 95
151.52305891001555 13.798011398457126 95
148.7396665033216 9.99335946920134 95
146.74039982279254 6.286547927677337 95
143.99800360307592 2.7884732970807735 95
143.32423255219814 -0.4690291285458475 95
145.14708541220162 -3.9196423743817306 95
148.41498981296184 -7.412880601927732 95
150.58093074088407 -10.901097293808474 95
153.32792580131806 -14.637205828487273 95
152.79852166653552 -18.169408397668754 95
154.98459229460633 -22.083447449948743 95
