148.40256760040404 13.683451611382356 40
152.0541274560864 10.139867320179558 40
154.96717395924662 6.581049440373754 40
152.52126933884378 -1.0944015928221564 40
149.45021115978108 -4.853517357582229 40
148.56916034681035 -8.505176558707566 40
153.10844021153474 21.60315164486177 95
155.30606501365827 18.252857172874492 95
151.48098615390714 14.25248518118147 95
148.88926816667578 10.370550843215124 95
147.08804388089112 6.9043353983598195 95
144.31122069826378 3.3457556062870824 95
143.17486690187891 -0.19522456110474298 95
145.03130612235185 -3.5603187279609143 95
148.1849315807267 -6.996324207421184 95
149.9060733780637 -10.523535022537711 95
152.96510724635885 -14.223803644241176 95
153.55253234381544 -17.74966016016972 95
154.32621251615308 -21.56039784927816 95
