148.50963171059132 13.606806451738413 40
151.92382763499447 10.21919050476016 40
154.9172146784498 6.5790319512754225 40
152.4459668034274 -1.1376451614934104 40
149.52649391586596 -4.812869681868596 40
149.01616593827777 -8.57240538257636 40
152.6732123931578 22.689484735307037 95
155.9364738874527 19.492014045443824 95
152.15973322092717 15.279764760501937 95
149.46321123243953 11.434967778142644 95
147.5346637525057 7.974051130703939 95
145.63204418490906 4.449461374671374 95
144.22191094050905 0.9439436783397579 95
144.47799195009856 -2.5218727301869857 95
146.28077417310672 -5.9072080813660515 95
149.45808162243515 -9.345819265399319 95
152.069331930001 -13.011875781884019 95
156.89162138639497 -17.139129608824703 95
153.87483580504832 -20.42879171584608 95
