157.77878828707713 18.20148288103072 40
148.90167433694944 13.425357174461416 40
152.4144167719954 9.987017407642702 40
155.27576788497475 6.370527574058655 40
152.2699878471198 -1.267525338631795 40
149.51840800686284 -5.070615247037577 40
154.85259318189588 -8.98013885927786 40
154.16351460318452 24.029385972049198 95
154.70383825114385 20.452993188380184 95
153.7942426449815 16.715888527283013 95
150.5568876334625 12.799749455553448 95
148.2054302149811 8.942934629771504 95
146.57707757598098 5.35872692762509 95
143.58665088386653 1.9579805807606534 95
143.8934452161188 -1.3734714543138238 95
146.32420642261877 -4.710266955370171 95
149.21651697095865 -8.350662432143348 95
151.73730868948888 -11.858716274148556 95
154.97840078263863 -15.733591956569862 95
153.9962765692117 -19.292143551686102 95
157.24158966275812 -23.412242637748314 95
