155.5773100638903 16.426309149102487 40
149.4399002908753 12.045239574174055 40
153.68900458967502 8.739074310248748 40
154.19680941815503 1.0173566585519578 40
150.3501190613132 -2.8072082694261544 40
149.09695846561957 -6.34399447126206 40
159.53622095896316 -10.659751019112818 40
154.9074537388333 23.79929413136487 95
155.6901658088867 20.237891945589762 95
153.9680027534058 16.267598259338076 95
150.73734101966693 12.44252877515818 95
148.74157591752265 8.771749744027279 95
146.81190513035511 5.086699518902631 95
143.7905677020581 1.6470093866908335 95
144.4641212982104 -1.7729304938304584 95
146.48571047032397 -5.115393729168813 95
149.6400149666889 -8.824733467313365 95
151.89702864076077 -12.371446564889096 95
155.52281318664157 -16.30322678223505 95
154.05301824041626 -19.640712080216822 95
