148.33157698494384 13.634282614079149 40
152.6473519721887 10.265423971942237 40
155.288288438676 6.6832240548816575 40
152.57156075071754 -1.0509534141072452 40
149.63160685076875 -4.643976921203576 40
153.47375605192366 -8.55079566378727 40
153.75517470963538 22.72172693721803 95
157.31155688292705 19.576764187924702 95
153.11750637942615 15.249421797117284 95
149.7872642254385 11.459760069856122 95
148.14880328523213 7.72363807758953 95
145.9866593567202 4.300905702864911 95
144.42215906422342 0.9058676659116008 95
155.06108912856746 25.383543158165686 95
144.55298052723526 -2.5231816606702555 95
146.64892125687877 -6.082311994116095 95
149.86933425950264 -9.576704736675948 95
152.20807909991083 -13.1491931963633 95
157.28456411522652 -17.225461273452144 95
154.50797021582704 -20.598610748909827 95
