155.8328881327621 16.632510065467116 40
149.3552163599633 12.168258269330947 40
153.69138179009838 8.694980149985549 40
158.46667233934033 5.267779443627524 40
154.0952743477587 1.2377536608061879 40
150.85647373088 -2.4261860584533257 40
149.2003159587057 -6.262290913324184 40
158.48049779745003 -10.319101371400137 40
153.5378308425557 22.133687563592872 95
155.9360862926808 18.671890416388102 95
152.27472622434328 14.620478046264271 95
149.48084520769447 10.862437157161832 95
148.0773280864063 7.153139645693166 95
145.48019124311935 3.6110359822935214 95
143.24991477257606 0.1562614785984924 95
145.14382056331834 -3.0086504089460897 95
148.12853413498368 -6.588854226720419 95
150.48573000411525 -10.110672090841861 95
153.38057895611692 -13.798478143852844 95
154.71350618033998 -17.499171562845483 95
154.89299027962673 -21.295165231466566 95
