153.53637711122278 15.465267368552635 40
148.56835490268082 11.29162822927605 40
154.17941220131485 7.967363618914803 40
153.34978400874635 0.2640082023276986 40
150.26418882783338 -3.3669770815815148 40
148.91407857593333 -7.108274732016225 40
153.72310313054317 22.074817415244766 95
156.10386803363556 18.951118303078946 95
152.8061117616581 14.839738315875385 95
149.80201622914808 10.926844635211808 95
147.67388110919288 7.214384114251819 95
145.4740879548199 3.84907244843808 95
143.54946621333605 0.39147141184792655 95
145.26879371689444 -3.011240946581534 95
148.43710214454737 -6.399791553575125 95
150.16146106825357 -10.088885461108564 95
153.359436149252 -13.754416344705513 95
154.7880309906388 -17.50760083623798 95
155.09528458848175 -21.10754186109458 95
