156.70070160985034 16.99292541686227 40
148.90802940411703 12.435043567142925 40
153.10037844579034 8.971653394059265 40
157.21149630984326 5.408464390439114 40
155.36712678873022 1.603904546707095 40
151.235196053313 -2.1713677401524976 40
149.5117684406609 -5.973560721682057 40
157.54341130086988 -10.079755695007199 40
154.7347211949472 24.421067886600607 95
154.81883870058877 20.72600259097439 95
154.75131522936684 17.16159767565759 95
151.60672815266906 13.138896599132948 95
148.8816580842434 9.350535336890395 95
147.03497176063607 5.817179673085172 95
144.28317330836182 2.20361068912502 95
144.42108499127772 -1.0634072325003705 95
146.452949565089 -4.5944737114821965 95
149.55228142070303 -8.164909482832398 95
151.76867910444824 -11.777888940341398 95
155.19447042101757 -15.584510763572302 95
154.67272707899215 -19.11988488322059 95
157.08182015066396 -23.125795189667887 95
