158.25574019687048 17.97858383162315 40
149.1866233065647 13.320208462337524 40
152.60522263557442 9.735114903152366 40
155.45579758959352 6.243625497243799 40
152.36889341141648 -1.3995181305513977 40
149.61556544502287 -5.159799360994112 40
155.5989892072252 -9.066048222583714 40
153.74111160090965 21.94904562200014 95
156.5464055843705 18.8315831414614 95
152.70575437703096 14.577811226034271 95
149.64222263809054 10.710080715482114 95
147.50493547416508 7.08517012938965 95
145.30325636892158 3.68594473472585 95
143.57495195080656 0.1174620091037691 95
146.16607268047966 -3.1494756968004514 95
148.60125681740132 -6.650486620446507 95
150.67133547134364 -10.329534949929716 95
153.92654667985335 -14.143862704895351 95
155.09716279433732 -17.88534925985018 95
155.81067405031723 -21.594532918907888 95
