166.05689942521929 17.957081563622943 95
160.23573281304772 13.75465575234728 95
154.83307226363564 9.512379218880316 95
154.83219237317527 6.041084746636496 95
154.12725013955782 2.6482568640843462 95
154.3983407602156 -0.715800595376252 95
155.4374636180003 -4.409637627156678 95
155.52685894611056 -7.853137675899132 95
155.69562159776063 -11.228687157764117 95
156.21886223559883 -14.870195251407775 95
157.25239015881257 -18.612046887448734 95
164.39079359198598 -23.05790498282657 95
161.22056738553937 12.113392459784404 40
157.59044440881522 8.12968824938088 40
160.7513231335333 4.867518445610562 40
164.09618625450406 1.1187746543009949 40
166.88053794293546 -2.548736133160438 40
161.68376928595677 -6.131781917640647 40
157.98503177529858 -9.576291555602202 40
162.17623787244497 -13.653950693485957 40
