168.2060844728837 21.305296203083216 95
168.25208384784744 17.405711156310588 95
157.66688193132944 12.668266142302958 95
157.56379248495472 9.07644879664581 95
157.3979656706007 5.668368615078169 95
156.53602333482905 2.091864842156361 95
155.86789974331145 -1.4877683317675399 95
157.49203251697253 -5.112760377023541 95
157.52008938719305 -8.513750022799226 95
157.5762176545117 -12.228578400531857 95
158.16322156966768 -15.795500710778583 95
161.51747463781004 -19.787142583616955 95
166.53508228973257 -23.960986347644365 95
161.7781530243418 14.198211296943168 40
159.49130091844427 10.32257508290723 40
158.1907832208785 6.517800930147023 40
162.3178301925415 3.231795412037487 40
163.89381842974262 -4.291710675075384 40
159.55970583154252 -7.795048104509744 40
158.94343061076304 -11.375779783450154 40
163.20421068208495 -15.355495453993933 40
