168.6349845516469 21.499813610024813 95
168.25786153250442 17.591834967068408 95
158.25098899236735 12.88895294186548 95
157.7834391383759 9.175447327865012 95
157.40103387472192 5.582520503199027 95
156.586018870867 2.0925329561271626 95
155.74330504642893 -1.4441029101094895 95
157.41983584324083 -5.0244684382639075 95
157.92182819270687 -8.492271796944445 95
157.63931751733617 -12.060496369075043 95
158.17609130069962 -15.666098455988699 95
161.51414517693166 -19.60792971644483 95
166.67186181596782 -23.887886130818135 95
161.3500908781318 12.388656045698017 40
157.54505295127979 8.51509927002888 40
160.35017630997964 4.899140981686237 40
163.24378394022597 1.4246069201085967 40
166.43513947034364 -2.224151408349017 40
161.86196748347407 -6.050132839763639 40
158.03494017263716 -9.579316762222088 40
161.70005673018815 -13.347439958806003 40
