168.7137507005587 21.276109243697043 95
168.33245493941996 17.599633918583194 95
157.8482133992421 12.596190958671858 95
157.29171267813206 9.01773933865631 95
157.2791314021302 5.492308293555823 95
157.23652801101258 2.0583389035945197 95
155.96706001742572 -1.5737898591369355 95
157.4656457569014 -5.154891498570768 95
157.44053395432715 -8.595574045772576 95
158.22426916653595 -12.27886992827855 95
158.31247909238206 -15.810406813997227 95
162.01917097452596 -19.803758777750335 95
166.76284614311857 -24.133030191970505 95
161.53244047578477 12.624234588166226 40
157.8102535401511 8.702090415137217 40
159.7365517784171 5.316450972319474 40
163.48978012138576 1.8280579479159649 40
162.00125305979543 -5.657208415475131 40
158.1353507183218 -9.15264186961122 40
161.63264826659608 -12.94254667083859 40
