167.88044585287366 18.75663949753138 95
171.0177512144714 15.291133690644827 95
157.7643097592533 10.297211573351623 95
157.30200956056927 6.824975326444512 95
156.6422303440414 3.2042624493441174 95
156.49979050120115 -0.2560724119348584 95
157.50148861263327 -3.9094225666399303 95
158.32970020918833 -7.34547695310178 95
157.64305931014363 -10.980276696811348 95
157.65289027896495 -14.572982251023301 95
159.4335116528993 -18.253245931198762 95
166.6202781471812 -22.629746135473237 95
169.89974173470995 -26.956972817415203 95
161.48312685284344 12.930573917211827 40
157.73601902458864 9.12952913761751 40
159.7026541576515 5.576939573059499 40
163.03772263487252 2.0008743174870944 40
162.08525127273452 -5.39462184536744 40
158.7491684648212 -8.92757031491874 40
161.41125454646172 -12.570477546113446 40
165.07649590665582 -16.75876260885161 40
