168.9658747783531 21.073888710579716 95
168.70783060642557 17.127420035534143 95
157.5795466224755 12.18560569914644 95
158.0051743975601 8.799281993243754 95
157.91256174559612 5.255743804951986 95
158.69147871629178 1.6445615940751879 95
156.53923659212424 -1.8357306869345262 95
157.58192651185004 -5.416831344420167 95
157.94556228217257 -8.968798992526485 95
158.3285754136524 -12.547622582919198 95
158.49259874569935 -16.265047427989167 95
164.67412667430742 -20.53861008087333 95
166.94576267732685 -24.438452264529026 95
161.51994994216764 15.108156594358594 40
160.34298217336362 11.43199753990516 40
157.37469477953147 7.430204778424034 40
161.02207938819328 4.1286286467041515 40
166.82395163581745 0.5914267583035056 40
164.11747352082344 -3.267626836378594 40
161.22711163508527 -6.907177340111535 40
157.8640974314603 -10.30372467365132 40
162.45056837712156 -14.257224798331418 40
