168.33354807743385 18.063958360842907 95
160.635384375734 13.480107064122143 95
157.95483185026043 9.660931381391368 95
157.2353339490909 6.006018474652569 95
156.72971070320446 2.521960128518569 95
155.97137508254886 -1.063381332756754 95
157.48167190449345 -4.639559695216745 95
157.44064360614524 -8.12196040883955 95
158.48153835953093 -11.864131834927125 95
157.7910329721108 -15.236979313310204 95
160.61842976157348 -19.09928063897925 95
166.59980640640723 -23.50674382698798 95
161.43274447795986 12.616443053163653 40
157.58321923485087 8.732676598897267 40
160.16131658058086 5.330588257870967 40
163.63926567762036 1.874360821500094 40
166.2901059815249 -1.81401561548306 40
161.87632920641803 -5.6528459783872815 40
158.56709565657766 -9.047474787903685 40
161.55788755971975 -12.936560294025085 40
