168.229207000486 18.331244829187995 95
164.25746476754665 13.96451818496335 95
157.89429605431434 9.830120727261335 95
157.1804056811905 6.132704941244869 95
156.67687380388395 2.6920652001438503 95
156.32290154597274 -0.8099859555042676 95
157.96022021318296 -4.524318203082472 95
157.69909152410247 -7.9628218913117665 95
158.00207362400928 -11.568290950401753 95
157.72878726404716 -15.100734028945638 95
160.46020898642902 -18.94734696551264 95
166.6005905658422 -23.321531856047038 95
161.5329673240943 12.934564835087505 40
157.54620561394964 8.946121877501124 40
159.67766938697602 5.576067085641858 40
163.5615639537284 2.096526176896544 40
161.90887253092927 -5.43295460714509 40
158.69680758997657 -8.968041076508905 40
161.47221344527458 -12.752447219404303 40
164.83233158026655 -16.68856167598221 40
