167.9558252192768 18.301455540796326 95
167.54697885378752 14.520347859761284 95
157.58950099884052 9.897432744729397 95
156.84716206163543 6.33390702576766 95
156.3761795224596 2.729556366790348 95
156.3235118986688 -0.6820943239377739 95
157.39262119938803 -4.250328456242949 95
157.80756199341243 -7.795728169664022 95
157.35694481061142 -11.477915528099414 95
157.4383499286918 -14.986276112857183 95
159.42769679499594 -18.737265532698167 95
166.3777632044077 -23.290339437158014 95
171.9652094950485 -27.813786569327156 95
161.1523579907637 12.019879950180037 40
157.19097560169527 8.109080674604327 40
160.53163291352956 4.685598586711619 40
164.12177155212513 1.0294307126047013 40
166.67986083973636 -2.5911369022350454 40
161.50382982205176 -6.257281982597842 40
157.84706670663502 -9.78396811682836 40
161.9308310239254 -13.588817604961742 40
