167.935341105407 19.597878273185554 95
169.54682265606806 15.998903938451818 95
157.7587140679859 11.118032002808148 95
157.28950545889273 7.641145038340684 95
157.201580985951 3.9019784106899977 95
157.27452629356293 0.3860105379113845 95
156.42067463080178 -3.0290341769020706 95
157.31475150329118 -6.52468079355217 95
157.4316536487055 -10.016832305376536 95
157.55568590089126 -13.697749461122907 95
158.37802608727108 -17.345214835789157 95
166.10370196803584 -21.775808079470472 95
166.93425911800477 -25.693639927476973 95
160.55482911749502 11.623143811033806 40
157.23113825674562 7.810236071217481 40
160.8675335179961 4.300265670444238 40
165.12322550537957 0.7655218478733175 40
164.89828670678884 -2.968276632268828 40
160.88849435112562 -6.628952438192736 40
157.9056950780756 -10.046993924045598 40
162.44495039921753 -14.033552287135114 40
