168.5343365486965 20.693414510193854 95
168.16804924856552 16.74834952859673 95
157.14730825502065 11.936645600901295 95
156.55338024205253 8.333052249165153 95
157.04773724903333 4.926849902177979 95
157.41823304612564 1.4596333908465922 95
155.66166294508355 -2.0377227905690076 95
156.99976084932973 -5.6111579244634395 95
157.03220787811472 -9.174731000120163 95
157.36439161212414 -12.687154036506278 95
157.8371362098324 -16.284779951808257 95
161.40778033074818 -20.265341687248636 95
166.36351773242194 -24.445909017545933 95
161.74154060292392 13.750624291017166 40
158.89236366527714 9.892258026422239 40
158.8075260082783 6.1094441752102915 40
162.7282139447812 2.662871822209934 40
162.51086952611485 -4.565951255332394 40
159.31761247147693 -8.131665351470122 40
159.95568206508972 -11.930623415896417 40
163.9125586165106 -15.828100100421755 40
