167.42451078766345 19.44571128839373 95
169.26115882366156 15.83224916653387 95
157.39366355107046 10.962905589871351 95
157.06477049316325 7.630227383895931 95
156.2768658036807 3.8790255965094147 95
157.09929315201998 0.47126546201194514 95
156.19571680535003 -3.0246779436655333 95
157.01500920128427 -6.512248883497233 95
157.0020393487552 -10.075478417024419 95
157.8122057236189 -13.633331384742132 95
158.11877370836658 -17.185921591883343 95
166.14625221659298 -21.643136888636796 95
166.43626885045103 -25.477618337285495 95
162.24079479302264 14.640167517085274 40
160.00539888587429 10.881771564054453 40
157.64603174700426 6.969122930651015 40
161.73356056334225 3.6614221968656295 40
164.2069067002313 -3.7622190182845783 40
160.43347930698104 -7.31154685798315 40
157.93518094237817 -10.740978572656484 40
162.63516778096076 -14.720468771705153 40
