167.88127178654798 20.055777430237164 95
168.2628650905436 16.294500039016814 95
157.070081380642 11.629253418792604 95
156.97066754555328 8.011875891661397 95
156.3383053598915 4.392525150447992 95
157.92189351024743 0.990542850196247 95
155.6291643656233 -2.5467035276619248 95
156.98055774008282 -6.124907477874263 95
156.9593091773397 -9.557079186251714 95
157.21516127652868 -13.279446140373498 95
157.96159655967045 -16.776665709249322 95
164.36557924389268 -21.18329494718964 95
166.3678545832253 -25.095805653033025 95
161.73483361525683 14.68344630681753 40
160.27976511934963 10.900430876167647 40
157.74210723675742 7.059575377267693 40
161.78354775560416 3.6625538371678585 40
164.6578113106628 -3.7276231545276497 40
160.43347930698104 -7.31154685798315 40
158.57182390094448 -10.958063913294922 40
162.95884463049418 -14.749765479303557 40
