167.5132576039319 17.97593257438283 95
167.54560327972683 14.24406268002177 95
156.53768825247954 9.488560563622107 95
156.65580483578285 6.1122365998964465 95
156.15613237340028 2.427539326372707 95
156.12076783287685 -1.149554815121304 95
156.7057431685031 -4.6594723957919495 95
157.76742563267422 -8.095679973826304 95
157.21649168093393 -11.68320347930456 95
156.88691331334542 -15.236044631427163 95
159.1485816205395 -18.96851583995123 95
165.57115850130162 -23.637977335991682 95
171.55873287459613 -28.132253277385523 95
161.93144817481326 14.167165983631667 40
159.1254559525733 10.168174265110578 40
158.13904283381015 6.558868546201799 40
162.3954062119878 3.100430009447461 40
163.7211923129061 -4.197834279769738 40
159.39911745654388 -8.005083014868106 40
159.0618786310242 -11.471459862167764 40
163.26202585080904 -15.540621451208352 40
