167.2429826067616 19.05493095748301 95
168.9551386873665 15.338957302657485 95
156.27268332103134 10.49947963685128 95
156.2685821691563 6.993629375485099 95
155.86382168869207 3.358435438654035 95
155.799994206617 -0.042487858480310815 95
155.8610219136271 -3.4859500914170574 95
157.1887968417833 -7.120719586711374 95
156.42234590681363 -10.50953500442057 95
156.87980089435547 -14.242671671683883 95
158.25560380441624 -17.76869056795219 95
165.1026670698494 -22.286079207040224 95
167.46978507338773 -26.477794233533196 95
161.7601397445132 13.530070762400204 40
158.5786660992741 9.699086718600661 40
158.81570883750413 5.8928983905302985 40
162.98099271838515 2.489179087507412 40
162.48080280257926 -4.742490973038846 40
159.10207905363475 -8.425204199956156 40
160.32637615072255 -12.002238765206274 40
163.81618117063496 -16.044275822538687 40
