167.8091151904556 20.650822840661906 95
167.94606767265446 16.957545615216972 95
157.11584729787631 12.020447282460344 95
156.32642326674255 8.36372456667819 95
156.14817980417013 4.898629282213125 95
157.19324271780818 1.4575472068667064 95
155.38555395092519 -2.118873135446527 95
156.39861350761277 -5.632378973077964 95
156.18116063574672 -9.167745768240051 95
156.9732001911959 -12.871069176052757 95
157.70835290615554 -16.314960117251438 95
162.62323772066776 -20.4179468421088 95
166.01981962506022 -24.719263574436575 95
161.9735044499934 14.25986872968896 40
159.34721521063076 10.225978174087793 40
157.89103753973995 6.505450762585715 40
162.269578092548 3.142296241042037 40
163.82342605298095 -4.111046249251126 40
159.55970583154252 -7.795048104509744 40
158.84057953075646 -11.411958391679796 40
163.14618598741026 -15.17051409021263 40
