167.4189861565749 18.150566776400744 95
163.48525041998917 13.898867583851379 95
156.21987463072895 9.768643475904081 95
156.20780322927914 6.052093462828689 95
155.25208410911347 2.66758407116897 95
155.19745496411082 -0.8888040632167916 95
156.4132757748659 -4.394631540385896 95
156.69820030491186 -7.955125467377357 95
156.5060779766303 -11.458760027721741 95
156.92832547323235 -15.067287883599198 95
159.0347741230841 -18.866984910674372 95
165.38682118888659 -23.335595172081135 95
161.8463901322662 14.560082456987578 40
159.8675085363708 10.697211756967826 40
157.59417474148492 7.009892121161068 40
161.7614959815293 3.529648398592248 40
164.10380193222767 -3.894186871247011 40
160.3005440876045 -7.480721236482897 40
158.39724026343163 -10.945999357240773 40
163.21242762948708 -14.997115298931552 40
