167.20249823899024 19.835957441990512 95
169.07247752380917 16.233294304023516 95
156.7896824803244 11.350571250781309 95
156.35509189245744 7.809464725651102 95
156.61790362917827 4.229407500043656 95
156.92331362562717 0.727506531276114 95
156.12315198635332 -2.8954988941486284 95
156.995305110409 -6.382773557755593 95
156.3365803023909 -9.904350526616327 95
156.9155454638256 -13.555869274601525 95
157.82520221114174 -17.110466008037918 95
165.6138585638536 -21.66565200015682 95
165.80459636107378 -25.473482791746427 95
160.45817748429272 11.220328801742713 40
157.47050496727073 7.520808823043417 40
160.97432299118998 4.039549792742184 40
166.3237877899857 0.6350119619430522 40
164.1915610399277 -3.3138962373156096 40
160.72568606766993 -6.929607714496905 40
158.51271730080575 -10.34605982559714 40
162.47157795691223 -14.30371826452802 40
