167.60334846796854 21.089646922713193 95
167.7191410546048 17.21190645761173 95
157.2501147062232 12.548463048503214 95
156.2708304589694 8.916455162453124 95
156.0313729644431 5.406133168064854 95
156.36522548306849 1.7483948722052598 95
155.44075150227326 -1.6956628227711588 95
156.86314282260327 -5.220816393589745 95
156.29821602575296 -8.875255893046747 95
156.91478832959433 -12.349461667562903 95
157.04278968730222 -15.943171178588074 95
161.30273636065533 -19.894794986752746 95
166.03051697884396 -24.30447349229784 95
161.08794504950257 11.529265359442558 40
157.43932876937907 7.648423474636445 40
160.76756922809832 4.297593453156556 40
165.04896279029924 0.5851340414091546 40
164.94494160272546 -3.149105376688852 40
161.45935444768 -6.740687007897523 40
157.9195893655173 -10.220850973690753 40
162.2015256538698 -14.235367945965347 40
