167.39302491922268 18.840852114288705 95
169.68971519252221 15.265686452980082 95
156.2619084608561 10.2847442443181 95
156.18173959011438 6.691027096470383 95
155.58979397556269 3.3100809116936345 95
155.94971585100865 -0.2977011751125861 95
156.35496542782533 -3.7529702987819924 95
157.23088210048104 -7.294498879609857 95
156.44892551638225 -10.854230961679459 95
156.77242391967343 -14.319138359210314 95
158.18154826679424 -17.97881497540495 95
165.51183704963424 -22.61712396515807 95
167.03851906653333 -26.643116335357227 95
161.9554413550638 15.015242771480036 40
160.28969301670472 11.120698611623329 40
157.73233459710147 7.2746561807430625 40
161.20250769934347 3.9133120809760342 40
164.78675054418648 -3.55069994339937 40
160.4932509515604 -7.094991120463331 40
158.49267834346898 -10.648634255794656 40
162.52265623415616 -14.576242162996184 40
