167.59368159350117 20.763514031496385 95
167.7857557978768 16.802701459445792 95
156.75700232659736 12.121998456490218 95
156.24463880910173 8.487547844539296 95
156.1231920973684 4.897845376102511 95
156.69365460390918 1.4101797299679086 95
155.28669507224328 -2.0328141922305965 95
156.425127733554 -5.590620586420492 95
156.03391030737018 -9.11640467462673 95
156.90544444732126 -12.779363356152727 95
157.10264982295442 -16.338908121602255 95
163.2705181487752 -20.680148172352794 95
166.00631266529774 -24.809809658105145 95
161.6630560022258 13.788358278678658 40
158.61519613920206 9.91842622206086 40
158.79904791824123 6.325978600985884 40
162.9024574949279 2.710159979266244 40
162.4358991111405 -4.563844865394982 40
159.08620841691493 -8.250350994345997 40
160.05865470846746 -11.894412676361531 40
163.63451653880728 -15.846292850720928 40
