167.59368159350117 20.763514031496385 95
167.73141754270262 16.84346146478069 95
156.91315032872544 12.047982358669506 95
156.197020490597 8.442239919596062 95
156.07454613277739 4.853715015072879 95
156.51827173285577 1.4512886549283455 95
155.235567894988 -2.116827891107252 95
156.2174968319826 -5.796491054897809 95
156.0462901184784 -9.33064656171646 95
156.90544444732126 -12.779363356152727 95
157.02359270422917 -16.373972006093943 95
162.71361187121525 -20.699785912504506 95
165.85796028579347 -24.787638246435673 95
161.44031272714622 12.838532881962475 40
157.64359769666999 8.994782112450793 40
159.45280645089673 5.568214698884021 40
163.78654547223422 2.0994099818164376 40
162.0338022165241 -5.437146701749878 40
158.74672794467617 -8.970862102327251 40
161.3046805374226 -12.650693132000402 40
165.61250986286424 -16.67630285533006 40
