167.2293635362135 18.73007197724946 95
169.51957157072698 15.203777638375723 95
156.04574410109302 10.142306095567994 95
156.17990908797825 6.733618809440675 95
155.895773038081 3.018869632684239 95
155.44963005656933 -0.3391390212501014 95
155.848779615827 -3.9959845166603953 95
157.14587500143273 -7.505304459785796 95
156.41205416288454 -11.02312626013497 95
156.75671089320105 -14.49014199189848 95
158.15688641989556 -18.19448482272203 95
165.36323663704246 -22.780596873688264 95
167.29550619603864 -26.777681595149197 95
161.37501751043186 12.390569942815876 40
157.52240529497 8.470792766158686 40
160.52375122844526 4.948261467244596 40
163.9448729217613 1.2965888583283756 40
166.68450349819324 -2.272948209003302 40
161.8869500374922 -6.051066646344864 40
158.02033972653737 -9.405436338081996 40
161.95647638774182 -13.279674546721083 40
