167.17618015760166 19.416868643350018 95
169.03281855439226 15.857391858622353 95
156.12174517979736 10.874312944477113 95
156.25295255734054 7.334537620974153 95
156.60386251846296 3.8016765115345876 95
156.27462809321565 0.3409388906052138 95
155.81740289847681 -3.1873898371161813 95
156.85612100206592 -6.71991846566993 95
156.23133063405564 -10.368314873323763 95
156.90670363790343 -13.943169599740926 95
157.55910241962349 -17.472975411262777 95
164.97741696798303 -21.902796980574596 95
166.69437229487866 -25.93600287662668 95
161.91821149234096 15.145408945338792 40
160.51415345503526 11.136271396360332 40
157.678397783009 7.358353931633505 40
161.62630651270882 3.9677031214420935 40
164.33876184738742 -3.4513735624643536 40
161.17526840632075 -6.948991232579624 40
158.12716028888372 -10.494131882803632 40
162.70884011586432 -14.458763714443373 40
