167.63624980820822 17.526843704444186 95
158.50367846537114 12.866022615643365 95
156.13622196293574 9.079658096033612 95
156.25175648452554 5.541759242382141 95
155.86050979472628 2.125349742521495 95
155.04333513610788 -1.437612559952803 95
156.37172553281175 -4.948328393608149 95
156.74852343060485 -8.429177144010975 95
157.1341939014331 -12.108059586359051 95
156.77015135766686 -15.656377080736926 95
159.25935661783143 -19.51050562323773 95
165.6195105148856 -23.829254327605305 95
172.93628003834283 -28.842653683388214 95
161.66827006497846 13.122898086825003 40
157.83585194802194 9.135307320615713 40
159.72302213713638 5.708487048232897 40
163.8341530900956 2.278767485092499 40
162.21597474310812 -5.221832833719647 40
158.83130429136006 -8.801840836176675 40
161.61065078432023 -12.58600623980845 40
165.06527717782626 -16.621199421443336 40
