167.31917183897656 18.601538514838914 95
169.87645649520022 15.142391773902276 95
156.30073507890492 10.073273489485787 95
156.16038807954533 6.604785753209443 95
155.92239196240084 2.9343116268448437 95
155.47430046346471 -0.46639081926534914 95
156.3475162981437 -4.051437695645116 95
157.14175811935158 -7.591013118102391 95
156.98260857746507 -11.10635985435343 95
156.93994211517443 -14.679754558087811 95
158.2809241750086 -18.427467061567995 95
165.592176950806 -22.950197334510115 95
168.57431367800552 -27.171000496658213 95
161.14907408463233 12.063826990871382 40
157.46338927895206 8.166190163424293 40
160.75264456575889 4.823680142255864 40
164.54647561283247 1.0769695425278252 40
166.13131115878005 -2.4919776613371716 40
161.58047478709204 -6.216121586480911 40
158.00473859018152 -9.663983808368034 40
162.27215347097254 -13.706593591886136 40
