166.82141756909851 19.652360296831127 95
168.33907665470616 16.02389687438609 95
156.8548880298095 11.14031423057386 95
156.3905655959748 7.597474420562809 95
155.92155126306255 4.082949512320818 95
156.89885648127913 0.5990282689276882 95
156.17234770456565 -2.939015556993707 95
156.76699123547033 -6.459137634233548 95
156.95214198999187 -10.0722762945339 95
157.09359112591952 -13.528091223909678 95
157.94479832075913 -17.167012215721364 95
165.8924471252064 -21.65608429080847 95
166.48250206252303 -25.670586417182072 95
161.71466182574537 14.903964257365024 40
160.09620666541485 11.019538844469846 40
157.9091289558018 7.239655890990501 40
161.85231625751135 3.929086672310651 40
164.71079396141505 -3.5940023094429314 40
160.54320216567544 -7.0971993343193605 40
158.60862533363596 -10.786778702388283 40
163.2865457723515 -14.734533237729712 40
