167.5778008256967 20.48319543975319 95
167.87407913796523 16.672838797882783 95
156.90772400256452 11.789344694894409 95
156.70769421497175 8.255555634050927 95
156.15598613617857 4.643125976925922 95
156.57136113832405 1.0674719164967006 95
155.45751190136218 -2.3318701588720177 95
156.4157707075214 -5.846563005056426 95
156.04373977684617 -9.373201238420204 95
156.8843242307101 -13.036082067608579 95
157.8667222071582 -16.723053536000602 95
163.52829282164288 -21.030051636622936 95
166.03280433231348 -25.137889938252655 95
161.76648300007398 14.330560972508152 40
159.20839120271918 10.435069268669285 40
158.63317733416383 6.709372091912141 40
162.49100677622678 3.3239046087728825 40
163.6745872618431 -4.062648109953655 40
159.56182566793532 -7.751534655499912 40
159.2051265586503 -11.219967800494606 40
163.4075178632875 -15.329668318635552 40
