166.64291255642462 20.5073083243953 95
167.24499736618566 16.932833666712515 95
156.5509712486606 12.191965637297402 95
155.7953012953513 8.463138855691195 95
155.64842566813502 4.8829511600103945 95
155.49444331233823 1.3145717880845313 95
154.7606120511869 -2.1103512840345835 95
156.17830835928083 -5.496510077620853 95
155.85671910678144 -9.148701234045811 95
156.7516991287074 -12.508689790029578 95
156.79268060548185 -16.177018685386706 95
161.08531204362666 -20.224854605347044 95
165.40834429832077 -24.582112632729007 95
161.54692256068313 13.379155846788326 40
157.77078138837163 9.390582522008193 40
159.23879931157026 5.952083148734743 40
162.93099854883965 2.4884155356392954 40
162.0257390327732 -4.906107508368732 40
158.80019960448033 -8.452646365322998 40
160.98957822853245 -12.184342485305873 40
163.84106212160256 -16.046712680956396 40
