165.99990970654133 19.142622010062418 95
168.14960121223015 15.635767879064113 95
155.4293184257134 10.74090190431818 95
154.90641454672235 7.228994209363245 95
154.67942948081188 3.7549594525829755 95
155.0248558859003 0.2113824870842867 95
155.09255453722307 -3.1725623900082303 95
155.676689127993 -6.796991036203243 95
155.57993576462644 -10.367700442948117 95
156.23435305891226 -13.88342264224334 95
156.7639768436216 -17.384797645427557 95
164.45784770419462 -22.016401920021625 95
166.15091109296887 -25.851445665114305 95
161.8049619700852 13.88935858343651 40
158.8370429636825 9.975784808889824 40
158.69912717077025 6.321998120506898 40
162.9501781181129 2.8443059391152468 40
162.81075118601234 -4.5743768150844115 40
159.4923849659606 -8.14058584315784 40
159.9621654187618 -11.843379354757323 40
163.84651045286424 -15.731529246054018 40
