167.13500372531706 17.750947995480548 95
159.5894201943825 13.085586995653689 95
155.6220478456471 9.305279379315909 95
155.7927891003108 5.780732163496206 95
154.56119966132994 2.065474340315766 95
154.84446653965 -1.3090767934759149 95
156.0534762892765 -4.725268567205932 95
155.2983321834751 -8.393667019307639 95
156.27805294435893 -11.827755193617556 95
156.78290773466642 -15.528114575281625 95
158.8834599604666 -19.288562698936598 95
164.86532196258017 -23.62896769168686 95
172.26016314691108 -28.48852738559115 95
161.39773822633617 13.05663511104849 40
157.71601593353165 9.042065198503945 40
160.20234957116105 5.5943893214109135 40
163.63655779323034 2.0974874452025447 40
165.99012383002486 -1.8107431880335387 40
162.00881627940515 -5.436308282828519 40
158.66939624332664 -9.00990126350997 40
161.44380789070365 -12.794506389446097 40
