166.44150929007898 19.88377756465174 95
167.82379904470633 16.159593874909877 95
156.35335069280626 11.490446124165228 95
155.9241970847952 7.915831507930638 95
155.23873927360071 4.361631431359258 95
155.9731208392879 0.7656374160759747 95
155.27708041954804 -2.6680135646603897 95
156.274345499557 -6.268088918090756 95
155.86521767215862 -9.83181290559415 95
156.69874010988391 -13.451039847352197 95
157.09345109710736 -16.90111305212578 95
164.8746579162693 -21.340329823908 95
165.65238911344107 -25.311392810533054 95
161.57548041529589 13.33715687717355 40
158.2621381416754 9.549771244656059 40
159.29038218466673 5.91051126915552 40
163.50524441402453 2.541785614503489 40
162.25063595616848 -4.912917342973105 40
158.79788859785202 -8.495952086975475 40
161.21393657539787 -12.201322832529133 40
163.67860541152066 -16.166006171584634 40
