166.31739183348685 19.86894999003226 95
167.96426195817352 16.265583446223555 95
156.39072654525995 11.321689390092244 95
155.429120640192 7.8057082969223375 95
155.23873927360071 4.361631431359258 95
155.8985159443625 0.6802399174930606 95
155.2270877986789 -2.667154577679324 95
156.179498364425 -6.136309203142634 95
156.02819403100173 -9.628514549195952 95
156.70240248511652 -13.40830639538601 95
157.07319703208867 -16.855604383072382 95
165.53236259648668 -21.517261866354144 95
166.31566407716062 -25.273513953802826 95
160.50178492108913 11.663304083511141 40
157.50150891539454 7.909784407548384 40
160.86516415975788 4.388004655210315 40
165.2227820753772 0.8561006204926784 40
165.47479354838276 -2.888373265369894 40
161.44341589494343 -6.519516022860043 40
157.91115137619528 -9.960868237474802 40
162.0751541868334 -13.95707778563193 40
