166.4545698011446 18.45946416654292 95
167.6266387535218 14.757560950113184 95
155.7518737585959 10.037900462068793 95
155.31470698571692 6.484157149614089 95
154.52103077143124 2.9922482073513788 95
155.0993021507212 -0.46526590170605286 95
155.6705194761335 -4.118857976519093 95
157.0626838310489 -7.673059871262147 95
156.1505745975209 -11.175891591459958 95
156.6661372994303 -14.6541435667889 95
157.9332723177055 -18.386992549666168 95
165.35078715354413 -22.870785135262516 95
168.90259011135564 -27.176656870840343 95
161.69546305592894 13.702293681304633 40
158.4485898123878 9.777877400830672 40
158.77578669904906 6.281684336073729 40
163.00169806249332 2.7562753388874577 40
162.51210865321963 -4.521633121355867 40
159.03627552036224 -8.247761430317377 40
160.08682421350832 -11.852608920962899 40
163.26556810124885 -15.765623919670208 40
