167.08578601469065 21.394920234789396 95
167.1093249284441 17.517823693589584 95
156.42503980957585 12.826122585279146 95
155.84664669596955 9.318709064116405 95
155.5991317772224 5.603587259477594 95
155.33497517574827 2.1605525102782828 95
154.99409807494655 -1.3526130022468157 95
156.35073341164102 -4.819625155752264 95
155.3278514157892 -8.310299305951968 95
156.79505978200422 -11.952896216303625 95
156.73315117873668 -15.523186579542122 95
158.8586421754056 -19.28554980254497 95
165.45925287328296 -23.714091562086132 95
161.32960400474911 12.652647812645395 40
157.38825911701545 8.635769630739507 40
160.04068987326815 5.195499002829235 40
163.51575144103901 1.7391537230357286 40
166.36356108600873 -1.9509402302074612 40
161.84666626065533 -5.784385906218024 40
158.45478191642567 -9.257846013948335 40
161.49384375633866 -13.108739596287375 40
