167.15490592520086 20.84801969342054 95
167.4253876610778 17.135622735629337 95
156.5974885834525 12.238553605531393 95
156.07598896824845 8.81993722104574 95
155.69020038408786 5.139273232916316 95
156.89112613422427 1.668694200545834 95
155.01383993629352 -1.8601218253580765 95
156.21064358125483 -5.284395133804381 95
155.94635820278563 -8.897941519726533 95
156.8298684766797 -12.471887531057257 95
156.97251314366412 -15.892789005149249 95
161.26705112624094 -19.9796952190565 95
166.06670503352376 -24.40229455007485 95
161.81077834493868 14.112144996602293 40
159.12267709619587 10.211568622879899 40
157.96950032111798 6.42238026718365 40
162.19628109073727 3.0523802735809875 40
163.69504983261527 -4.24183454387429 40
159.33284515113013 -7.827520747081468 40
158.6878500717727 -11.444485117234137 40
162.98020002231084 -15.334418824577224 40
