167.00389096565513 19.812395799891824 95
168.75337747515047 16.156212914212766 95
156.0477781324135 11.211308573804263 95
155.93273914774915 7.745739918175383 95
155.64775119962258 4.033304662481044 95
155.62369795477707 0.6366002515837107 95
155.62401926461047 -2.843787602502531 95
156.84716206163543 -6.33390702576766 95
156.25630771887214 -9.984834653871022 95
156.90167433694944 -13.425357174461416 95
157.79099353613321 -17.193835636063405 95
165.65751981083173 -21.717314638874857 95
166.6801660602227 -25.701065000046064 95
161.14247031889298 12.151718377443549 40
157.48162101450401 8.29632705744678 40
160.30152928674278 4.853898776401633 40
163.84451658236617 1.3404797241052084 40
166.55693848048702 -2.452930697606546 40
161.1624559709664 -6.023986255489152 40
157.93512337796 -9.573266348982212 40
162.04521658462107 -13.420424063465427 40
