167.4717046156846 20.933914543555503 95
167.74245422926177 16.983199025626003 95
156.69718458127738 12.24634514053425 95
156.21032567269077 8.656595937889787 95
156.06915869461696 5.023963012848396 95
157.01565779764852 1.7128430668743433 95
155.28669507224328 -2.0328141922305965 95
156.35617806428905 -5.4173869280619495 95
156.28844163480602 -9.045745484139411 95
156.99060445865115 -12.657018278699656 95
157.62217022599128 -16.17572110444 95
163.8002763408925 -20.474987073188778 95
166.32070737002653 -24.393283910412848 95
161.8463901322662 14.560082456987578 40
160.12277045186065 10.626570840150794 40
157.61915004651527 7.011003039088038 40
161.5624989409406 3.4812262147935953 40
164.02667566368854 -3.981870881774359 40
159.75518435998387 -7.367950536449165 40
158.2635365737211 -11.066864559505591 40
162.7475520347634 -14.8648892256881 40
