166.91061697333504 21.18745953578781 95
166.95426837092165 17.31747015964715 95
155.95083454399602 12.487582033010804 95
154.99548329596956 8.886093508894938 95
155.43464691780346 5.300581339605503 95
154.41438269395582 1.8108125923334988 95
154.74079314877318 -1.688027158724792 95
155.43751481711587 -5.215804106643508 95
155.65405889097877 -8.753510767898632 95
155.9743885970469 -12.189856511764535 95
156.44585795583322 -15.882569957763565 95
159.6349576557965 -19.733291520475152 95
165.27028076120996 -24.14715142849844 95
160.88530912597184 11.558862722624585 40
157.59536264643918 7.5267720396807976 40
160.89598943853088 4.169302411215342 40
165.37396074792932 0.586286229014547 40
164.9940673119084 -3.195055065792695 40
161.28081027345235 -6.82135342426014 40
157.84195410513436 -10.259052065013373 40
162.37973578895452 -14.206386067868237 40
