166.89960453516682 20.261728233418975 95
167.5936030765787 16.460382978843356 95
156.82076379114892 11.610794286381852 95
156.38983200306893 8.110514536814298 95
155.63495185854225 4.500195550110944 95
157.24508244554414 1.2436023054102434 95
156.03180315155828 -2.383045377949942 95
156.98714557987518 -5.953664643148157 95
156.26060319054073 -9.514535749492783 95
157.08719104643848 -13.00980530752608 95
157.954940031866 -16.60173317848516 95
164.95133930009678 -20.938750872589097 95
166.4556845712794 -25.01620872368037 95
161.32853620686268 12.342747074739542 40
157.54967378416035 8.429170511067626 40
160.55008302814701 4.9052486843279715 40
163.36916190452257 1.3811457612760032 40
166.4588992107029 -2.3152750508434616 40
161.88362561387513 -6.139361376129777 40
158.04272434356687 -9.45002153771791 40
161.8458989750459 -13.403916776794517 40
