167.16717418233537 19.277227520905118 95
168.64745347340624 15.682061788402592 95
156.20833869508778 10.709133817482536 95
156.1530625445182 7.329848768411648 95
156.00506620851758 3.7445717079593237 95
156.449906919159 0.17066044208338785 95
156.1387578719146 -3.364359555045837 95
157.00229153663676 -6.811971245162084 95
156.27838665470335 -10.414244552680485 95
156.8893820421726 -13.855388930853135 95
157.96230773484558 -17.69214048898395 95
165.62245804653259 -22.17231135052362 95
166.73669661456427 -25.989161242001494 95
161.65747981594905 13.25515822448103 40
158.35495215935123 9.2520133813988 40
159.32014795908592 5.78109672077628 40
163.50791979306558 2.363427583918553 40
162.24518026379846 -5.089902373085266 40
158.76356365142232 -8.667805760443205 40
161.10082455513145 -12.369517074516386 40
163.73995564409145 -16.30734269189697 40
