167.4868310889684 21.21419422875564 95
167.5060651491428 17.328535375245163 95
156.8298684766797 12.471887531057257 95
156.24343404714483 8.957640155504592 95
156.23562928880142 5.285240366550758 95
156.11475926622964 1.788173438782362 95
155.19076637602325 -1.6929357998961472 95
156.8659670044156 -5.135260048877379 95
156.65726295720177 -8.724217028372214 95
157.03118375855675 -12.1432008707088 95
157.15958713255156 -15.781846290150293 95
159.91863779424608 -19.67980973060269 95
166.19217836604838 -24.235559616967073 95
161.9906052825556 14.350415505875242 40
159.26957585693998 10.264609410515298 40
158.1317941337736 6.731367545591448 40
162.21696318300056 3.274042712770408 40
163.9211266036256 -4.202960622959609 40
159.5139918745301 -7.705608103994473 40
158.6753024695831 -11.269605635793772 40
163.1295420808554 -15.079228279007689 40
