168.23874979800613 20.843432812372672 95
167.77656639006 16.894211889336226 95
157.19900902170076 12.242433891806252 95
156.26260473921954 8.61674881347032 95
156.11913280883232 5.025571710579216 95
156.2670447457811 1.576816863193214 95
155.21278660429454 -1.9471773236464824 95
156.45611809501085 -5.420849623446161 95
156.76016786272368 -9.115941895969371 95
157.0937290493284 -12.622214281820352 95
157.24472278097892 -16.1803208414756 95
161.04670513479846 -20.130791470413676 95
166.38825212399678 -24.449543556501794 95
160.63856030952002 11.849412081816533 40
157.3516977147775 7.902260833286133 40
160.6828420761764 4.64615564984163 40
164.34704213356667 0.9860232997552455 40
166.50416990902582 -2.633823818379515 40
161.7019653487518 -6.309122550012538 40
157.76685310495117 -9.865378166130544 40
162.03048076609397 -13.597179954257049 40
