167.33872553958767 17.726436748160786 95
161.8957283774397 13.408043598462424 95
155.84409961720843 9.36120929696696 95
156.0941564727002 5.749288223440039 95
155.78372667029274 2.2517781230677407 95
155.19480606398065 -1.2697128665311863 95
156.9556327286506 -4.666902586184984 95
156.2583173636304 -8.231881904337664 95
157.06051465550493 -11.757752172414735 95
156.67952708857618 -15.302170313394289 95
159.10297444043363 -19.13912286931465 95
166.25765253930916 -23.782251199546838 95
172.5054273242104 -28.38411824756177 95
161.62166666427382 13.385346079289894 40
158.51428675236315 9.521601513904749 40
159.19205586492407 5.863390614558536 40
163.00666266421976 2.4451077835677433 40
162.27695846572954 -4.869419997483484 40
159.00450923293852 -8.376554697032073 40
160.8582703932072 -12.262645355136367 40
163.38445250140794 -16.091964013605438 40
