167.53343543438115 21.638013692435862 95
166.91609022029292 17.68166636861566 95
157.43599686319504 13.038693059200321 95
155.37249356751104 9.290357507316015 95
154.5936143285316 5.7362364701279756 95
154.38564691134394 2.1052381731846337 95
154.69482279702194 -1.26562229672963 95
155.62343796133328 -4.88216725390011 95
154.97835126795556 -8.291600464697865 95
156.09057146282424 -11.984823753771016 95
156.55900323298252 -15.50593859445379 95
158.76985948350574 -19.18690555008404 95
165.10633356197425 -23.709462619850626 95
161.19353100508442 11.801956918786203 40
157.4993459996894 7.952735986446058 40
160.6865894284051 4.5146957668447145 40
164.39779314989875 0.8518259464863066 40
165.89893294553048 -2.9410325626176457 40
161.57184866056068 -6.436436934273291 40
158.01636576208378 -9.880980535521651 40
162.0404622858494 -13.776037426931651 40
