166.65093029203132 19.81661065370445 95
168.19707261909403 16.195536032104968 95
156.73360086824647 11.432447632646653 95
156.2052786456745 7.801982006335538 95
155.96582009359366 4.296927685309493 95
156.1729035595221 0.8092087420515945 95
156.02769503236976 -2.6383485148506525 95
156.45091035267342 -6.232437309732351 95
156.20286176780277 -9.639293311684984 95
157.19746827091836 -13.191606013432173 95
157.90270533689574 -16.857510115360537 95
165.26399873483695 -21.253266741181537 95
166.4282970923726 -25.19776878878303 95
162.10069623894043 15.073296880601811 40
160.44584254114375 11.395354810733568 40
157.47255009418834 7.477865125378071 40
161.0481912695787 4.085350510934529 40
165.8495004659826 0.40705673319103564 40
164.4165152261599 -3.3184365122652344 40
161.20024520291244 -6.950068094695348 40
157.78361606240657 -10.384899001486476 40
162.47157795691223 -14.30371826452802 40
