167.36411388147698 17.95992788593548 95
163.35457204755477 13.66343354213114 95
156.18314258306162 9.55257022371676 95
156.10952179105414 6.005649937216921 95
155.2542145639072 2.540567878303181 95
155.12245619399286 -0.8883745509449004 95
156.4833569901186 -4.567437476648587 95
156.57552294927908 -7.906088676443245 95
156.94858561980885 -11.57722319649781 95
156.8744408626674 -15.10529059718711 95
158.9054975121842 -18.895594338501684 95
165.56010479138953 -23.360044979924865 95
171.37484875110832 -27.86219374950132 95
161.65022620423127 13.34332672615285 40
158.3972423548837 9.384521264733673 40
159.1686656275055 5.819064130884162 40
163.03232069184097 2.4010226639339267 40
162.30061305025632 -4.91443063955232 40
159.01790323239615 -8.594704856613259 40
160.4311586877887 -12.274091497685927 40
163.80300015647546 -16.178292237986653 40
