168.18344042485745 20.8831509082904 95
167.74245422926177 16.983199025626003 95
157.03118375855675 12.1432008707088 95
156.13779435204765 8.609866426238868 95
156.14135517849522 5.111538713831738 95
155.81663308737345 1.6147688115759398 95
155.28981338059543 -1.7787243237339379 95
156.9293446126735 -5.480093469710178 95
156.8722912363234 -8.907854245896024 95
157.07908167940764 -12.491706198673707 95
157.14227830921374 -15.95327138205867 95
160.26378449199 -19.944156545338814 95
166.39008509824967 -24.264420063072457 95
161.70190461462266 14.769382824054384 40
160.13011081018126 10.890253069560568 40
157.64027738903295 7.098094442084479 40
161.23064844633964 3.7820135606365803 40
164.23392799782613 -3.673216493056851 40
161.03880738800063 -7.207115584644728 40
157.9659590523422 -10.656519397708811 40
162.63917611848123 -14.67611636304519 40
