166.8525886410562 20.440735402095655 95
167.92383434814246 16.677780362434618 95
156.751698343297 11.863602593311274 95
156.0813115084457 8.265240335497541 95
155.8811076200163 4.634952767493107 95
157.32073530381007 1.15839046462021 95
155.5312078801499 -2.41782450595452 95
156.9371814978956 -5.9517697785257875 95
156.2631920671173 -9.471921927212502 95
156.98398078095985 -13.044362888359995 95
157.27912372495666 -16.57406830895106 95
163.66943526007898 -20.912100842498113 95
166.12065123317592 -25.058516194410494 95
161.4645267266572 12.53032756701137 40
157.63788363583703 8.649466331184994 40
160.31835980479892 5.116982460301662 40
163.7407387156101 1.7415466879498176 40
166.36356108600873 -1.9509402302074612 40
162.09808059987236 -5.749110003929797 40
158.07789572815912 -9.279083045067175 40
161.67540344884583 -13.034719776540214 40
