167.2892466669834 18.64439794129038 95
169.8681723348266 15.23504275102807 95
156.25083859524048 10.07005775972066 95
156.2602987564996 6.609011463864325 95
155.8182663301734 3.144897114239498 95
155.9995301338154 -0.382881220255923 95
156.95271453530407 -3.8529728780972627 95
157.4995556925587 -7.436099894877929 95
157.04152061215282 -10.981412879169142 95
156.92700619463915 -14.549045562774367 95
158.96648221458236 -18.375477063762727 95
166.21152186865606 -22.851271804984204 95
171.33648794686377 -27.47241385525144 95
161.68503840786295 14.678925541328962 40
160.35459227393386 10.905519779471076 40
157.58838704665595 7.138821193541439 40
161.5835989865566 3.6580272759594137 40
164.70779850292467 -3.72875479482925 40
160.6641823708139 -7.19034965198823 40
157.85742015810132 -10.77893900292006 40
162.51067668498635 -14.709200807244184 40
