167.5629721780835 17.98126747053204 95
161.1511453490515 13.611905733176437 95
156.20548466887334 9.596695231295731 95
156.15618498301365 6.092742941469458 95
155.93049270267272 2.466565527556642 95
155.44694219514304 -0.9750190664081165 95
157.0855789052473 -4.49926660727316 95
156.44416664256 -8.027778242759158 95
157.0265352676278 -11.539918623822604 95
157.11915820626203 -15.172100202529885 95
159.55611821558875 -18.928834221183983 95
166.339431770952 -23.56254311649764 95
172.8739938781022 -28.299520590177586 95
161.171809737885 11.756179048270486 40
157.45372236886564 7.864338000631664 40
160.71280497445107 4.471570444939207 40
164.0982365204105 0.7607699333004847 40
166.8745803216017 -2.912806634382182 40
161.7984220342575 -6.401269579098484 40
157.80589688241872 -10.040644109588966 40
162.1211564165144 -14.005579858473368 40
