167.96540446592715 21.41444670304374 95
167.83037394241893 17.59341019665671 95
157.41076306558062 12.734099736991393 95
156.363316327381 9.050079121388329 95
156.37667793998168 5.54618981421037 95
156.31322901500425 1.9183482225161783 95
155.41792024124578 -1.4834732507765453 95
157.04502671028075 -5.01250541817262 95
157.02312667279895 -8.443943977675982 95
157.62939779192268 -12.189460683549665 95
157.82779540919134 -15.631602485811921 95
160.71803560452105 -19.733693430878624 95
166.5037975406217 -24.00283378169466 95
161.48945178481196 12.5322618565402 40
157.75795114276215 8.742359592116411 40
160.23772348951297 5.2893852098692244 40
163.64026364327452 1.7851091730230297 40
162.17614645452377 -5.663315827398258 40
158.66445850442486 -9.096440649927015 40
161.39773822633617 -13.05663511104849 40
165.09393802333122 -17.079000349800054 40
