166.7171366931581 18.810820232909514 95
169.23319586760414 15.317670888132309 95
155.48015706604406 10.361051284414668 95
155.2021412227416 6.776271827204826 95
155.03901313902452 3.340663089475251 95
155.29971703534235 -0.29646035585249125 95
155.4582252759267 -3.604191179616291 95
155.93620136011808 -7.149203128790662 95
155.96183413629444 -10.649503173527885 95
156.44486845173833 -14.332241105922302 95
157.29254826945368 -18.051589511773987 95
164.85531367774254 -22.43582352429063 95
166.68989339500462 -26.44768543676354 95
161.62556516171608 13.030701675499694 40
158.30503728081402 9.249097065124033 40
159.52927403970685 5.5273275065006455 40
162.96161323771292 2.088836030441258 40
162.13958416668805 -5.263636694670261 40
158.85626599249025 -8.803224120922296 40
161.1869337788709 -12.55300776570663 40
163.67232125227497 -16.480936135186642 40
