167.33203499690507 19.805051471645676 95
169.09736308128987 16.235683661442444 95
156.8364497675393 11.396952413435814 95
156.78169241132377 7.787910479779642 95
156.26687455195992 4.262574663512395 95
157.17331093903425 0.7286655348330624 95
156.27544504677667 -2.770428745137724 95
156.995305110409 -6.382773557755593 95
156.92719331061022 -10.070675233288407 95
157.39985396653177 -13.467984122149783 95
157.98511597549702 -17.258584971218145 95
166.14625221659298 -21.643136888636796 95
167.0401000597405 -25.663300100179725 95
161.66827006497846 13.122898086825003 40
158.40738503816385 9.211731127801286 40
158.99848473028874 5.6825921437438 40
163.4591893585803 2.2735521185569767 40
162.42009421141077 -5.095389715855895 40
159.00603619927136 -8.81152382939561 40
160.96942614488245 -12.447744638577358 40
163.58178356217016 -16.381699747563392 40
