167.4298075570755 19.40005261334789 95
169.4516190824515 15.94329922995134 95
157.2410334222048 10.995364173918057 95
156.52361940855891 7.432803457955478 95
156.72458216193795 3.9756724168322335 95
157.0241591942014 0.5138621936848686 95
156.41899928317287 -3.1143479655884363 95
157.23260844607563 -6.693090933422548 95
157.1766801044268 -10.08668584574186 95
157.29914282868663 -13.7618917798552 95
158.0407433097436 -17.43913570403476 95
166.0918004016476 -21.866400351664193 95
166.98730044797819 -25.841673980155797 95
161.66812163767585 14.588491051018417 40
160.28862937285672 10.769298666625293 40
157.67290232563565 6.927228681844005 40
161.66055180011864 3.571553118904009 40
164.17983717935283 -3.851193160722302 40
160.72712153727701 -7.456701840719468 40
158.34735922414225 -10.94255234122524 40
163.15803038405323 -14.767794222440823 40
