167.92745728476248 21.316536183777043 95
167.86957723247312 17.458684509170165 95
157.46752440715517 12.652248103874125 95
156.52527216054472 8.845326453410802 95
156.5075610702757 5.379900355390079 95
156.71319889573994 1.9232568378300647 95
155.59164516858854 -1.612437202508734 95
157.16720363822898 -5.102215258048381 95
157.02688975034437 -8.830714599238103 95
157.4731788487562 -12.263785845636955 95
157.95125227233223 -15.904854780917148 95
161.38800425687896 -19.815955237676985 95
166.63746851350132 -24.300495620704098 95
162.0847384129384 14.136038115728331 40
159.9874271655171 10.398498639628786 40
157.9177848415649 6.463414788888265 40
161.79293422179256 3.2213445799387492 40
164.64473103775106 -4.266443660311447 40
160.25673094811992 -7.8729083458340785 40
158.54135080950545 -11.390460196907306 40
163.20001705164972 -15.400001926663478 40
