167.475707086835 19.220253920399823 95
169.00022922833205 15.668380445062667 95
157.23093838956305 10.779239914643039 95
156.8621861032298 7.1487898217603005 95
156.35798349295777 3.625051450109261 95
156.44997672978803 0.08533023372960682 95
156.46368245208666 -3.3713607835099437 95
157.34058104418688 -7.084599965958884 95
157.12650559265384 -10.4707624002132 95
157.13653406058407 -14.179572928226857 95
158.93124922614143 -17.800664156657763 95
166.5827488061698 -22.347112233587023 95
167.78774863877513 -26.38738158156687 95
161.33247153087427 14.69127733519598 40
160.27379601702603 10.987848301316 40
157.6153026936291 7.096969902407106 40
161.10568282205944 3.7790822216492543 40
166.14977758322408 0.27186218046001426 40
164.50985651644726 -3.6345025709077405 40
160.73515991002816 -7.281371347326958 40
157.83833283096484 -10.691150038305704 40
162.46488428859308 -14.660388742937874 40
