168.75428154079555 21.748907136909445 95
167.91537067600564 17.741217284606698 95
158.42541143339187 12.903158999272469 95
156.9822929995775 9.171814683845273 95
156.47356491983686 5.635078196228034 95
156.1354842306111 2.1290993571434047 95
155.49513717190536 -1.2297625341268115 95
157.2239904366691 -4.88946123516448 95
157.15024504377905 -8.407800406777122 95
157.64587205024597 -11.97451566943206 95
157.3344734188261 -15.539416785089022 95
159.80700260563853 -19.356459986305275 95
166.5428491776439 -23.730360570218025 95
161.73585490386506 12.90642237476791 40
158.37476004863058 8.906514724553318 40
159.18540538496146 5.341566944772497 40
162.9893083131813 1.8669160641896911 40
162.15873190211897 -5.441338796354118 40
158.87397127021808 -8.934588845040722 40
160.99521441400827 -12.758955121306082 40
163.50501716986318 -16.644274099003148 40
