167.72548515290637 20.91918390430629 95
167.94765936946797 17.189076104234378 95
157.53107589952728 12.484420328448309 95
156.52527216054472 8.845326453410802 95
156.46618116942506 5.122172415748898 95
156.9897018722053 1.7981952274719997 95
155.33881653993356 -1.8640214518251672 95
157.06160072984898 -5.2703013364994264 95
157.24668811278244 -8.9291140412322 95
157.31017306167203 -12.423745462089826 95
157.3456057909712 -15.930563024334223 95
160.87008607731482 -19.930514430824978 95
166.59461060038393 -24.247849779030865 95
161.4214847248859 12.438419080149789 40
157.54505295127979 8.51509927002888 40
159.52688432838127 4.830442679430644 40
163.44338126999972 1.4709245492233693 40
162.04012466100087 -5.9682911999414445 40
158.68897189204617 -9.532094462675941 40
161.40107357444668 -13.322760562888249 40
164.54835774087832 -17.24936128614433 40
