167.5449679316293 19.274496641658622 95
169.27405490538487 15.693767421774329 95
157.20009532048647 10.863270972868625 95
156.90424030260462 7.322226441629695 95
156.6278124192278 3.8449969788269422 95
157.04971384675156 0.2998010230927699 95
156.21818488347512 -3.1529687141460294 95
157.1040505618716 -6.773462707721218 95
157.0186911866154 -10.205543495684257 95
157.18209511864129 -13.665269814914023 95
158.04549321949168 -17.39603612917632 95
165.95497458230113 -21.756310265938602 95
167.43906673873565 -25.86483239190297 95
161.2094186648898 11.2286835260544 40
157.57243753478093 7.482608458790713 40
160.57769177802817 3.898144204692926 40
164.3997004546702 0.3138318255179379 40
166.54199300475884 -3.315899727503232 40
161.4481088916354 -7.004865117519702 40
157.85561488614343 -10.43287347366862 40
162.02331180068532 -14.26425368317273 40
