168.3470754925998 20.57722462065525 95
167.93500925003204 16.81764826578469 95
157.10070021619873 11.890016466769602 95
156.4965832596376 8.458430886359146 95
157.02408707947058 4.88324450123528 95
157.04438792413322 1.3276752367794642 95
155.63610368614593 -2.079838790684258 95
156.94670997004513 -5.694974063025667 95
157.05716531738332 -9.176189158257447 95
157.33600728131645 -12.72805219872751 95
157.18169948951382 -16.303802335289014 95
161.3195815606276 -20.16490094456251 95
166.4557785567577 -24.505841855844054 95
161.51778900880123 12.490149467014875 40
157.78291284389235 8.743742876862063 40
159.46457493185414 5.220329664214385 40
162.9421472699225 1.5997321859894353 40
161.99814343550744 -5.745565546467557 40
158.7517358267793 -9.31863707762445 40
160.6003431941851 -12.992128036236817 40
163.5475458855454 -16.964105040214385 40
