168.29182869774587 20.617053464754886 95
167.69538757168345 16.7012757651287 95
156.8947704718497 11.960497422164208 95
156.22428087732527 8.400985916104407 95
156.19681308814418 4.942793350662537 95
156.0436809249523 1.4043302288541157 95
155.3849703399503 -2.161247892483188 95
156.47046818789312 -5.720420444471931 95
156.28596897888482 -9.088366208018162 95
156.90892364352177 -12.73657355929971 95
157.0573665520913 -16.29090579808333 95
161.17900819074436 -20.28126767852467 95
166.1614307386348 -24.786668491143867 95
160.5012638200951 10.959467922861672 40
157.46156398357965 7.176105687979577 40
160.70579282436273 3.7697019368919795 40
165.29997541344812 0.09015715970174597 40
165.3096613491009 -3.6521725925226085 40
160.99081622561204 -7.1609769592712755 40
157.8661858269815 -10.649788610152687 40
162.1869998354529 -14.679904099646052 40
