166.81929004679856 19.882768124235064 95
167.74473320690726 16.19815132487379 95
156.52788002701925 11.503272327779872 95
156.17817664327725 7.8433261682330695 95
155.43625529599717 4.452026455176251 95
156.77191613151206 0.9833297789385128 95
155.27560214820483 -2.752703673192671 95
156.40599490939826 -6.1024897706824275 95
156.17790923397405 -9.637753488472281 95
156.76314112016033 -13.284322005307704 95
157.38067183373533 -16.801778422598822 95
162.68134841368064 -21.146663526586032 95
166.0121828815117 -25.273716780788572 95
161.61065078432023 12.58600623980845 40
157.7923569120198 8.5716232505723 40
159.31607160530174 5.171975275884785 40
163.34122903784663 1.692748181426841 40
162.17459599425564 -5.707542299446237 40
158.83166825001965 -9.236404111757933 40
161.28023705698817 -12.958593088823235 40
163.65163520583562 -16.929793839740103 40
