167.4040936428476 20.461963044065588 95
167.53700004428464 16.77779011554755 95
156.71701284495455 11.98993369265857 95
155.99960549734826 8.388903961287884 95
156.0219006434766 4.937258307716627 95
156.4440428633896 1.3652664787194075 95
155.03558648707175 -2.1141008986551 95
156.2706017108848 -5.713113504737583 95
156.6553444088498 -9.195580087447016 95
156.90892364352177 -12.73657355929971 95
156.97386235024527 -16.3687862667412 95
160.63331133321952 -20.212602260099256 95
165.5701096307252 -24.51386183100578 95
161.65756850222152 12.944542129776499 40
158.49221744361216 9.04320240881286 40
159.12648311314345 5.60026758668514 40
162.8382766239342 1.9540128318614793 40
162.36156669809066 -5.359492451852056 40
159.15097226611448 -8.906628248134359 40
160.97722646455685 -12.669182482653863 40
163.96178206988338 -16.600422297883462 40
