166.69783910177392 17.84244766838591 95
166.0586697939059 14.026428136860961 95
155.96115776762687 9.496302848024502 95
155.7831218515568 6.035639666431985 95
154.60696931951108 2.3612841497281196 95
155.27167426789768 -1.016265242877592 95
156.35841020235904 -4.563790528807024 95
157.31135987533665 -8.201321794218597 95
156.77405978989012 -11.564349397867531 95
156.7251314329123 -15.090913734309328 95
158.70174423648558 -18.91525842533271 95
164.91012815131833 -23.314204535342128 95
169.39529641316534 -27.73005685345508 95
161.73222895889722 13.261287305041112 40
158.6192797381351 9.441085496659783 40
158.8470263069332 5.720553595979231 40
162.6573613526233 2.3955005326920507 40
162.6935610329398 -5.148380660080582 40
159.24257530917663 -8.606848081685616 40
160.0006964868812 -12.328939480463053 40
163.2921708975716 -16.26274649492728 40
