167.4717046156846 20.933914543555503 95
167.37564749837398 17.130531938619377 95
156.57589577839292 12.19390672400927 95
156.03085439703287 8.732015868740163 95
155.6124163769487 5.221673039089573 95
154.71579463614816 1.6877544564373737 95
155.03933972282886 -1.8181414436893601 95
156.28269388482988 -5.372170613500543 95
156.50271796767748 -8.801236772726524 95
156.76860948399073 -12.294941254679099 95
156.6989118689723 -15.865088057746723 95
159.61552115183753 -19.6866968389139 95
165.5737198279193 -24.14537072288786 95
160.92275983326164 11.385121547282209 40
157.37872391962668 7.344369096793097 40
160.8776034202595 3.9054247853087256 40
165.34960649632512 0.36073745360802717 40
165.1654472815423 -3.378612775692589 40
161.34820288365788 -7.000530423759045 40
157.99956920524997 -10.528942537378994 40
162.43491950960862 -14.434422361388977 40
