167.00154263030055 20.0430725962838 95
167.905600923489 16.35234474080239 95
156.82076379114892 11.610794286381852 95
156.22381123451777 7.931042072877851 95
156.0609990873798 4.469920452182262 95
157.22190727971287 0.9861522850826235 95
155.30207672998262 -2.668443058150965 95
156.33105193148288 -6.099565721918511 95
156.25800269294328 -9.557148864181787 95
156.8736066088705 -13.16442837822213 95
157.5841236442556 -16.78003576491911 95
163.39282810604882 -21.103227798305728 95
166.0506601384689 -25.186916595301767 95
161.73483361525683 14.68344630681753 40
159.761877108835 10.777673573712779 40
157.58838704665595 7.138821193541439 40
161.75754949222173 3.706100682852098 40
164.65678863639627 -3.7725264676505517 40
160.7541225144937 -7.414021823217695 40
158.45602627025085 -10.819813475359684 40
163.13715277530451 -14.721052420494573 40
