167.1279258267711 20.65953554272925 95
167.29474305249326 16.937870202604028 95
156.03416036961352 12.066101182640777 95
155.88817357770387 8.596101651776488 95
155.89561203586976 4.975818823226633 95
155.64290999227862 1.4856207912712036 95
154.7606120511869 -2.1103512840345835 95
156.20478626308466 -5.454791334601238 95
155.9365592750036 -9.068047280054014 95
156.61681730517816 -12.626882520893517 95
156.76339588779635 -16.217204127901784 95
160.64431170460938 -20.12498737769303 95
166.0332771975885 -24.628710137332437 95
160.7934612557023 12.125399680462568 40
157.34077640436527 8.116808515145411 40
160.48037082999952 4.727904214960583 40
163.9461897405603 1.11775200836351 40
166.65692763761174 -2.454403265937635 40
161.68376928595677 -6.131781917640647 40
157.8799717403788 -9.65635274092602 40
161.817323468074 -13.445982694794242 40
