167.68268385600055 20.03205331084603 95
169.13825123977875 16.33271540649279 95
157.57505603229717 11.580229549469475 95
156.82086255028156 8.004229755929087 95
156.4132757748659 4.394631540385896 95
157.34765959803798 0.8582068631526367 95
156.15195128475798 -2.683045836837743 95
157.17533577183795 -6.261295793204528 95
157.2179252592594 -9.831052953469467 95
157.31480644292165 -13.287862838925616 95
158.06748851512137 -16.962302306054372 95
166.11287521198267 -21.31638604004613 95
166.83067160393108 -25.212152569372186 95
161.0474481641413 11.393943119843359 40
157.6223812550772 7.484980125497278 40
161.04593910249966 4.173188061179502 40
165.29925625734504 0.4958636592638137 40
165.61895016038554 -3.2071557136707916 40
161.68415862311767 -6.750072246615086 40
158.08861969392603 -10.31837914932481 40
162.55406986112058 -14.22163832284925 40
