167.90079998316807 17.87858677334947 95
160.32971726637302 13.234326060849856 95
157.4859478019127 9.546039489402293 95
156.76552646377525 5.859636297193286 95
156.43240223166498 2.3464935607354893 95
155.6457807089658 -1.1460573705260653 95
157.33046706887188 -4.678047871775559 95
157.0411747990253 -8.10135283406316 95
158.11401684752346 -11.749901120480462 95
157.37621229716441 -15.370212360206093 95
159.59022568619207 -19.06529544565941 95
166.3018046812164 -23.649743862683856 95
161.9233953885971 13.677135146954253 40
158.89773542130482 9.805594218659698 40
158.95741513145742 6.115210521765546 40
162.97890172007865 2.6225167524621877 40
162.7543841818416 -4.794898809099754 40
159.50837616942164 -8.315861758968943 40
160.42281600834173 -12.053452988821979 40
163.94931898116022 -15.967042012025138 40
