167.59464032058025 19.28021098990701 95
170.33243286164588 15.651351872374955 95
157.0123127025064 10.678215431913205 95
157.11580878555233 7.074479108864503 95
157.1577685747632 3.6435939127704176 95
157.1249766293892 0.0856983890850605 95
156.93857222310737 -3.381593348188308 95
157.6153026936291 -7.096969902407106 95
157.84990115737634 -10.518968799579081 95
157.4430451001332 -14.120664807204559 95
158.971203095593 -17.89293747096088 95
166.4962069066677 -22.427953221194674 95
167.82681434012403 -26.29973409457864 95
161.93915107929104 14.078843976639234 40
159.45532791455156 10.10193172926999 40
158.57075724912593 6.403510399677583 40
162.64620142663392 3.0608473478482443 40
163.9627857128774 -4.51724764353705 40
159.67595219614586 -7.975331670478681 40
159.1707528022445 -11.69749769680591 40
163.32818409812896 -15.636812469544244 40
