167.7345504352988 19.157275778883868 95
170.44476853400698 15.52106244394299 95
157.1735327332926 10.516949801943433 95
157.086952808361 7.159033271592632 95
156.43587815224376 3.498807187648987 95
156.5499941787284 0.04269238924635988 95
157.1856906373959 -3.5155773131692776 95
157.43658990523173 -7.174967526887374 95
157.83541140293258 -10.734193368251848 95
157.28205065406138 -14.235946299886937 95
159.15523796039435 -18.045521737269123 95
166.63873630129157 -22.49342268105516 95
168.464773059676 -26.588018691731623 95
161.7394378128573 13.173074090009056 40
158.40738503816385 9.211731127801286 40
159.50125109032936 5.613457100549524 40
163.03544301976288 2.178719658343654 40
162.29376115941392 -5.135729133347638 40
158.9383034227368 -8.677345798229634 40
161.24700195881513 -12.424974217030154 40
163.55690798681096 -16.379208613173386 40
