212.2354596823431 12.864691151539896 40
209.34950349448664 7.939482767279681 40
213.82594577974788 3.207399475638558 40
216.09414205722777 -1.5911532140741815 40
211.12471577352645 -6.508073028760334 40
208.9542007057853 -11.122252802665079 40
213.29000175337933 -16.142650093570122 40
218.82935930829566 17.462449132949 95
210.7387773642926 11.90896049213059 95
209.01115811473196 6.899377402238576 95
208.3138141371864 2.1588109268203617 95
208.3078881898852 -2.6700829332220883 95
209.6870004423096 -7.60871017366663 95
210.97661908530432 -12.557416108993634 95
210.2444227322716 -17.23906058849736 95
216.57578987797933 -22.822748820625105 95
220.58342576820846 -28.36745100218326 95
209.34950349448664 7.939482767279681 40
209.34950349448664 7.939482767279681 40
209.34950349448664 7.939482767279681 40
209.34950349448664 7.939482767279681 40
209.34950349448664 7.939482767279681 40
209.34950349448664 7.939482767279681 40
209.34950349448664 7.939482767279681 40
209.34950349448664 7.939482767279681 40
209.34950349448664 7.939482767279681 40
209.34950349448664 7.939482767279681 40
209.34950349448664 7.939482767279681 40
209.34950349448664 7.939482767279681 40
209.34950349448664 7.939482767279681 40
209.34950349448664 7.939482767279681 40
209.34950349448664 7.939482767279681 40
