212.9291824758589 14.539390467360978 40
208.71095888255212 9.454695517341424 40
212.94543903564767 4.8207876861836425 40
212.99410333323758 -4.880004638329112 40
208.4534193923379 -9.613925766412349 40
212.37251904595846 -14.61775561001105 40
221.15215037222794 21.29453006618113 95
219.12221312514075 15.923118888596951 95
210.02452046151862 10.260430298440268 95
209.38118595596512 5.368562905802168 95
208.19906323520408 0.624554227824301 95
209.03009667143638 -4.332933247807824 95
209.70022171003197 -9.155709407983583 95
210.55799868353566 -14.031386794761099 95
211.71058826182826 -18.8713888686189 95
217.30953947837187 -24.399173688834914 95
208.71095888255212 9.454695517341424 40
208.71095888255212 9.454695517341424 40
208.71095888255212 9.454695517341424 40
208.71095888255212 9.454695517341424 40
208.71095888255212 9.454695517341424 40
208.71095888255212 9.454695517341424 40
208.71095888255212 9.454695517341424 40
208.71095888255212 9.454695517341424 40
208.71095888255212 9.454695517341424 40
208.71095888255212 9.454695517341424 40
208.71095888255212 9.454695517341424 40
208.71095888255212 9.454695517341424 40
208.71095888255212 9.454695517341424 40
208.71095888255212 9.454695517341424 40
208.71095888255212 9.454695517341424 40
208.71095888255212 9.454695517341424 40
