210.98343671253969 12.442344351679036 40
209.40800569048866 7.712953567361561 40
213.95589647441744 2.8591937374663194 40
215.542297466074 -1.8222247519105186 40
211.16746550971874 -6.739965519328652 40
209.95918278084326 -11.520294744512446 40
214.28525186862097 -16.5706504580136 40
219.09984824702823 18.446466413088448 95
210.96627496842066 12.730016730103873 95
209.60148385223138 7.891797446893018 95
208.50321953737347 3.013812792765937 95
208.091573216806 -1.8727402795560533 95
209.07034636194243 -6.6159577611574845 95
210.31491963040133 -11.424762835955018 95
210.43780452992223 -16.38859510837479 95
216.09526132025894 -21.878711912016207 95
219.5068057562117 -27.316702339498438 95
209.40800569048866 7.712953567361561 40
209.40800569048866 7.712953567361561 40
209.40800569048866 7.712953567361561 40
209.40800569048866 7.712953567361561 40
209.40800569048866 7.712953567361561 40
209.40800569048866 7.712953567361561 40
209.40800569048866 7.712953567361561 40
209.40800569048866 7.712953567361561 40
209.40800569048866 7.712953567361561 40
209.40800569048866 7.712953567361561 40
209.40800569048866 7.712953567361561 40
209.40800569048866 7.712953567361561 40
209.40800569048866 7.712953567361561 40
209.40800569048866 7.712953567361561 40
209.40800569048866 7.712953567361561 40
