215.48519259887127 15.954228142638518 40
210.5538437175465 10.689224516633804 40
211.74305653063658 5.891403573312956 40
213.39650057565237 1.2221055869284765 40
214.69331032252063 -3.6889195922194276 40
209.9561818931868 -8.421241585126243 40
210.9770384674461 -13.365973197106234 40
220.80763389500999 21.9908802390272 95
218.93974722819448 16.69034776912424 95
210.03374724080885 11.064838226743872 95
209.7839789968617 6.180435360417003 95
207.29626914687174 1.2437032554893268 95
208.29711318000946 -3.408557741087857 95
208.70489552874088 -8.428060710350698 95
210.5351819867347 -13.222694347692613 95
211.4175363051855 -18.20618967948981 95
217.16454583694 -23.663527451240064 95
210.5538437175465 10.689224516633804 40
210.5538437175465 10.689224516633804 40
210.5538437175465 10.689224516633804 40
210.5538437175465 10.689224516633804 40
210.5538437175465 10.689224516633804 40
210.5538437175465 10.689224516633804 40
210.5538437175465 10.689224516633804 40
210.5538437175465 10.689224516633804 40
210.5538437175465 10.689224516633804 40
210.5538437175465 10.689224516633804 40
210.5538437175465 10.689224516633804 40
210.5538437175465 10.689224516633804 40
210.5538437175465 10.689224516633804 40
210.5538437175465 10.689224516633804 40
210.5538437175465 10.689224516633804 40
