212.72991129854125 13.768277449077237 40
208.66584781349238 8.768492246471975 40
213.26113680170533 4.071551306851795 40
211.87584911200193 -5.605984576164006 40
208.49010177291916 -10.413451047458135 40
212.25290627406577 -15.24938615855265 40
220.97361919543354 21.581479204899868 95
218.7877899391605 16.37873540716101 95
209.80189587804745 10.708413093308371 95
208.967536671901 5.871210886836222 95
206.97302974717405 0.9030959392053821 95
208.5651809739656 -3.8112052289231264 95
208.5480576521577 -8.592629080340288 95
210.33862688750955 -13.555908825196479 95
211.44736157434653 -18.441143761913374 95
216.79595783176393 -24.042218965978144 95
208.66584781349238 8.768492246471975 40
208.66584781349238 8.768492246471975 40
208.66584781349238 8.768492246471975 40
208.66584781349238 8.768492246471975 40
208.66584781349238 8.768492246471975 40
208.66584781349238 8.768492246471975 40
208.66584781349238 8.768492246471975 40
208.66584781349238 8.768492246471975 40
208.66584781349238 8.768492246471975 40
208.66584781349238 8.768492246471975 40
208.66584781349238 8.768492246471975 40
208.66584781349238 8.768492246471975 40
208.66584781349238 8.768492246471975 40
208.66584781349238 8.768492246471975 40
208.66584781349238 8.768492246471975 40
208.66584781349238 8.768492246471975 40
