215.08193367133157 15.983348622892688 40
210.45397233430563 10.684154328318302 40
210.74021393739494 5.978532815081799 40
213.24713740398965 1.1049384616152569 40
214.24133709147836 -3.798039791199294 40
210.10375539105203 -8.484550405117481 40
210.78469037970308 -13.238364760525064 40
221.04946178467262 21.832339996128617 95
218.5046027761598 16.477384216938596 95
208.80028177972062 10.714380696487819 95
208.8876946990293 6.040002344793907 95
206.97222163747134 1.0724250320856497 95
208.61920688692015 -3.5845526739609483 95
208.67991588834246 -8.427051965801212 95
210.0289391933493 -13.305908511499116 95
211.213305640197 -18.246630388669878 95
217.15160708466573 -23.781968811411435 95
210.45397233430563 10.684154328318302 40
210.45397233430563 10.684154328318302 40
210.45397233430563 10.684154328318302 40
210.45397233430563 10.684154328318302 40
210.45397233430563 10.684154328318302 40
210.45397233430563 10.684154328318302 40
210.45397233430563 10.684154328318302 40
210.45397233430563 10.684154328318302 40
210.45397233430563 10.684154328318302 40
210.45397233430563 10.684154328318302 40
210.45397233430563 10.684154328318302 40
210.45397233430563 10.684154328318302 40
210.45397233430563 10.684154328318302 40
210.45397233430563 10.684154328318302 40
210.45397233430563 10.684154328318302 40
