210.73725158329262 12.370157441198103 40
209.43922955819772 7.54252922225465 40
213.53014830257447 2.911746190956758 40
215.367303719581 -1.8207453302822916 40
210.8444583007136 -6.672098911035865 40
210.26499323998465 -11.422050726082812 40
215.33212642701136 -16.65160513048495 40
220.29845791158377 21.03044083651498 95
219.1807357213831 15.807200531188787 95
210.03008541901576 10.145878171993706 95
210.17944566294574 5.44638603266823 95
208.09962083100285 0.39725305894653123 95
209.08008593286687 -4.333969462860295 95
209.802616752744 -9.102856897766628 95
209.30312621656407 -14.062431545541632 95
210.97299439856798 -18.97962748585465 95
216.8987215717424 -24.47284629020024 95
209.43922955819772 7.54252922225465 40
209.43922955819772 7.54252922225465 40
209.43922955819772 7.54252922225465 40
209.43922955819772 7.54252922225465 40
209.43922955819772 7.54252922225465 40
209.43922955819772 7.54252922225465 40
209.43922955819772 7.54252922225465 40
209.43922955819772 7.54252922225465 40
209.43922955819772 7.54252922225465 40
209.43922955819772 7.54252922225465 40
209.43922955819772 7.54252922225465 40
209.43922955819772 7.54252922225465 40
209.43922955819772 7.54252922225465 40
209.43922955819772 7.54252922225465 40
209.43922955819772 7.54252922225465 40
