211.9963592765831 12.676130264157932 40
209.36013466622134 7.654019371654293 40
213.95589647441744 2.8591937374663194 40
215.79126141367965 -1.9420343696692104 40
211.84212194904694 -6.761498955492195 40
209.93735382208519 -11.461673969390617 40
213.32451134581726 -16.671937022082627 40
220.7935588864239 21.624681599211122 95
218.7877899391605 16.37873540716101 95
208.77822841035731 10.65616449913717 95
209.12065094427044 5.761366907653019 95
207.6724979663351 1.0194181784460012 95
208.38810224279192 -3.921666565085213 95
208.67295168596542 -8.597774983490817 95
209.89323963786387 -13.469728257179085 95
211.19830696707405 -18.419422744526017 95
216.84565318026404 -24.04773007634299 95
209.36013466622134 7.654019371654293 40
209.36013466622134 7.654019371654293 40
209.36013466622134 7.654019371654293 40
209.36013466622134 7.654019371654293 40
209.36013466622134 7.654019371654293 40
209.36013466622134 7.654019371654293 40
209.36013466622134 7.654019371654293 40
209.36013466622134 7.654019371654293 40
209.36013466622134 7.654019371654293 40
209.36013466622134 7.654019371654293 40
209.36013466622134 7.654019371654293 40
209.36013466622134 7.654019371654293 40
209.36013466622134 7.654019371654293 40
209.36013466622134 7.654019371654293 40
209.36013466622134 7.654019371654293 40
