212.92774277486797 14.189304309925078 40
208.80846681166736 8.945623944745801 40
213.00543912428924 4.357224284874716 40
212.25671763695405 -5.384370249747276 40
208.5041070934679 -10.129157178940364 40
212.28612865347503 -15.135395809830651 40
219.7239210815867 20.733752784594 95
218.8778960261177 15.485388473655116 95
209.76090100302477 10.01820395077107 95
209.81178957386587 5.150590336245414 95
207.82487635330276 0.22670186241312845 95
209.25142963080984 -4.5087911309172855 95
208.76857474866443 -9.286162954165288 95
208.9462253674135 -14.152933607915159 95
211.5693280084778 -19.324128597200122 95
216.59192652092483 -24.737367805696202 95
208.80846681166736 8.945623944745801 40
208.80846681166736 8.945623944745801 40
208.80846681166736 8.945623944745801 40
208.80846681166736 8.945623944745801 40
208.80846681166736 8.945623944745801 40
208.80846681166736 8.945623944745801 40
208.80846681166736 8.945623944745801 40
208.80846681166736 8.945623944745801 40
208.80846681166736 8.945623944745801 40
208.80846681166736 8.945623944745801 40
208.80846681166736 8.945623944745801 40
208.80846681166736 8.945623944745801 40
208.80846681166736 8.945623944745801 40
208.80846681166736 8.945623944745801 40
208.80846681166736 8.945623944745801 40
208.80846681166736 8.945623944745801 40
