210.6578817565607 11.097718406901887 40
209.90552065169823 6.298603014914832 40
213.3937788143844 1.629467188250043 40
214.34910118487392 -3.332183403818162 40
210.5670195777377 -8.15817940159598 40
210.55653572709284 -12.878189414877909 40
218.4995933393687 19.296378171317947 95
212.77980690339604 13.771506785878142 95
209.44729469557342 8.629679583021566 95
207.31538962105355 3.7883672301871356 95
206.77192445747892 -1.1277770837498136 95
210.4935400870473 -5.856637825800945 95
209.746090538412 -10.82026473115497 95
209.0485700514797 -15.534992257210462 95
215.65468927146995 -21.00263364975313 95
217.4429793551655 -26.27739245338202 95
209.90552065169823 6.298603014914832 40
209.90552065169823 6.298603014914832 40
209.90552065169823 6.298603014914832 40
209.90552065169823 6.298603014914832 40
209.90552065169823 6.298603014914832 40
209.90552065169823 6.298603014914832 40
209.90552065169823 6.298603014914832 40
209.90552065169823 6.298603014914832 40
209.90552065169823 6.298603014914832 40
209.90552065169823 6.298603014914832 40
209.90552065169823 6.298603014914832 40
209.90552065169823 6.298603014914832 40
209.90552065169823 6.298603014914832 40
209.90552065169823 6.298603014914832 40
209.90552065169823 6.298603014914832 40
209.90552065169823 6.298603014914832 40
