212.2248637553942 13.038321556257454 40
209.17245808003463 7.9898939765280215 40
213.74825955443322 3.381148096527928 40
211.17994702708353 -6.33684453321978 40
208.58275074425205 -11.045438740096206 40
212.45116363995152 -15.96263036064363 40
218.4392325522439 19.411122635919643 95
211.97018176896034 13.893259726712998 95
208.4933835975843 8.704287508496444 95
208.36202958028784 3.9780182482303013 95
206.94826854130832 -0.8465505032395167 95
209.81880120750913 -5.837864322145246 95
208.91171926047974 -10.491624308490147 95
209.43939063305635 -15.334329175221052 95
214.5576505580454 -20.659551955734223 95
216.21622626374682 -26.009500673104647 95
209.17245808003463 7.9898939765280215 40
209.17245808003463 7.9898939765280215 40
209.17245808003463 7.9898939765280215 40
209.17245808003463 7.9898939765280215 40
209.17245808003463 7.9898939765280215 40
209.17245808003463 7.9898939765280215 40
209.17245808003463 7.9898939765280215 40
209.17245808003463 7.9898939765280215 40
209.17245808003463 7.9898939765280215 40
209.17245808003463 7.9898939765280215 40
209.17245808003463 7.9898939765280215 40
209.17245808003463 7.9898939765280215 40
209.17245808003463 7.9898939765280215 40
209.17245808003463 7.9898939765280215 40
209.17245808003463 7.9898939765280215 40
209.17245808003463 7.9898939765280215 40
