214.54699313699035 15.414205651807602 40
210.52392486161733 10.28482794508967 40
211.2041017000659 5.472937974089028 40
214.79865015059846 0.7615073741004781 40
214.7597373646291 -4.158750662822095 40
210.067012825648 -8.769984179520504 40
211.9353143647721 -13.658812177683128 40
218.22039570961337 19.33169732174984 95
212.51900417674156 13.929231447790064 95
209.46991205249282 8.68783314301768 95
207.51218445004193 3.9617931258182786 95
206.57278006827423 -0.9576846372369049 95
209.24560353207175 -5.764809407000263 95
209.63003342256852 -10.642325274713375 95
208.75782484426682 -15.398902275500422 95
214.57123420227117 -20.778981638042282 95
216.1736674743293 -25.944577770665425 95
210.52392486161733 10.28482794508967 40
210.52392486161733 10.28482794508967 40
210.52392486161733 10.28482794508967 40
210.52392486161733 10.28482794508967 40
210.52392486161733 10.28482794508967 40
210.52392486161733 10.28482794508967 40
210.52392486161733 10.28482794508967 40
210.52392486161733 10.28482794508967 40
210.52392486161733 10.28482794508967 40
210.52392486161733 10.28482794508967 40
210.52392486161733 10.28482794508967 40
210.52392486161733 10.28482794508967 40
210.52392486161733 10.28482794508967 40
210.52392486161733 10.28482794508967 40
210.52392486161733 10.28482794508967 40
