212.50993007984644 13.288538010585569 40
209.08867583337127 8.215116447585132 40
213.49348742166126 3.668303904662629 40
211.53989220681228 -6.001219053679068 40
208.44781691527223 -10.753290113130188 40
212.70914578855135 -15.865348968894462 40
217.92278136343134 19.005890213986238 95
211.98521084843657 13.662027907448334 95
208.67528860588945 8.540867944696158 95
207.0684576668886 3.614393373161634 95
206.84627724568463 -1.2410034654953375 95
210.43869868932353 -6.027413951613444 95
208.7195075903027 -10.824377638533191 95
209.49307923830253 -15.625472033007563 95
215.18192602049984 -20.956591185308067 95
216.5317883746749 -26.107367222012364 95
209.08867583337127 8.215116447585132 40
209.08867583337127 8.215116447585132 40
209.08867583337127 8.215116447585132 40
209.08867583337127 8.215116447585132 40
209.08867583337127 8.215116447585132 40
209.08867583337127 8.215116447585132 40
209.08867583337127 8.215116447585132 40
209.08867583337127 8.215116447585132 40
209.08867583337127 8.215116447585132 40
209.08867583337127 8.215116447585132 40
209.08867583337127 8.215116447585132 40
209.08867583337127 8.215116447585132 40
209.08867583337127 8.215116447585132 40
209.08867583337127 8.215116447585132 40
209.08867583337127 8.215116447585132 40
209.08867583337127 8.215116447585132 40
