211.92699656458572 12.1500515272189 40
210.2738246387115 7.285511087659563 40
213.88460159569868 2.566554158642917 40
215.78841277237407 -2.2362721613228294 40
211.10424306110394 -7.1413714788093205 40
210.06485257584822 -11.87087664358233 40
214.6566097243633 -16.95274392664445 40
217.84287560521247 19.05878204534401 95
212.01757991297708 13.548000141879703 95
208.02583235693646 8.514286359042094 95
207.19244465654697 3.673078033981599 95
206.69692557301846 -1.1273680242362447 95
209.99051555981615 -5.957264466398998 95
208.59467534892096 -10.81790372846171 95
208.59557229404703 -15.558529632294617 95
214.07570212517368 -20.966729826415765 95
217.0458685607719 -26.229402694307147 95
210.2738246387115 7.285511087659563 40
210.2738246387115 7.285511087659563 40
210.2738246387115 7.285511087659563 40
210.2738246387115 7.285511087659563 40
210.2738246387115 7.285511087659563 40
210.2738246387115 7.285511087659563 40
210.2738246387115 7.285511087659563 40
210.2738246387115 7.285511087659563 40
210.2738246387115 7.285511087659563 40
210.2738246387115 7.285511087659563 40
210.2738246387115 7.285511087659563 40
210.2738246387115 7.285511087659563 40
210.2738246387115 7.285511087659563 40
210.2738246387115 7.285511087659563 40
210.2738246387115 7.285511087659563 40
