214.65197859873888 17.011281804924312 40
210.49241158236433 11.837452903413862 40
209.91254998472368 6.871825369643996 40
213.0873216155319 2.324514297413326 40
214.4838485444965 -2.632244962287369 40
210.59258960794145 -7.469057987534276 40
210.61582998782742 -12.305396520981276 40
220.429675074865 22.499754918430533 95
218.53362723216802 17.079044725974445 95
210.25557822978377 11.594069529689941 95
208.9435979874889 6.668984933454196 95
208.1915691674147 1.8736402028077328 95
208.20325087241145 -3.0094768913723984 95
208.8541515915794 -7.806623019049946 95
210.44568327812948 -12.641005284438819 95
211.52102790514988 -17.57604204446534 95
217.00452885888626 -23.047452781875876 95
210.49241158236433 11.837452903413862 40
210.49241158236433 11.837452903413862 40
210.49241158236433 11.837452903413862 40
210.49241158236433 11.837452903413862 40
210.49241158236433 11.837452903413862 40
210.49241158236433 11.837452903413862 40
210.49241158236433 11.837452903413862 40
210.49241158236433 11.837452903413862 40
210.49241158236433 11.837452903413862 40
210.49241158236433 11.837452903413862 40
210.49241158236433 11.837452903413862 40
210.49241158236433 11.837452903413862 40
210.49241158236433 11.837452903413862 40
210.49241158236433 11.837452903413862 40
210.49241158236433 11.837452903413862 40
