211.06650448718992 11.869738141974304 40
210.7064077242788 7.070386759576143 40
213.93727104478202 2.333786175181181 40
215.60947741501883 -2.587252176053482 40
211.14427834654975 -7.430972111017288 40
210.36959957250406 -12.23344598648724 40
217.12526351630686 -17.44564610366462 40
217.8691877970904 18.16335964617108 95
209.1729772604389 12.564556657674636 95
208.25878494821205 7.670625260979051 95
206.9307618413383 2.82175544002842 95
206.3644943811267 -2.0823265406592015 95
209.3878310762986 -6.854647851161626 95
208.47379554055647 -11.666900741596425 95
208.59596666335128 -16.531339685035885 95
215.0884375547577 -21.895296989378902 95
216.64907843995002 -27.20109025609799 95
210.7064077242788 7.070386759576143 40
210.7064077242788 7.070386759576143 40
210.7064077242788 7.070386759576143 40
210.7064077242788 7.070386759576143 40
210.7064077242788 7.070386759576143 40
210.7064077242788 7.070386759576143 40
210.7064077242788 7.070386759576143 40
210.7064077242788 7.070386759576143 40
210.7064077242788 7.070386759576143 40
210.7064077242788 7.070386759576143 40
210.7064077242788 7.070386759576143 40
210.7064077242788 7.070386759576143 40
210.7064077242788 7.070386759576143 40
210.7064077242788 7.070386759576143 40
210.7064077242788 7.070386759576143 40
