213.196361670237 13.915238789668692 40
208.9905612467669 8.782137254755899 40
213.60881692899315 4.194738394213725 40
211.92885840924845 -5.491718615581357 40
208.74544592799492 -10.312070806707368 40
212.68097265127048 -15.221842763264238 40
219.19518045492208 19.659056191336955 95
214.04073903468043 14.028971219865998 95
208.36371678815854 8.812719570261141 95
208.48480482152257 4.094115720352093 95
206.62370152405683 -0.7325254244529819 95
208.85039266892858 -5.58292996860401 95
208.28750592457536 -10.460276082397872 95
208.64152628778757 -15.275912683124641 95
210.43227405671627 -20.20440633423948 95
216.69834210027435 -25.767792998090954 95
208.9905612467669 8.782137254755899 40
208.9905612467669 8.782137254755899 40
208.9905612467669 8.782137254755899 40
208.9905612467669 8.782137254755899 40
208.9905612467669 8.782137254755899 40
208.9905612467669 8.782137254755899 40
208.9905612467669 8.782137254755899 40
208.9905612467669 8.782137254755899 40
208.9905612467669 8.782137254755899 40
208.9905612467669 8.782137254755899 40
208.9905612467669 8.782137254755899 40
208.9905612467669 8.782137254755899 40
208.9905612467669 8.782137254755899 40
208.9905612467669 8.782137254755899 40
208.9905612467669 8.782137254755899 40
208.9905612467669 8.782137254755899 40
