212.92313697743438 13.489263867562116 40
209.28400557794947 8.337116362916266 40
213.91638814944253 3.7922791428169944 40
212.1162941008247 -5.959679264226078 40
208.70622312759056 -10.59542603279272 40
212.77191893239856 -15.694999643989181 40
218.28903139560094 17.000037422616153 95
209.31948486713372 11.31343802554186 95
208.3295167051558 6.308176788598219 95
206.8943914467396 1.523413234575519 95
207.59991665777002 -3.227263343289181 95
208.39144059003357 -8.130804930049248 95
208.8491856361896 -12.945275551351717 95
208.80162861420368 -17.69413428388523 95
215.70521655390786 -23.20693972568815 95
219.80213798618314 -28.754578099893916 95
209.28400557794947 8.337116362916266 40
209.28400557794947 8.337116362916266 40
209.28400557794947 8.337116362916266 40
209.28400557794947 8.337116362916266 40
209.28400557794947 8.337116362916266 40
209.28400557794947 8.337116362916266 40
209.28400557794947 8.337116362916266 40
209.28400557794947 8.337116362916266 40
209.28400557794947 8.337116362916266 40
209.28400557794947 8.337116362916266 40
209.28400557794947 8.337116362916266 40
209.28400557794947 8.337116362916266 40
209.28400557794947 8.337116362916266 40
209.28400557794947 8.337116362916266 40
209.28400557794947 8.337116362916266 40
209.28400557794947 8.337116362916266 40
