213.1273001720328 14.20260262699162 40
208.87848617895216 9.062760980478988 40
212.02824589374714 4.452928050249335 40
213.18433796663945 -5.291554188105307 40
208.56497595728848 -9.904080166057124 40
212.5849450339605 -14.807131555706395 40
218.042506192571 17.579192053750184 95
209.28134097209414 11.998372636406618 95
208.55570089135222 7.055157738621022 95
208.13761611578116 2.270519244515957 95
206.83372465194606 -2.594772938612516 95
207.44255479503258 -7.413979033548891 95
208.8937666782931 -12.20478360950496 95
209.93916080853518 -16.983503290193205 95
215.97277748948332 -22.580564286087437 95
219.09188563780708 -27.81129532528211 95
208.87848617895216 9.062760980478988 40
208.87848617895216 9.062760980478988 40
208.87848617895216 9.062760980478988 40
208.87848617895216 9.062760980478988 40
208.87848617895216 9.062760980478988 40
208.87848617895216 9.062760980478988 40
208.87848617895216 9.062760980478988 40
208.87848617895216 9.062760980478988 40
208.87848617895216 9.062760980478988 40
208.87848617895216 9.062760980478988 40
208.87848617895216 9.062760980478988 40
208.87848617895216 9.062760980478988 40
208.87848617895216 9.062760980478988 40
208.87848617895216 9.062760980478988 40
208.87848617895216 9.062760980478988 40
208.87848617895216 9.062760980478988 40
