212.95268744951358 14.190966599558319 40
208.87848617895216 9.062760980478988 40
213.1755187913494 4.593344428522258 40
212.13750160496548 -5.14979735555426 40
208.56766912069924 -9.847202524500117 40
212.60177600199518 -14.92482716139337 40
218.20787316532943 18.011845787245274 95
209.59257497781428 12.245612037350359 95
208.3939719919136 7.391079923362705 95
208.18361843140036 2.6117076423468295 95
207.81263545165612 -2.2669741147799796 95
208.80555796681807 -7.063610066090746 95
209.09140565920634 -11.8158666401248 95
208.89050652654208 -16.612007196142063 95
216.16470552292782 -22.1835544082977 95
219.13182445467368 -27.694929791679904 95
208.87848617895216 9.062760980478988 40
208.87848617895216 9.062760980478988 40
208.87848617895216 9.062760980478988 40
208.87848617895216 9.062760980478988 40
208.87848617895216 9.062760980478988 40
208.87848617895216 9.062760980478988 40
208.87848617895216 9.062760980478988 40
208.87848617895216 9.062760980478988 40
208.87848617895216 9.062760980478988 40
208.87848617895216 9.062760980478988 40
208.87848617895216 9.062760980478988 40
208.87848617895216 9.062760980478988 40
208.87848617895216 9.062760980478988 40
208.87848617895216 9.062760980478988 40
208.87848617895216 9.062760980478988 40
208.87848617895216 9.062760980478988 40
