212.93313956176286 14.481322500753311 40
208.76090765816122 9.456958218195135 40
212.87045824725482 4.819090225731214 40
213.6662243943199 -5.012003399454213 40
208.50336630006336 -9.616229330751112 40
212.4224010234208 -14.621189022955452 40
220.7437969844887 21.619807882375845 95
218.29363344169664 16.281879462217333 95
209.47731838829205 10.691846465888037 95
208.79577421598702 5.752416409350836 95
206.8227773816813 0.9588436407923181 95
208.16627735245373 -3.7471286635643772 95
208.29592136963242 -8.639141495305086 95
210.08544424123556 -13.597122598649364 95
210.08740521834943 -18.495733795149853 95
216.10022295276227 -23.96506342087255 95
208.76090765816122 9.456958218195135 40
208.76090765816122 9.456958218195135 40
208.76090765816122 9.456958218195135 40
208.76090765816122 9.456958218195135 40
208.76090765816122 9.456958218195135 40
208.76090765816122 9.456958218195135 40
208.76090765816122 9.456958218195135 40
208.76090765816122 9.456958218195135 40
208.76090765816122 9.456958218195135 40
208.76090765816122 9.456958218195135 40
208.76090765816122 9.456958218195135 40
208.76090765816122 9.456958218195135 40
208.76090765816122 9.456958218195135 40
208.76090765816122 9.456958218195135 40
208.76090765816122 9.456958218195135 40
208.76090765816122 9.456958218195135 40
