212.93313956176286 14.481322500753311 40
208.7583209101891 9.51388857189865 40
212.64810988178868 4.698016996853434 40
213.41765042301253 -4.947940270538351 40
208.4507898495418 -9.67077225986424 40
212.42638043526466 -14.563259256505773 40
219.43110606836754 20.102541869446153 95
215.30665123212526 14.583755867676128 95
209.49539199839538 9.261248913546117 95
209.60615025772 4.287688670847006 95
206.97437659901567 -0.5079925676993141 95
209.48547723755823 -5.199742931382994 95
208.73434156569255 -10.026229407747932 95
209.66777513431435 -14.948714668044095 95
211.4357396452287 -19.95165721625795 95
217.12357443693503 -25.578194790264785 95
208.7583209101891 9.51388857189865 40
208.7583209101891 9.51388857189865 40
208.7583209101891 9.51388857189865 40
208.7583209101891 9.51388857189865 40
208.7583209101891 9.51388857189865 40
208.7583209101891 9.51388857189865 40
208.7583209101891 9.51388857189865 40
208.7583209101891 9.51388857189865 40
208.7583209101891 9.51388857189865 40
208.7583209101891 9.51388857189865 40
208.7583209101891 9.51388857189865 40
208.7583209101891 9.51388857189865 40
208.7583209101891 9.51388857189865 40
208.7583209101891 9.51388857189865 40
208.7583209101891 9.51388857189865 40
208.7583209101891 9.51388857189865 40
