213.16662140317277 14.730822942266624 40
209.02780883118103 9.64041675630452 40
211.71676065554848 4.966274511260462 40
214.4489548086405 -4.679292839912584 40
208.5162845661317 -9.331918116656594 40
212.13890972303352 -14.369189487324354 40
218.23278842830786 18.01390240357204 95
210.28126108118008 12.458480569819715 95
208.587723900017 7.568821784814372 95
207.48295595536388 2.6595089818481403 95
206.96329401931848 -2.2012618365685745 95
208.5382861769437 -6.826836630762783 95
209.3128137323482 -11.885642912661812 95
209.03549321011093 -16.680904603937783 95
216.18351654832355 -22.245062324046692 95
219.79181156943454 -27.656557848477444 95
209.02780883118103 9.64041675630452 40
209.02780883118103 9.64041675630452 40
209.02780883118103 9.64041675630452 40
209.02780883118103 9.64041675630452 40
209.02780883118103 9.64041675630452 40
209.02780883118103 9.64041675630452 40
209.02780883118103 9.64041675630452 40
209.02780883118103 9.64041675630452 40
209.02780883118103 9.64041675630452 40
209.02780883118103 9.64041675630452 40
209.02780883118103 9.64041675630452 40
209.02780883118103 9.64041675630452 40
209.02780883118103 9.64041675630452 40
209.02780883118103 9.64041675630452 40
209.02780883118103 9.64041675630452 40
209.02780883118103 9.64041675630452 40
