212.1678166624277 13.150977062502696 40
209.13638864764613 8.274112847956307 40
213.7444441239657 3.614309219880144 40
214.27078506828093 -1.3439833416206095 40
212.111347362766 -6.133214487690808 40
208.7753146289637 -10.713099531750942 40
212.7633269909753 -15.811046383188046 40
218.81416543585192 19.143758894522943 95
212.68749172860925 13.649047116658815 95
208.99767617386556 8.611154331681224 95
207.64136238794828 3.7376798520927337 95
207.22221828155574 -1.073720387840393 95
210.31538485676697 -5.9664807508273645 95
210.442192521371 -10.913717597510962 95
209.81290338741738 -15.706863854451205 95
215.00775008593192 -20.939628172091545 95
218.88250598484245 -26.451355330027962 95
209.13638864764613 8.274112847956307 40
209.13638864764613 8.274112847956307 40
209.13638864764613 8.274112847956307 40
209.13638864764613 8.274112847956307 40
209.13638864764613 8.274112847956307 40
209.13638864764613 8.274112847956307 40
209.13638864764613 8.274112847956307 40
209.13638864764613 8.274112847956307 40
209.13638864764613 8.274112847956307 40
209.13638864764613 8.274112847956307 40
209.13638864764613 8.274112847956307 40
209.13638864764613 8.274112847956307 40
209.13638864764613 8.274112847956307 40
209.13638864764613 8.274112847956307 40
209.13638864764613 8.274112847956307 40
