212.03231320824412 12.91041364794602 40
210.375935103652 7.920956650809157 40
213.9250514852669 3.267238440320591 40
215.56825849410606 -1.7048621112175435 40
211.35137778242293 -6.457368618218132 40
210.20547711150235 -11.131369741665313 40
214.58185746497742 -16.299277495647207 40
220.69992143491672 21.55474840079536 95
218.7877899391605 16.37873540716101 95
210.09857361907794 10.781001262818446 95
209.29400430120162 5.82326270818973 95
209.07300975668755 0.9122588887139095 95
208.49122471143332 -3.752977927807655 95
208.7478881062501 -8.600862525380203 95
209.57256663556217 -13.391762907954055 95
211.45238275348828 -18.383479754178513 95
217.0208601575543 -23.827544596018555 95
210.375935103652 7.920956650809157 40
210.375935103652 7.920956650809157 40
210.375935103652 7.920956650809157 40
210.375935103652 7.920956650809157 40
210.375935103652 7.920956650809157 40
210.375935103652 7.920956650809157 40
210.375935103652 7.920956650809157 40
210.375935103652 7.920956650809157 40
210.375935103652 7.920956650809157 40
210.375935103652 7.920956650809157 40
210.375935103652 7.920956650809157 40
210.375935103652 7.920956650809157 40
210.375935103652 7.920956650809157 40
210.375935103652 7.920956650809157 40
210.375935103652 7.920956650809157 40
