212.12473758872125 13.438683079682729 40
209.03646681838305 8.270159616781656 40
213.64346528426867 3.6708808656078107 40
212.41779541017482 -5.910177076967855 40
208.7811266650212 -10.59922867402988 40
212.72205440956463 -15.691321415808963 40
219.01862163543032 19.101462690490727 95
212.9693495317512 13.55050405050651 95
210.07877575065362 8.48354166056762 95
208.94415892256956 3.5901360893412386 95
208.2712515994439 -1.249552800459837 95
210.8102203079912 -6.1531303981162 95
210.61096887973963 -11.037653171636794 95
210.12405619205637 -15.903038527197708 95
216.20968092866224 -21.23526248309792 95
218.97455878079654 -26.523069802635526 95
209.03646681838305 8.270159616781656 40
209.03646681838305 8.270159616781656 40
209.03646681838305 8.270159616781656 40
209.03646681838305 8.270159616781656 40
209.03646681838305 8.270159616781656 40
209.03646681838305 8.270159616781656 40
209.03646681838305 8.270159616781656 40
209.03646681838305 8.270159616781656 40
209.03646681838305 8.270159616781656 40
209.03646681838305 8.270159616781656 40
209.03646681838305 8.270159616781656 40
209.03646681838305 8.270159616781656 40
209.03646681838305 8.270159616781656 40
209.03646681838305 8.270159616781656 40
209.03646681838305 8.270159616781656 40
209.03646681838305 8.270159616781656 40
