212.69490449369482 13.533042060750315 40
210.06939665650665 8.712696963126145 40
213.7871462735515 4.023271456300216 40
212.12266890130292 -5.728292781293715 40
208.80897758329147 -10.543552798771369 40
212.6807145357108 -15.571646174361373 40
220.82864660775857 21.263380196611998 95
218.94332631626986 15.970143598833866 95
209.69710603027593 10.301758225041656 95
209.37971412177876 5.425662566193875 95
208.3492252563467 0.5681857795669354 95
208.70633849892224 -4.269282184780577 95
208.98085708285845 -9.010105322020113 95
209.5602116977115 -13.964895209429036 95
211.58608191728473 -18.860290662979708 95
216.96836008940016 -24.300953584507425 95
210.06939665650665 8.712696963126145 40
210.06939665650665 8.712696963126145 40
210.06939665650665 8.712696963126145 40
210.06939665650665 8.712696963126145 40
210.06939665650665 8.712696963126145 40
210.06939665650665 8.712696963126145 40
210.06939665650665 8.712696963126145 40
210.06939665650665 8.712696963126145 40
210.06939665650665 8.712696963126145 40
210.06939665650665 8.712696963126145 40
210.06939665650665 8.712696963126145 40
210.06939665650665 8.712696963126145 40
210.06939665650665 8.712696963126145 40
210.06939665650665 8.712696963126145 40
210.06939665650665 8.712696963126145 40
210.06939665650665 8.712696963126145 40
