213.20437664178093 14.908702350963262 40
209.2196318563847 9.820801692268057 40
211.76120227032348 5.198445731865206 40
216.2747104833692 0.3538789833114409 40
214.4014863811047 -4.561264909319235 40
208.59627014432505 -9.221501064130914 40
212.22542715360314 -14.200636234714384 40
219.6964550217097 19.945617335492262 95
215.95516524186056 14.6276828431814 95
209.86748816999966 9.335043342965685 95
210.15122077590166 4.528179148204801 95
208.14972135990428 -0.3405844890850475 95
209.4369025168548 -5.1413873755491215 95
209.5334202748805 -10.064611910565066 95
210.17869778137612 -14.812325912055979 95
213.61753897421522 -19.981229756940316 95
216.7540429556554 -25.294969606186424 95
209.2196318563847 9.820801692268057 40
209.2196318563847 9.820801692268057 40
209.2196318563847 9.820801692268057 40
209.2196318563847 9.820801692268057 40
209.2196318563847 9.820801692268057 40
209.2196318563847 9.820801692268057 40
209.2196318563847 9.820801692268057 40
209.2196318563847 9.820801692268057 40
209.2196318563847 9.820801692268057 40
209.2196318563847 9.820801692268057 40
209.2196318563847 9.820801692268057 40
209.2196318563847 9.820801692268057 40
209.2196318563847 9.820801692268057 40
209.2196318563847 9.820801692268057 40
209.2196318563847 9.820801692268057 40
