212.83182388148853 14.124614801085764 40
208.85103072168735 9.118632928723931 40
211.85567965471438 4.3337048860115885 40
213.33714817389082 -5.178919678017103 40
208.36520107610332 -9.89459349923153 40
212.10300350697585 -14.889812904123104 40
220.9576336905712 22.249263782501735 95
218.68782387131796 17.031094810005996 95
210.34608352066834 11.31139458758378 95
209.10242720304032 6.388656963496006 95
208.09435891767285 1.532248884075536 95
208.19984417129035 -3.2365895708937495 95
209.79700262225379 -8.013750103293358 95
210.55653572709284 -12.878189414877909 95
210.59520022721046 -17.84612398424767 95
216.40754128206427 -23.222802937019686 95
208.85103072168735 9.118632928723931 40
208.85103072168735 9.118632928723931 40
208.85103072168735 9.118632928723931 40
208.85103072168735 9.118632928723931 40
208.85103072168735 9.118632928723931 40
208.85103072168735 9.118632928723931 40
208.85103072168735 9.118632928723931 40
208.85103072168735 9.118632928723931 40
208.85103072168735 9.118632928723931 40
208.85103072168735 9.118632928723931 40
208.85103072168735 9.118632928723931 40
208.85103072168735 9.118632928723931 40
208.85103072168735 9.118632928723931 40
208.85103072168735 9.118632928723931 40
208.85103072168735 9.118632928723931 40
208.85103072168735 9.118632928723931 40
