212.63468640841273 13.296339195281126 40
209.01148636106728 8.26917130898791 40
213.56946913754683 3.611350482359042 40
211.26002874392572 -6.166259410346286 40
208.46688699556594 -10.86828074618724 40
212.11080782571435 -15.820720701753174 40
221.69165102986508 22.445322199793072 95
218.59276001741028 16.9637191668242 95
210.46780881512277 11.375503398132661 95
209.02394787074655 6.500372414518719 95
207.46758602075482 1.7539600111452152 95
208.1257278179869 -3.1786664237115287 95
208.52075186268667 -8.021949116010386 95
210.627874774754 -12.940208378173532 95
210.40076883878322 -17.771858992488635 95
216.41386627200177 -23.163786072318366 95
220.52887173129648 -28.788482643609164 95
209.01148636106728 8.26917130898791 40
209.01148636106728 8.26917130898791 40
209.01148636106728 8.26917130898791 40
209.01148636106728 8.26917130898791 40
209.01148636106728 8.26917130898791 40
209.01148636106728 8.26917130898791 40
209.01148636106728 8.26917130898791 40
209.01148636106728 8.26917130898791 40
209.01148636106728 8.26917130898791 40
209.01148636106728 8.26917130898791 40
209.01148636106728 8.26917130898791 40
209.01148636106728 8.26917130898791 40
209.01148636106728 8.26917130898791 40
209.01148636106728 8.26917130898791 40
209.01148636106728 8.26917130898791 40
