210.83286859671884 11.568233196071402 40
209.43966627911533 6.799168250073383 40
213.3891367701148 2.1532088856509985 40
214.90581165913855 -2.871887902909193 40
210.71132631126406 -7.6458788996422316 40
210.26642583806682 -12.284982307058552 40
217.90346382274487 -17.747424575124015 40
220.71550771066205 22.40730139987158 95
218.99156094788674 16.994667799283835 95
209.96853753338843 11.348518453527678 95
209.07214281028828 6.558942423471869 95
208.14349069023856 1.6461419387701632 95
208.1257278179869 -3.1786664237115287 95
209.74484636864946 -8.069040946211587 95
210.45320410499644 -12.929477249321076 95
210.52532529677447 -17.782379865678706 95
216.35782670791264 -23.217468040870546 95
220.8015580610002 -28.824079913065106 95
209.43966627911533 6.799168250073383 40
209.43966627911533 6.799168250073383 40
209.43966627911533 6.799168250073383 40
209.43966627911533 6.799168250073383 40
209.43966627911533 6.799168250073383 40
209.43966627911533 6.799168250073383 40
209.43966627911533 6.799168250073383 40
209.43966627911533 6.799168250073383 40
209.43966627911533 6.799168250073383 40
209.43966627911533 6.799168250073383 40
209.43966627911533 6.799168250073383 40
209.43966627911533 6.799168250073383 40
209.43966627911533 6.799168250073383 40
209.43966627911533 6.799168250073383 40
