210.4950945517619 10.858903933860978 40
210.686942697394 6.092027726875701 40
212.79544217812668 1.3927627994537377 40
214.29631000746684 -3.50672813084499 40
210.23778922504812 -8.260265235707639 40
210.4924591520537 -13.104756393043084 40
219.95453317595238 19.303972009637327 95
213.5893741627438 13.648438363689701 95
209.9492220172972 8.593008747327687 95
209.7440408564758 3.60387988104643 95
208.0722068714427 -1.0781245974223794 95
209.79221123661915 -5.894381176151687 95
210.35118086071043 -10.736448924327275 95
210.05006914792207 -15.551819056083422 95
214.95226846406376 -20.993401514596453 95
217.21243777054642 -26.309634694850786 95
210.686942697394 6.092027726875701 40
210.686942697394 6.092027726875701 40
210.686942697394 6.092027726875701 40
210.686942697394 6.092027726875701 40
210.686942697394 6.092027726875701 40
210.686942697394 6.092027726875701 40
210.686942697394 6.092027726875701 40
210.686942697394 6.092027726875701 40
210.686942697394 6.092027726875701 40
210.686942697394 6.092027726875701 40
210.686942697394 6.092027726875701 40
210.686942697394 6.092027726875701 40
210.686942697394 6.092027726875701 40
210.686942697394 6.092027726875701 40
210.686942697394 6.092027726875701 40
210.686942697394 6.092027726875701 40
