212.74536568955727 14.293704999633608 40
208.35150661089642 9.096823235041064 40
211.57589008896383 4.5588768422377886 40
213.3385525722374 -5.1207408040923905 40
208.24034177536265 -9.888664332464561 40
212.10705618649513 -14.831970229844654 40
218.56583214127394 16.66184324714571 95
210.07455314430507 11.239339225263128 95
208.9076722833178 6.211639169003574 95
208.22054016701333 1.3628197082512266 95
208.04897254959042 -3.290994691544467 95
209.61101733664577 -8.292890696035277 95
210.31421869707947 -13.151237159941525 95
210.13216775781956 -17.980046534966853 95
216.05257778164577 -23.48274385385789 95
219.69513662777223 -28.8015202221081 95
208.35150661089642 9.096823235041064 40
208.35150661089642 9.096823235041064 40
208.35150661089642 9.096823235041064 40
208.35150661089642 9.096823235041064 40
208.35150661089642 9.096823235041064 40
208.35150661089642 9.096823235041064 40
208.35150661089642 9.096823235041064 40
208.35150661089642 9.096823235041064 40
208.35150661089642 9.096823235041064 40
208.35150661089642 9.096823235041064 40
208.35150661089642 9.096823235041064 40
208.35150661089642 9.096823235041064 40
208.35150661089642 9.096823235041064 40
208.35150661089642 9.096823235041064 40
208.35150661089642 9.096823235041064 40
208.35150661089642 9.096823235041064 40
