211.6058298404636 12.07374331053807 40
209.25530070265663 7.078824255535212 40
213.662287405907 2.330786450018647 40
215.4358679513798 -2.467650711840727 40
210.9504051909862 -7.251356752963096 40
209.92698536210264 -12.0928260460302 40
215.22052187583125 -17.11540135360077 40
218.73086205786512 18.655712487685246 95
213.1908532945763 13.214388806541319 95
209.74484636864946 8.069040946211587 95
208.94795084020512 3.3622112781962414 95
207.99516600205266 -1.4180690316628524 95
210.7516576279209 -6.439045510291914 95
210.08065200632927 -11.12475966462089 95
209.030353752763 -16.106946017006432 95
214.44495586385005 -21.298143218398167 95
217.2259906251942 -26.61186759517339 95
209.25530070265663 7.078824255535212 40
209.25530070265663 7.078824255535212 40
209.25530070265663 7.078824255535212 40
209.25530070265663 7.078824255535212 40
209.25530070265663 7.078824255535212 40
209.25530070265663 7.078824255535212 40
209.25530070265663 7.078824255535212 40
209.25530070265663 7.078824255535212 40
209.25530070265663 7.078824255535212 40
209.25530070265663 7.078824255535212 40
209.25530070265663 7.078824255535212 40
209.25530070265663 7.078824255535212 40
209.25530070265663 7.078824255535212 40
209.25530070265663 7.078824255535212 40
209.25530070265663 7.078824255535212 40
