210.72896384345745 12.08136674647393 40
209.62421443901968 7.263003567663925 40
213.4596321909386 2.5614546471116433 40
215.38653601312836 -2.408340562578728 40
211.1022877043114 -7.198940964206609 40
210.31120540290553 -11.942335700225563 40
219.3514359409543 -17.203144353327367 40
220.7496846641016 21.559608546996053 95
218.9169021529852 16.328367240490305 95
210.09857361907794 10.781001262818446 95
209.29400430120162 5.82326270818973 95
209.04748140056503 1.0261676668126933 95
208.51414247040657 -3.8671552633678274 95
208.81810073988316 -8.717843964421665 95
211.4400577595265 -13.56899405439097 95
211.51198485771778 -18.563024714430618 95
217.0143541329907 -23.886726967940003 95
209.62421443901968 7.263003567663925 40
209.62421443901968 7.263003567663925 40
209.62421443901968 7.263003567663925 40
209.62421443901968 7.263003567663925 40
209.62421443901968 7.263003567663925 40
209.62421443901968 7.263003567663925 40
209.62421443901968 7.263003567663925 40
209.62421443901968 7.263003567663925 40
209.62421443901968 7.263003567663925 40
209.62421443901968 7.263003567663925 40
209.62421443901968 7.263003567663925 40
209.62421443901968 7.263003567663925 40
209.62421443901968 7.263003567663925 40
209.62421443901968 7.263003567663925 40
209.62421443901968 7.263003567663925 40
