215.84602156942248 16.158510842661556 40
210.36729317654195 10.909833251468715 40
210.686942697394 6.092027726875701 40
213.22004457109466 1.4536911984378054 40
215.29617614537636 -3.5230898624746225 40
210.23552876954008 -8.31759839087477 40
210.68848768277834 -13.174640714029184 40
220.73646418356333 20.6471155307094 95
218.57441869336725 15.523824202063887 95
209.67181307984538 9.784722776368449 95
209.0175031710957 4.902957589148116 95
207.29996916641136 0.11306460501355813 95
208.17166217463728 -4.712716037349827 95
208.90816538027656 -9.520717538453551 95
210.28141522246287 -14.416207442949775 95
211.37015707130814 -19.305936901651 95
216.29841768700854 -24.88312944740659 95
210.36729317654195 10.909833251468715 40
210.36729317654195 10.909833251468715 40
210.36729317654195 10.909833251468715 40
210.36729317654195 10.909833251468715 40
210.36729317654195 10.909833251468715 40
210.36729317654195 10.909833251468715 40
210.36729317654195 10.909833251468715 40
210.36729317654195 10.909833251468715 40
210.36729317654195 10.909833251468715 40
210.36729317654195 10.909833251468715 40
210.36729317654195 10.909833251468715 40
210.36729317654195 10.909833251468715 40
210.36729317654195 10.909833251468715 40
210.36729317654195 10.909833251468715 40
210.36729317654195 10.909833251468715 40
