210.90775595236533 11.572342206205008 40
210.58718858127025 6.893910750547711 40
213.54027259139798 2.038254545301592 40
215.25731731706486 -2.759160462975268 40
211.8688297691092 -7.4564718378215336 40
210.46608535221577 -12.29664757215698 40
217.96294831955575 -17.63260573048331 40
218.2802398069658 16.460465054593662 95
210.21451359313355 10.959392081783896 95
208.56283047710235 6.03060887302953 95
207.22191776424165 1.1302314408423353 95
208.0433091696661 -3.631409469438477 95
209.39968211433697 -8.570516636389293 95
209.4514631348467 -13.326673090908944 95
209.83845649519253 -18.18551073561568 95
216.11975700155963 -23.788258838906685 95
220.67257013182675 -29.419507412837554 95
210.58718858127025 6.893910750547711 40
210.58718858127025 6.893910750547711 40
210.58718858127025 6.893910750547711 40
210.58718858127025 6.893910750547711 40
210.58718858127025 6.893910750547711 40
210.58718858127025 6.893910750547711 40
210.58718858127025 6.893910750547711 40
210.58718858127025 6.893910750547711 40
210.58718858127025 6.893910750547711 40
210.58718858127025 6.893910750547711 40
210.58718858127025 6.893910750547711 40
210.58718858127025 6.893910750547711 40
210.58718858127025 6.893910750547711 40
210.58718858127025 6.893910750547711 40
210.58718858127025 6.893910750547711 40
