214.2145524512192 15.155461659872369 40
210.37689847454695 10.220137632642954 40
212.05530709433802 5.437127745970082 40
214.02420415401775 0.5836619221141638 40
214.50748671271805 -4.270906717910856 40
210.00981283790375 -8.939715419891183 40
211.81670893057617 -13.941213821599941 40
220.48185088663845 21.47275144461286 95
218.47700367278827 16.175737731567775 95
210.057387110873 10.606589704181271 95
208.64583111062547 5.748285410133232 95
207.22302736735418 0.9041867665348967 95
207.9652811245678 -3.800242989531385 95
208.49100211865226 -8.761144934318931 95
210.01060083395336 -13.59227859344801 95
209.7686857949555 -18.41002674786858 95
215.92628923301186 -23.945774534595962 95
221.65620949415384 -29.79676648033786 95
210.37689847454695 10.220137632642954 40
210.37689847454695 10.220137632642954 40
210.37689847454695 10.220137632642954 40
210.37689847454695 10.220137632642954 40
210.37689847454695 10.220137632642954 40
210.37689847454695 10.220137632642954 40
210.37689847454695 10.220137632642954 40
210.37689847454695 10.220137632642954 40
210.37689847454695 10.220137632642954 40
210.37689847454695 10.220137632642954 40
210.37689847454695 10.220137632642954 40
210.37689847454695 10.220137632642954 40
210.37689847454695 10.220137632642954 40
210.37689847454695 10.220137632642954 40
