213.0837365521068 14.841873769586666 40
209.31952186920702 9.825490544830748 40
211.38911406466542 5.073948655226605 40
215.39987184651227 0.23496490395496625 40
214.32650334786345 -4.559669689602701 40
208.92095303607266 -9.23585445419737 40
212.15059449240653 -14.195628958185992 40
220.6889215580647 20.885533905992467 95
218.39562019818328 15.5709851406674 95
209.66913691408521 9.841901528799335 95
208.78709828470227 5.125435577008767 95
206.8998769036369 0.22569284413939011 95
208.22543619006805 -4.5434951805735135 95
208.58865601286487 -9.392155383442372 95
210.14735591599293 -14.176721289388212 95
210.1004423468515 -19.189964842524432 95
216.02736072048202 -24.61320875348726 95
209.31952186920702 9.825490544830748 40
209.31952186920702 9.825490544830748 40
209.31952186920702 9.825490544830748 40
209.31952186920702 9.825490544830748 40
209.31952186920702 9.825490544830748 40
209.31952186920702 9.825490544830748 40
209.31952186920702 9.825490544830748 40
209.31952186920702 9.825490544830748 40
209.31952186920702 9.825490544830748 40
209.31952186920702 9.825490544830748 40
209.31952186920702 9.825490544830748 40
209.31952186920702 9.825490544830748 40
209.31952186920702 9.825490544830748 40
209.31952186920702 9.825490544830748 40
209.31952186920702 9.825490544830748 40
