211.45420426546866 12.527973637322688 40
209.40800569048866 7.712953567361561 40
213.88011576642793 2.916518427747042 40
216.06727870555295 -1.8266630167863522 40
212.1651019013757 -6.829726215513189 40
209.9560333005712 -11.577551800334891 40
213.2587975722876 -16.54978120767953 40
218.28110217302833 17.418698548627628 95
209.7870497758629 11.912571986755122 95
209.4302006554827 7.084740884764189 95
208.13882353368703 2.1569974531007263 95
207.6593624544443 -2.5484917134894696 95
210.26575227688718 -7.5148798682824545 95
208.76229572987873 -12.31135681355451 95
209.44240735693052 -17.230800925481695 95
214.97206120091172 -22.535203638562148 95
217.5239707510933 -27.853404615549447 95
209.40800569048866 7.712953567361561 40
209.40800569048866 7.712953567361561 40
209.40800569048866 7.712953567361561 40
209.40800569048866 7.712953567361561 40
209.40800569048866 7.712953567361561 40
209.40800569048866 7.712953567361561 40
209.40800569048866 7.712953567361561 40
209.40800569048866 7.712953567361561 40
209.40800569048866 7.712953567361561 40
209.40800569048866 7.712953567361561 40
209.40800569048866 7.712953567361561 40
209.40800569048866 7.712953567361561 40
209.40800569048866 7.712953567361561 40
209.40800569048866 7.712953567361561 40
209.40800569048866 7.712953567361561 40
