210.520592862674 11.781446462478982 40
210.53150616444594 7.064517827131217 40
213.21101389618457 2.4421667348871408 40
214.25957459989868 -2.5710537276471745 40
210.5026362775268 -7.178491847962374 40
210.48265664598134 -12.00965762417597 40
220.46014943144579 22.199169751695656 95
218.74231036633893 16.97532490399703 95
210.09951744057895 11.24067485678074 95
209.2291043987369 6.335416127015938 95
207.3697872599611 1.47035939772578 95
208.2507132418507 -3.180575303380002 95
208.82271313639188 -7.976534545538994 95
210.32136030196438 -13.036526597651493 95
211.38745010879603 -17.97132261413382 95
217.1468969595459 -23.36204487711543 95
210.53150616444594 7.064517827131217 40
210.53150616444594 7.064517827131217 40
210.53150616444594 7.064517827131217 40
210.53150616444594 7.064517827131217 40
210.53150616444594 7.064517827131217 40
210.53150616444594 7.064517827131217 40
210.53150616444594 7.064517827131217 40
210.53150616444594 7.064517827131217 40
210.53150616444594 7.064517827131217 40
210.53150616444594 7.064517827131217 40
210.53150616444594 7.064517827131217 40
210.53150616444594 7.064517827131217 40
210.53150616444594 7.064517827131217 40
210.53150616444594 7.064517827131217 40
210.53150616444594 7.064517827131217 40
210.53150616444594 7.064517827131217 40
