212.9157480557009 13.605393411485673 40
209.20217665865954 8.505286960415091 40
213.56540270165283 3.8443164387002375 40
211.6197027002966 -5.830216894599697 40
208.78687659329884 -10.485354663272057 40
212.85524736123836 -15.584424782007252 40
220.16056657581225 20.896110284388772 95
217.97523749885985 15.839770746940678 95
209.4085642265699 10.058614644500178 95
208.65642415210704 5.349979911738215 95
207.82450541335817 0.4534034550652836 95
208.1778946220822 -4.4288616728497034 95
208.20164937765918 -9.090280326935547 95
209.78471376952197 -13.979855816128406 95
208.9063404938021 -18.79370643294235 95
215.69964260820362 -24.397126955714054 95
209.20217665865954 8.505286960415091 40
209.20217665865954 8.505286960415091 40
209.20217665865954 8.505286960415091 40
209.20217665865954 8.505286960415091 40
209.20217665865954 8.505286960415091 40
209.20217665865954 8.505286960415091 40
209.20217665865954 8.505286960415091 40
209.20217665865954 8.505286960415091 40
209.20217665865954 8.505286960415091 40
209.20217665865954 8.505286960415091 40
209.20217665865954 8.505286960415091 40
209.20217665865954 8.505286960415091 40
209.20217665865954 8.505286960415091 40
209.20217665865954 8.505286960415091 40
209.20217665865954 8.505286960415091 40
209.20217665865954 8.505286960415091 40
