210.66689055585817 10.925370635638659 40
211.11009259861422 6.161883072935523 40
213.345803263646 1.338181523433716 40
214.3472518787844 -3.4490922012840066 40
210.48533334269783 -8.32748146881019 40
210.81324401134466 -13.182441898724974 40
220.59015062160248 20.330053461285758 95
218.38329733017173 15.031481869789573 95
209.535113680102 9.492030081428227 95
208.79904912464303 4.6129800178303935 95
207.89980673232495 -0.2834795617688322 95
208.68712840283266 -5.122981454157576 95
208.56497595728848 -9.904080166057124 95
209.11036853685977 -14.679727360502591 95
211.02883889808862 -19.739089475569834 95
215.9594353975639 -25.2022397370833 95
211.11009259861422 6.161883072935523 40
211.11009259861422 6.161883072935523 40
211.11009259861422 6.161883072935523 40
211.11009259861422 6.161883072935523 40
211.11009259861422 6.161883072935523 40
211.11009259861422 6.161883072935523 40
211.11009259861422 6.161883072935523 40
211.11009259861422 6.161883072935523 40
211.11009259861422 6.161883072935523 40
211.11009259861422 6.161883072935523 40
211.11009259861422 6.161883072935523 40
211.11009259861422 6.161883072935523 40
211.11009259861422 6.161883072935523 40
211.11009259861422 6.161883072935523 40
211.11009259861422 6.161883072935523 40
211.11009259861422 6.161883072935523 40
