213.05155974108575 13.43906681621065 40
208.87975301152977 8.435121922195908 40
213.31750576161608 3.723470913394781 40
211.66808554402124 -5.889317628461315 40
208.57848841666168 -10.645969651493868 40
212.59739310247977 -15.682125845359277 40
219.77859938824935 19.59055259402865 95
218.72675820319063 14.396014932021322 95
209.56021999405476 8.92057711380703 95
209.66179272066393 4.00283314133266 95
207.04802903322806 -0.9034231874086149 95
208.9972608152952 -5.7009294596116415 95
208.61209685924564 -10.47657715996592 95
209.06955826920884 -15.249932134861544 95
210.60647295908112 -20.22113183617174 95
215.94657799361613 -25.738124987012377 95
208.87975301152977 8.435121922195908 40
208.87975301152977 8.435121922195908 40
208.87975301152977 8.435121922195908 40
208.87975301152977 8.435121922195908 40
208.87975301152977 8.435121922195908 40
208.87975301152977 8.435121922195908 40
208.87975301152977 8.435121922195908 40
208.87975301152977 8.435121922195908 40
208.87975301152977 8.435121922195908 40
208.87975301152977 8.435121922195908 40
208.87975301152977 8.435121922195908 40
208.87975301152977 8.435121922195908 40
208.87975301152977 8.435121922195908 40
208.87975301152977 8.435121922195908 40
208.87975301152977 8.435121922195908 40
208.87975301152977 8.435121922195908 40
