214.347507322823 15.399873521959204 40
210.48232624204124 10.110191132659802 40
211.9568141150368 5.37676252067552 40
213.82385505301778 0.6997394272491518 40
214.75743717497943 -4.2758833046237426 40
210.00736709958124 -8.996986378878406 40
212.0488034398566 -13.840338136225492 40
219.7394467353222 19.46626693679362 95
218.24885819198303 14.424337866802915 95
209.71731744163384 8.755384919292496 95
208.96300044977093 3.9324856044281815 95
206.97302974717405 -0.9030959392053821 95
208.90037481387748 -5.584266077248103 95
208.60923205887843 -10.53346689390581 95
209.56823342310082 -15.286306451223936 95
209.4258529401174 -20.223059123295677 95
215.833217178424 -25.844012602752986 95
210.48232624204124 10.110191132659802 40
210.48232624204124 10.110191132659802 40
210.48232624204124 10.110191132659802 40
210.48232624204124 10.110191132659802 40
210.48232624204124 10.110191132659802 40
210.48232624204124 10.110191132659802 40
210.48232624204124 10.110191132659802 40
210.48232624204124 10.110191132659802 40
210.48232624204124 10.110191132659802 40
210.48232624204124 10.110191132659802 40
210.48232624204124 10.110191132659802 40
210.48232624204124 10.110191132659802 40
210.48232624204124 10.110191132659802 40
210.48232624204124 10.110191132659802 40
210.48232624204124 10.110191132659802 40
