211.01700722503057 11.40518683719812 40
210.84626999321296 6.614599757290366 40
213.6418648626602 1.8644243092246255 40
214.6525771690956 -3.102698771306269 40
211.75212785768267 -7.914944582472328 40
210.64186503530146 -12.710441355430806 40
220.4712109650301 20.258458372077236 95
218.66174442596753 14.990735458704538 95
209.74261164484793 9.329488753329475 95
208.6277928215296 4.4384329911496945 95
207.67480694148907 -0.2831727657159395 95
208.5371735800282 -5.119300269879906 95
208.43468704974708 -10.011835969191457 95
209.3725977580732 -14.870282715405171 95
210.27672671881993 -19.726586131886215 95
215.66145756327955 -25.16746603616999 95
210.84626999321296 6.614599757290366 40
210.84626999321296 6.614599757290366 40
210.84626999321296 6.614599757290366 40
210.84626999321296 6.614599757290366 40
210.84626999321296 6.614599757290366 40
210.84626999321296 6.614599757290366 40
210.84626999321296 6.614599757290366 40
210.84626999321296 6.614599757290366 40
210.84626999321296 6.614599757290366 40
210.84626999321296 6.614599757290366 40
210.84626999321296 6.614599757290366 40
210.84626999321296 6.614599757290366 40
210.84626999321296 6.614599757290366 40
210.84626999321296 6.614599757290366 40
210.84626999321296 6.614599757290366 40
210.84626999321296 6.614599757290366 40
