213.11238663083105 13.26786680334044 40
209.09312538446608 8.101075049396206 40
213.6482720631202 3.3795664578426 40
211.5365875855106 -6.116595268415283 40
208.71357276370594 -10.938214854775127 40
212.7004609453258 -15.981361445319061 40
220.74208660276244 20.586918231209925 95
218.441587905645 15.27492383811963 95
208.6952092890674 9.79618521631534 95
208.49264754911877 4.890645965405169 95
206.69996925565474 0.11273735574468166 95
208.17166217463728 -4.712716037349827 95
208.31136867767947 -9.436593910511457 95
209.13801043224512 -14.28051880857726 95
210.20914477472192 -19.373318070996376 95
215.88971542093796 -24.716811595883918 95
209.09312538446608 8.101075049396206 40
209.09312538446608 8.101075049396206 40
209.09312538446608 8.101075049396206 40
209.09312538446608 8.101075049396206 40
209.09312538446608 8.101075049396206 40
209.09312538446608 8.101075049396206 40
209.09312538446608 8.101075049396206 40
209.09312538446608 8.101075049396206 40
209.09312538446608 8.101075049396206 40
209.09312538446608 8.101075049396206 40
209.09312538446608 8.101075049396206 40
209.09312538446608 8.101075049396206 40
209.09312538446608 8.101075049396206 40
209.09312538446608 8.101075049396206 40
209.09312538446608 8.101075049396206 40
209.09312538446608 8.101075049396206 40
