216.17011469490208 16.18277287095396 40
210.7506608481017 10.756838619614092 40
211.9130940369865 6.069643784548459 40
213.7714944262422 1.224253148285349 40
214.59231157294047 -3.745722731601016 40
210.6056596717975 -8.447291826792966 40
211.78272395157668 -13.301046411852983 40
219.82840192606676 19.594991876284148 95
218.47336839014602 14.439176024397767 95
209.6851068951239 8.925893309941518 95
209.58570737923827 4.058557298388047 95
207.82348532964843 -0.793454748173877 95
208.9972608152952 -5.7009294596116415 95
208.5400395218468 -10.415945287230391 95
209.83832280569072 -15.363537421269148 95
209.30143168718246 -20.211044473151166 95
216.74799231040157 -25.773696948829592 95
210.7506608481017 10.756838619614092 40
210.7506608481017 10.756838619614092 40
210.7506608481017 10.756838619614092 40
210.7506608481017 10.756838619614092 40
210.7506608481017 10.756838619614092 40
210.7506608481017 10.756838619614092 40
210.7506608481017 10.756838619614092 40
210.7506608481017 10.756838619614092 40
210.7506608481017 10.756838619614092 40
210.7506608481017 10.756838619614092 40
210.7506608481017 10.756838619614092 40
210.7506608481017 10.756838619614092 40
210.7506608481017 10.756838619614092 40
210.7506608481017 10.756838619614092 40
210.7506608481017 10.756838619614092 40
