212.25280388030342 12.575288066261248 40
210.26369509266277 7.572220676904041 40
213.88011576642793 2.916518427747042 40
216.0162523025493 -1.944059196978737 40
212.21507601559105 -6.831334913244435 40
210.13076784261185 -11.587187142458866 40
213.32451134581726 -16.671937022082627 40
219.5477627569253 18.785695846277477 95
213.2443541002624 13.159329175983965 95
209.5949572454703 8.063274599656806 95
208.49980792805053 3.2412526846935754 95
207.81850085370564 -1.6435716955276156 95
209.20062971428138 -6.448761675556888 95
209.7158029454008 -11.39221751749068 95
208.93503193890018 -16.04228564422021 95
213.55097428505147 -21.44462652753116 95
216.75753035635825 -26.734491463508856 95
210.26369509266277 7.572220676904041 40
210.26369509266277 7.572220676904041 40
210.26369509266277 7.572220676904041 40
210.26369509266277 7.572220676904041 40
210.26369509266277 7.572220676904041 40
210.26369509266277 7.572220676904041 40
210.26369509266277 7.572220676904041 40
210.26369509266277 7.572220676904041 40
210.26369509266277 7.572220676904041 40
210.26369509266277 7.572220676904041 40
210.26369509266277 7.572220676904041 40
210.26369509266277 7.572220676904041 40
210.26369509266277 7.572220676904041 40
210.26369509266277 7.572220676904041 40
210.26369509266277 7.572220676904041 40
