213.12341908796256 14.260723553055442 40
209.22066032076276 9.249103737335926 40
212.20074505083318 4.572340743131401 40
213.83700091094306 -5.191053979042887 40
208.88961013921434 -9.91949599964811 40
212.4602471544239 -14.798446002236378 40
219.7066708787945 18.98036870972402 95
213.48302944266365 13.34938725121116 95
208.68674041596222 8.256323307671375 95
209.47195589205322 3.427782775747758 95
207.82017006911823 -1.4168759447360655 95
209.45911994659855 -6.170864704111264 95
209.58437038946755 -11.041164497030271 95
208.94808657893137 -15.871345721248764 95
212.24996985040843 -21.138597363607477 95
216.71933393679825 -26.429830173319964 95
209.22066032076276 9.249103737335926 40
209.22066032076276 9.249103737335926 40
209.22066032076276 9.249103737335926 40
209.22066032076276 9.249103737335926 40
209.22066032076276 9.249103737335926 40
209.22066032076276 9.249103737335926 40
209.22066032076276 9.249103737335926 40
209.22066032076276 9.249103737335926 40
209.22066032076276 9.249103737335926 40
209.22066032076276 9.249103737335926 40
209.22066032076276 9.249103737335926 40
209.22066032076276 9.249103737335926 40
209.22066032076276 9.249103737335926 40
209.22066032076276 9.249103737335926 40
209.22066032076276 9.249103737335926 40
209.22066032076276 9.249103737335926 40
