211.82818910814973 11.680787608802731 40
210.7408396462375 6.7838783301889 40
213.81411513528488 2.1574971413986246 40
215.5330401195406 -2.7039076960020956 40
211.0860796779547 -7.659477214024696 40
210.48091098488877 -12.470309177054801 40
217.11091816833496 -17.623275436267914 40
219.90649165315773 19.84376296975128 95
218.7687641163449 14.518620699193411 95
209.63271075960816 8.980935618212186 95
208.60751536599733 4.210348302123286 95
207.82388718060756 -0.6801045082223448 95
209.05183744065772 -5.531264564710841 95
209.2448369469614 -10.336740832560729 95
209.07784471970734 -15.135900117334913 95
209.5612795448921 -20.120778824577847 95
216.75501293609855 -25.71458714566021 95
210.7408396462375 6.7838783301889 40
210.7408396462375 6.7838783301889 40
210.7408396462375 6.7838783301889 40
210.7408396462375 6.7838783301889 40
210.7408396462375 6.7838783301889 40
210.7408396462375 6.7838783301889 40
210.7408396462375 6.7838783301889 40
210.7408396462375 6.7838783301889 40
210.7408396462375 6.7838783301889 40
210.7408396462375 6.7838783301889 40
210.7408396462375 6.7838783301889 40
210.7408396462375 6.7838783301889 40
210.7408396462375 6.7838783301889 40
210.7408396462375 6.7838783301889 40
210.7408396462375 6.7838783301889 40
