212.17449910849982 12.628714426148251 40
209.06651794831177 7.472019336713866 40
213.88011576642793 2.916518427747042 40
215.39074097592803 -1.9971734628433455 40
212.26874535014954 -6.717169975024058 40
208.80777773858972 -11.514233837807552 40
212.71494003103544 -16.449218449306098 40
220.39903631308397 19.94880428155757 95
218.7568128851468 14.697595596997186 95
209.95247576471024 9.109358938408093 95
209.78111365526402 4.291267709803375 95
207.8992269296591 -0.5669585964644692 95
208.98277085602376 -5.301319207392384 95
209.75540572104774 -10.13260927889037 95
209.01942092956978 -14.902488861506447 95
210.57317084202674 -20.04408507601743 95
216.03806102059798 -25.3905851736501 95
209.06651794831177 7.472019336713866 40
209.06651794831177 7.472019336713866 40
209.06651794831177 7.472019336713866 40
209.06651794831177 7.472019336713866 40
209.06651794831177 7.472019336713866 40
209.06651794831177 7.472019336713866 40
209.06651794831177 7.472019336713866 40
209.06651794831177 7.472019336713866 40
209.06651794831177 7.472019336713866 40
209.06651794831177 7.472019336713866 40
209.06651794831177 7.472019336713866 40
209.06651794831177 7.472019336713866 40
209.06651794831177 7.472019336713866 40
209.06651794831177 7.472019336713866 40
209.06651794831177 7.472019336713866 40
