210.5390728183961 10.976312758394823 40
210.8118904750582 6.095640600632294 40
212.99581014837867 1.3359862408823227 40
214.2232001381701 -3.388660880275721 40
210.3626928545782 -8.26517271267789 40
210.56731422287595 -13.109416690479577 40
219.82601982511204 19.051076291103442 95
215.41065956326716 13.764819160389177 95
209.85854987590756 8.360004125669956 95
209.62099256597594 3.487402422299744 95
207.82125969825674 -1.2468530104724997 95
210.41534464044412 -5.969316530652466 95
209.593333279975 -10.86969500902954 95
209.03579055632403 -15.706014500586551 95
211.42699518150826 -20.82374146301487 95
217.0315303583693 -26.3477789444237 95
210.8118904750582 6.095640600632294 40
210.8118904750582 6.095640600632294 40
210.8118904750582 6.095640600632294 40
210.8118904750582 6.095640600632294 40
210.8118904750582 6.095640600632294 40
210.8118904750582 6.095640600632294 40
210.8118904750582 6.095640600632294 40
210.8118904750582 6.095640600632294 40
210.8118904750582 6.095640600632294 40
210.8118904750582 6.095640600632294 40
210.8118904750582 6.095640600632294 40
210.8118904750582 6.095640600632294 40
210.8118904750582 6.095640600632294 40
210.8118904750582 6.095640600632294 40
210.8118904750582 6.095640600632294 40
210.8118904750582 6.095640600632294 40
