212.43157377212924 12.934724183236948 40
208.77274957301438 7.974626055397431 40
213.32422501594334 3.3162510983307656 40
211.1782110681626 -6.394434693588549 40
208.50483683329975 -11.098333979433496 40
212.38817676598606 -16.13264919411139 40
219.59144723215704 19.151421030482005 95
216.18030684204095 13.8731956910087 95
209.7290607850758 8.469419236876794 95
209.66705583051225 3.7169475870476854 95
206.9472219730629 -1.0722954965036826 95
209.29079707407595 -5.9374140076268676 95
208.7224517201672 -10.767457820789218 95
209.67185141716686 -15.581310063582796 95
211.13410268821954 -20.73675919810926 95
216.76570286653936 -26.255524385834843 95
208.77274957301438 7.974626055397431 40
208.77274957301438 7.974626055397431 40
208.77274957301438 7.974626055397431 40
208.77274957301438 7.974626055397431 40
208.77274957301438 7.974626055397431 40
208.77274957301438 7.974626055397431 40
208.77274957301438 7.974626055397431 40
208.77274957301438 7.974626055397431 40
208.77274957301438 7.974626055397431 40
208.77274957301438 7.974626055397431 40
208.77274957301438 7.974626055397431 40
208.77274957301438 7.974626055397431 40
208.77274957301438 7.974626055397431 40
208.77274957301438 7.974626055397431 40
208.77274957301438 7.974626055397431 40
208.77274957301438 7.974626055397431 40
