212.55108771507872 14.57180878054991 40
208.7858820459657 9.458089568622741 40
211.47081686392193 4.787404297277213 40
215.15 -0.0 40
214.19511884219492 -4.8490786937307675 40
208.43365789166623 -9.499092477697278 40
211.8816217795972 -14.467860140591531 40
219.73564553158675 19.224377956564933 95
215.6352015989481 13.77916747779095 95
208.8025068286251 8.489038053982604 95
209.468092135264 3.6562791486094275 95
207.09627274634414 -1.2425033488262371 95
209.10927173862282 -6.1605578434746855 95
208.3729165139372 -10.749426192860684 95
209.6633219448883 -15.695665995239391 95
211.1227611372799 -20.851911897259093 95
216.80098438363274 -26.379787153952414 95
208.7858820459657 9.458089568622741 40
208.7858820459657 9.458089568622741 40
208.7858820459657 9.458089568622741 40
208.7858820459657 9.458089568622741 40
208.7858820459657 9.458089568622741 40
208.7858820459657 9.458089568622741 40
208.7858820459657 9.458089568622741 40
208.7858820459657 9.458089568622741 40
208.7858820459657 9.458089568622741 40
208.7858820459657 9.458089568622741 40
208.7858820459657 9.458089568622741 40
208.7858820459657 9.458089568622741 40
208.7858820459657 9.458089568622741 40
208.7858820459657 9.458089568622741 40
208.7858820459657 9.458089568622741 40
