210.54887477350795 11.264716224107636 40
210.74989381393326 6.496518869044957 40
213.16738233509778 1.8021468869775528 40
214.40426168046233 -2.9821465852354367 40
210.4301896394993 -7.808067192612765 40
210.3389405834768 -12.749733299979535 40
219.4171090070663 19.13621631831088 95
214.32403070335243 13.519332937258165 95
209.45428474069325 8.458323046833211 95
208.69419581822385 3.5858411544344557 95
207.77054980526447 -1.3598744861647956 95
209.21255892095627 -6.049395816558728 95
208.56970890064457 -10.816608946448003 95
209.55069597228922 -15.85964430651629 95
212.07955353692947 -20.82961765315596 95
216.5776317211496 -26.352610175428378 95
210.74989381393326 6.496518869044957 40
210.74989381393326 6.496518869044957 40
210.74989381393326 6.496518869044957 40
210.74989381393326 6.496518869044957 40
210.74989381393326 6.496518869044957 40
210.74989381393326 6.496518869044957 40
210.74989381393326 6.496518869044957 40
210.74989381393326 6.496518869044957 40
210.74989381393326 6.496518869044957 40
210.74989381393326 6.496518869044957 40
210.74989381393326 6.496518869044957 40
210.74989381393326 6.496518869044957 40
210.74989381393326 6.496518869044957 40
210.74989381393326 6.496518869044957 40
210.74989381393326 6.496518869044957 40
210.74989381393326 6.496518869044957 40
