212.79341538063218 13.947217308328202 40
208.56112478550145 8.878047544730686 40
213.08276907782815 4.242540173641379 40
211.93472285546335 -5.260536871644797 40
208.3570363495741 -10.065058550364611 40
212.4480691029358 -14.9722596635988 40
220.6889215580647 20.885533905992467 95
218.03001537613613 15.425401780240174 95
208.8146945587699 9.915938499588702 95
208.49130607959836 4.947503332311296 95
206.94980761546245 0.28218420062203636 95
208.22418940117322 -4.6002796897953235 95
208.5335542050579 -9.503645122066128 95
209.89016860867218 -14.274373766409727 95
210.08994459506425 -19.304553997511395 95
216.01390416657813 -24.731029734169958 95
208.56112478550145 8.878047544730686 40
208.56112478550145 8.878047544730686 40
208.56112478550145 8.878047544730686 40
208.56112478550145 8.878047544730686 40
208.56112478550145 8.878047544730686 40
208.56112478550145 8.878047544730686 40
208.56112478550145 8.878047544730686 40
208.56112478550145 8.878047544730686 40
208.56112478550145 8.878047544730686 40
208.56112478550145 8.878047544730686 40
208.56112478550145 8.878047544730686 40
208.56112478550145 8.878047544730686 40
208.56112478550145 8.878047544730686 40
208.56112478550145 8.878047544730686 40
208.56112478550145 8.878047544730686 40
208.56112478550145 8.878047544730686 40
