212.54520720020952 13.523517339065531 40
209.03420370927205 8.327165161719181 40
213.39249433875278 3.724779843877415 40
211.19165898280738 -5.933700454993529 40
208.33170544043733 -10.576412826609019 40
212.30246868908392 -15.602160540147432 40
220.79187056455825 20.59156119878613 95
218.5371686927254 15.34149682290776 95
209.52197614815418 9.777730358948652 95
208.69523149877188 4.781511233283883 95
207.04999230089888 -0.056464127684822465 95
208.472864621803 -4.662653898736249 95
208.50858012670997 -9.502506960974522 95
209.13410824817356 -14.337551821745109 95
211.2404056035964 -19.352174695058846 95
215.8942571931424 -24.896291611830026 95
209.03420370927205 8.327165161719181 40
209.03420370927205 8.327165161719181 40
209.03420370927205 8.327165161719181 40
209.03420370927205 8.327165161719181 40
209.03420370927205 8.327165161719181 40
209.03420370927205 8.327165161719181 40
209.03420370927205 8.327165161719181 40
209.03420370927205 8.327165161719181 40
209.03420370927205 8.327165161719181 40
209.03420370927205 8.327165161719181 40
209.03420370927205 8.327165161719181 40
209.03420370927205 8.327165161719181 40
209.03420370927205 8.327165161719181 40
209.03420370927205 8.327165161719181 40
209.03420370927205 8.327165161719181 40
209.03420370927205 8.327165161719181 40
