213.0446908611219 14.313815734771769 40
209.00583387945017 9.011182184135475 40
213.20420000087915 4.419457204807495 40
213.03863895568787 -5.113542011958847 40
208.6176134859101 -9.849560571081957 40
212.8302901229335 -14.882543673309224 40
220.46420974785684 21.65312553080929 95
218.64266392001824 16.307912618050246 95
209.8767983756833 10.712236161174696 95
209.12065094427044 5.761366907653019 95
207.99720787821735 1.0777359906972932 95
208.16627735245373 -3.7471286635643772 95
209.59480467832904 -8.693013105540597 95
210.40976567279193 -13.618113287852609 95
210.3963202369767 -18.40729286830514 95
216.21915668282972 -23.79919974213263 95
209.00583387945017 9.011182184135475 40
209.00583387945017 9.011182184135475 40
209.00583387945017 9.011182184135475 40
209.00583387945017 9.011182184135475 40
209.00583387945017 9.011182184135475 40
209.00583387945017 9.011182184135475 40
209.00583387945017 9.011182184135475 40
209.00583387945017 9.011182184135475 40
209.00583387945017 9.011182184135475 40
209.00583387945017 9.011182184135475 40
209.00583387945017 9.011182184135475 40
209.00583387945017 9.011182184135475 40
209.00583387945017 9.011182184135475 40
209.00583387945017 9.011182184135475 40
209.00583387945017 9.011182184135475 40
209.00583387945017 9.011182184135475 40
