210.965234137588 12.325810734903817 40
210.51966505123983 7.408989587912233 40
213.53319748331197 2.6788192460286138 40
215.21344364659043 -2.230313604818544 40
211.78464748122752 -6.990929212357591 40
209.87480352838628 -11.687893048845606 40
216.24521995755126 -16.840868312241923 40
219.9616939120677 19.788272065388988 95
216.20332083094263 14.289145764267783 95
209.805091370385 9.04564177183742 95
209.90953013920952 4.122093732108053 95
208.22348241436808 -0.7949819075623851 95
209.7000891330597 -5.605643815550822 95
209.8690757206695 -10.367578364877868 95
210.2705534005817 -15.279888664945261 95
213.45457224442544 -20.37710020953329 95
217.20187930110257 -25.767600840382368 95
210.51966505123983 7.408989587912233 40
210.51966505123983 7.408989587912233 40
210.51966505123983 7.408989587912233 40
210.51966505123983 7.408989587912233 40
210.51966505123983 7.408989587912233 40
210.51966505123983 7.408989587912233 40
210.51966505123983 7.408989587912233 40
210.51966505123983 7.408989587912233 40
210.51966505123983 7.408989587912233 40
210.51966505123983 7.408989587912233 40
210.51966505123983 7.408989587912233 40
210.51966505123983 7.408989587912233 40
210.51966505123983 7.408989587912233 40
210.51966505123983 7.408989587912233 40
210.51966505123983 7.408989587912233 40
