212.60583821162504 14.866848466716757 40
208.64526428265626 9.793840790033574 40
211.38489220654589 5.246889252402611 40
213.92659383724353 -4.551161851114547 40
208.47139210903748 -9.215980529490455 40
211.85126384762006 -14.175599852072049 40
218.9634603469778 17.35296899315714 95
210.57372057153506 11.726815623223022 95
208.96675859159168 6.726769560750922 95
208.54103542492936 1.9336607505865502 95
208.18216300090825 -2.7252537979542106 95
209.7390352070941 -7.553326114854352 95
210.40263490752312 -12.5232523320233 95
211.55072786285632 -17.52042139035778 95
216.50741662167312 -22.755846453368058 95
220.1541677638442 -28.373280409729354 95
208.64526428265626 9.793840790033574 40
208.64526428265626 9.793840790033574 40
208.64526428265626 9.793840790033574 40
208.64526428265626 9.793840790033574 40
208.64526428265626 9.793840790033574 40
208.64526428265626 9.793840790033574 40
208.64526428265626 9.793840790033574 40
208.64526428265626 9.793840790033574 40
208.64526428265626 9.793840790033574 40
208.64526428265626 9.793840790033574 40
208.64526428265626 9.793840790033574 40
208.64526428265626 9.793840790033574 40
208.64526428265626 9.793840790033574 40
208.64526428265626 9.793840790033574 40
208.64526428265626 9.793840790033574 40
208.64526428265626 9.793840790033574 40
