212.4762633471903 14.566679066123347 40
208.6360357191385 9.451301466060674 40
212.74549026660011 4.816261124975937 40
211.9666919041089 -4.972137189235269 40
208.1261390446965 -9.65571055633214 40
212.07322718118434 -14.597155132345799 40
220.1944070581378 19.143503475464176 95
213.12641097416025 13.443788352742748 95
210.10835174458504 8.369955326866272 95
208.84609979593716 3.4745107605911727 95
208.09554284430527 -1.3620015910049625 95
211.00674458855687 -6.27405276830879 95
210.16158558910007 -11.014101991327788 95
210.35274822877767 -15.86265465174311 95
215.80000354758022 -21.313867993969666 95
219.0199422608617 -26.771017762662638 95
208.6360357191385 9.451301466060674 40
208.6360357191385 9.451301466060674 40
208.6360357191385 9.451301466060674 40
208.6360357191385 9.451301466060674 40
208.6360357191385 9.451301466060674 40
208.6360357191385 9.451301466060674 40
208.6360357191385 9.451301466060674 40
208.6360357191385 9.451301466060674 40
208.6360357191385 9.451301466060674 40
208.6360357191385 9.451301466060674 40
208.6360357191385 9.451301466060674 40
208.6360357191385 9.451301466060674 40
208.6360357191385 9.451301466060674 40
208.6360357191385 9.451301466060674 40
208.6360357191385 9.451301466060674 40
208.6360357191385 9.451301466060674 40
