212.6726387904069 15.337839969341328 40
209.9967446671375 10.316478527339322 40
212.08029888067796 5.437768538869071 40
214.97364905086084 0.7621277828061144 40
213.93260064951687 -4.259460568468283 40
208.48619264485995 -8.874857827049132 40
210.9511390455797 -13.768694032932157 40
220.1341234108235 19.25924025366365 95
213.41844141220707 13.579078215561157 95
210.02415927679175 8.596075853365269 95
209.91701655515521 3.7213788550341333 95
208.0722068714427 -1.0781245974223794 95
210.8868591416567 -6.097808324885003 95
210.22634336465066 -10.730077144550092 95
209.1853689395486 -15.717253151391763 95
214.20010688001162 -20.978914118504836 95
217.60953546299714 -26.357732747309417 95
209.9967446671375 10.316478527339322 40
209.9967446671375 10.316478527339322 40
209.9967446671375 10.316478527339322 40
209.9967446671375 10.316478527339322 40
209.9967446671375 10.316478527339322 40
209.9967446671375 10.316478527339322 40
209.9967446671375 10.316478527339322 40
209.9967446671375 10.316478527339322 40
209.9967446671375 10.316478527339322 40
209.9967446671375 10.316478527339322 40
209.9967446671375 10.316478527339322 40
209.9967446671375 10.316478527339322 40
209.9967446671375 10.316478527339322 40
209.9967446671375 10.316478527339322 40
209.9967446671375 10.316478527339322 40
