210.5177359432962 11.37820189259349 40
210.79987007521237 6.4980594236736025 40
213.0423868018885 1.8010901572439515 40
214.10429069525009 -2.97797429200613 40
210.35736195584758 -7.747920429155597 40
210.69867703027558 -12.598536529757093 40
220.29962557042737 20.485054882267285 95
219.1689930734919 15.265728778923782 95
210.1462966968674 9.806865431531412 95
209.94224879076933 4.9246494976509405 95
208.27499225534757 0.056798194613468266 95
210.52106021094605 -4.765903131540524 95
208.9029415618673 -9.634657845458802 95
210.2026530263462 -14.468402146937631 95
211.85218167135054 -19.524743816221708 95
217.41604643840543 -25.01170228299414 95
210.79987007521237 6.4980594236736025 40
210.79987007521237 6.4980594236736025 40
210.79987007521237 6.4980594236736025 40
210.79987007521237 6.4980594236736025 40
210.79987007521237 6.4980594236736025 40
210.79987007521237 6.4980594236736025 40
210.79987007521237 6.4980594236736025 40
210.79987007521237 6.4980594236736025 40
210.79987007521237 6.4980594236736025 40
210.79987007521237 6.4980594236736025 40
210.79987007521237 6.4980594236736025 40
210.79987007521237 6.4980594236736025 40
210.79987007521237 6.4980594236736025 40
210.79987007521237 6.4980594236736025 40
210.79987007521237 6.4980594236736025 40
210.79987007521237 6.4980594236736025 40
